IONEX/Новая папка/carg1680.22i
     1.0            IONOSPHERE MAPS     MIX                 IONEX VERSION / TYPE
BDSMART-IONO1.0     AIR/CAS             2022-06-18 13:05:39 PGM / RUN BY / DATE
Global ionospheric map for day 168 2022                     DESCRIPTION
Contact address: Li Zishen                                  DESCRIPTION
                Chinese Academy of Sciences                 DESCRIPTION
                Aerospace Information Research Institute    DESCRIPTION
                No. 9, Dengzhuang South Road                DESCRIPTION
                Beijing 100094, China                       DESCRIPTION
                Email:lizishen@aircas.ac.cn                 DESCRIPTION
  2022     6    17     0     0  0.00                        EPOCH OF FIRST MAP
  2022     6    18     0     0  0.00                        EPOCH OF LAST MAP
  1800.0                                                    INTERVAL
    49                                                      # OF MAPS IN FILE
  COSZ                                                      MAPPING FUNCTION
     0.0                                                    ELEVATION CUTOFF
TEC is obtained by adjusted uncombined raw observation      OBSERVABLES USED
  6371.0                                                    BASE RADIUS 
     2                                                      MAP DIMENSION
   450.0 450.0   0.0                                        HGT1 / HGT2 / DHGT
    87.5 -87.5  -2.5                                        LAT1 / LAT2 / DLAT
  -180.0 180.0   5.0                                        LON1 / LON2 / DLON
    -1                                                      EXPONENT
TEC values in 0.1 tec units;  9999, if no value available   COMMENT
DCB values in nanoseconds, reference is Sum_of_SatDCBs = 0  COMMENT
                                                            END OF HEADER
[from data line 1716]
     5                                                      START OF TEC MAP
  2022     6    17     2     0     0                        EPOCH OF CURRENT MAP
    87.5-180.0 180.0   5.0 450.0                            LAT/LON1/LON2/DLON/H
  192  193  193  193  193  193  193  193  193  192  192  191  191  190  189  189
  188  187  186  185  184  183  182  181  180  178  177  176  175  174  173  172
  172  171  170  169  169  168  168  168  168  168  168  168  168  168  168  169
  169  170  171  171  172  173  174  175  176  177  178  180  181  182  183  184
  185  186  187  188  189  190  191  192  192
    85.0-180.0 180.0   5.0 450.0                            LAT/LON1/LON2/DLON/H
  199  200  200  200  200  200  200  199  198  197  196  195  194  193  192  190
  189  187  186  184  182  181  179  177  175  172  170  168  166  164  162  161
  159  158  157  156  155  154  153  153  153  153  153  153  153  154  154  155
  156  157  158  159  161  162  164  166  168  170  172  174  176  178  181  183
  185  187  189  191  193  195  196  198  199
    82.5-180.0 180.0   5.0 450.0                            LAT/LON1/LON2/DLON/H
  202  203  204  204  203  202  201  200  198  196  195  193  191  190  188  187
  186  184  183  181  179  177  174  172  169  166  162  159  156  154  151  149
  147  145  144  142  141  141  140  140  140  140  140  141  141  142  143  144
  145  146  147  149  151  152  155  157  159  162  164  167  170  173  176  179
  182  186  189  192  194  197  199  201  202
    80.0-180.0 180.0   5.0 450.0                            LAT/LON1/LON2/DLON/H
  203  204  205  204  203  202  199  197  194  191  188  185  183  182  181  180
  179  179  178  177  176  173  171  167  163  159  155  151  147  143  140  138
  136  134  133  132  132  131  131  131  132  132  132  133  134  135  136  137
  138  139  141  142  144  146  148  150  153  155  158  161  164  168  171  175
  178  182  186  190  193  196  199  201  203
    77.5-180.0 180.0   5.0 450.0                            LAT/LON1/LON2/DLON/H
  203  204  204  204  202  200  196  192  187  183  178  175  172  171  170  171
  172  173  174  174  173  171  168  164  159  154  148  143  139  135  132  129
  128  127  126  126  127  127  127  128  128  129  130  131  132  133  134  135
  137  138  140  142  144  146  147  149  152  154  156  159  162  165  168  171
  175  179  183  187  191  194  198  200  203
    75.0-180.0 180.0   5.0 450.0                            LAT/LON1/LON2/DLON/H
  200  202  203  203  201  198  193  188  182  175  169  165  161  160  160  162
  164  167  170  172  172  171  167  162  156  149  143  136  131  128  125  124
  123  124  124  125  126  127  128  129  130  131  132  133  135  136  138  140
  141  143  145  147  149  151  153  154  156  158  160  162  164  166  168  171
  174  177  181  184  188  191  195  198  200
    72.5-180.0 180.0   5.0 450.0                            LAT/LON1/LON2/DLON/H
  197  199  201  201  200  197  193  187  179  171  164  157  153  151  151  154
  158  163  167  170  171  170  166  160  152  144  137  130  125  122  121  121
  123  124  126  128  130  131  132  133  134  136  137  139  141  143  145  148
  150  152  155  157  159  161  163  164  166  167  168  169  170  171  172  174
  176  178  180  183  186  188  191  194  197
    70.0-180.0 180.0   5.0 450.0                            LAT/LON1/LON2/DLON/H
  192  194  197  198  199  198  194  188  181  172  163  155  149  146  146  148
  153  159  164  168  169  167  163  156  147  138  130  124  120  119  119  121
  124  127  130  132  134  135  136  138  139  141  143  146  149  152  155  158
  161  164  166  169  171  173  175  177  178  178  179  179  179  179  179  180
  180  181  182  183  185  186  188  190  192
    67.5-180.0 180.0   5.0 450.0                            LAT/LON1/LON2/DLON/H
  187  189  191  194  197  198  196  192  185  177  167  158  151  147  145  146
  150  155  159  163  164  161  156  149  140  131  124  119  116  117  119  123
  127  130  133  136  137  138  139  141  143  145  148  152  156  160  163  167
  171  174  177  180  182  185  187  188  189  189  189  189  188  187  187  187
  186  187  187  187  186  186  185  186  187
    65.0-180.0 180.0   5.0 450.0                            LAT/LON1/LON2/DLON/H
  183  183  186  189  193  197  198  196  192  184  176  167  159  153  149  148
  149  151  153  155  155  152  147  140  132  125  119  115  114  116  120  125
  129  133  135  137  138  138  139  141  144  147  151  156  160  165  170  174
  178  182  185  187  190  192  194  196  197  197  197  196  195  194  193  193
  193  193  193  192  191  189  186  184  183
    62.5-180.0 180.0   5.0 450.0                            LAT/LON1/LON2/DLON/H
  183  181  182  185  190  195  198  199  197  193  186  178  170  163  157  152
  149  148  147  146  144  142  137  132  126  120  117  115  116  119  123  127
  131  133  135  135  135  136  137  139  143  147  152  157  163  168  174  179
  183  186  189  191  193  195  197  199  200  200  200  199  198  197  197  197
  198  199  200  200  199  196  192  187  183
    60.0-180.0 180.0   5.0 450.0                            LAT/LON1/LON2/DLON/H
  191  186  184  185  189  194  199  201  201  199  195  190  183  176  168  161
  154  147  142  138  135  133  130  127  124  122  120  120  122  124  127  130
  132  132  132  131  131  131  133  136  140  145  150  156  162  169  175  180
  184  187  190  191  193  194  196  198  199  199  199  198  198  197  197  199
  201  204  208  210  211  209  204  197  191
    57.5-180.0 180.0   5.0 450.0                            LAT/LON1/LON2/DLON/H
  207  199  195  193  194  197  201  203  204  204  202  200  196  190  182  173
  162  151  142  135  132  130  130  130  130  131  131  132  132  133  133  133
  132  130  128  127  126  127  130  133  137  142  147  152  159  166  174  180
  184  187  189  190  191  192  193  194  195  195  195  194  194  194  195  198
  202  208  215  221  225  226  222  215  207
    55.0-180.0 180.0   5.0 450.0                            LAT/LON1/LON2/DLON/H
  231  222  215  210  208  207  207  207  207  207  207  207  207  204  198  187
  174  160  148  140  136  136  138  141  145  147  149  149  147  145  141  137
  133  129  126  123  123  125  127  131  134  138  142  148  154  163  171  179
  185  188  189  190  190  190  190  191  191  191  191  190  190  191  193  196
  202  210  220  231  240  245  244  239  231
    52.5-180.0 180.0   5.0 450.0                            LAT/LON1/LON2/DLON/H
  259  251  243  236  231  226  221  216  212  210  210  213  216  216  213  204
  191  176  163  154  150  151  156  162  167  170  171  169  164  158  150  143
  136  130  126  123  123  125  128  131  133  135  137  142  149  159  170  180
  187  191  193  193  192  192  191  191  190  190  189  189  189  190  191  195
  201  211  224  239  253  263  267  265  259
    50.0-180.0 180.0   5.0 450.0                            LAT/LON1/LON2/DLON/H
  287  282  276  269  261  252  242  231  222  216  215  217  222  227  227  221
  210  196  184  176  173  175  181  187  193  196  195  190  182  171  160  150
  141  134  129  126  126  128  130  132  132  131  132  136  145  157  170  183
  192  198  200  200  199  199  198  197  195  193  192  191  191  192  193  195
  201  211  226  243  261  276  286  289  287
    47.5-180.0 180.0   5.0 450.0                            LAT/LON1/LON2/DLON/H
  309  309  307  302  293  282  268  253  239  228  222  223  228  235  239  238
  230  219  209  202  201  204  209  214  218  219  216  208  196  183  169  158
  149  141  136  133  132  133  135  134  132  129  129  132  142  157  173  188
  200  207  210  211  211  211  210  208  205  202  199  198  198  198  198  199
  203  212  226  244  265  283  297  305  309
    45.0-180.0 180.0   5.0 450.0                            LAT/LON1/LON2/DLON/H
  320  327  330  329  323  312  296  278  260  245  235  231  235  243  250  252
  249  242  234  229  228  231  234  238  239  237  231  221  208  193  179  168
  159  152  146  142  140  140  140  138  134  129  127  131  143  159  178  196
  209  217  222  224  226  227  226  224  220  215  211  209  208  208  207  207
  209  215  227  244  263  282  298  311  320
    42.5-180.0 180.0   5.0 450.0                            LAT/LON1/LON2/DLON/H
  321  333  342  347  344  336  322  305  286  267  252  244  244  251  259  265
  265  261  255  252  251  253  254  254  251  247  240  229  216  201  189  180
  173  166  159  153  150  149  148  144  138  132  129  134  146  165  185  203
  217  226  232  236  240  243  243  240  235  229  224  221  220  219  218  217
  218  222  230  243  259  276  292  307  321
    40.0-180.0 180.0   5.0 450.0                            LAT/LON1/LON2/DLON/H
  314  331  345  354  356  351  341  328  311  293  275  262  258  261  269  276
  277  274  270  267  266  266  265  261  256  251  243  233  221  210  200  194
  188  181  173  165  161  159  157  153  145  138  135  140  153  172  191  209
  222  231  238  245  251  256  258  255  249  242  236  232  231  231  231  230
  230  233  239  248  258  270  283  298  314
    37.5-180.0 180.0   5.0 450.0                            LAT/LON1/LON2/DLON/H
  307  326  343  354  359  358  354  346  335  319  301  284  275  275  280  286
  286  283  277  273  272  271  268  262  256  250  244  236  227  219  213  209
  205  197  187  177  172  170  169  164  156  147  144  149  162  179  196  211
  222  231  239  248  257  264  267  266  259  252  246  242  242  242  243  244
  246  249  254  259  265  271  279  291  307
    35.0-180.0 180.0   5.0 450.0                            LAT/LON1/LON2/DLON/H
  308  326  343  355  360  361  361  361  356  345  327  309  296  292  295  297
  295  287  279  274  272  270  267  261  254  249  245  241  235  230  227  225
  221  212  199  188  183  183  183  178  168  158  154  158  169  183  197  208
  217  225  234  245  257  266  271  270  265  258  253  250  250  251  254  258
  263  270  276  279  281  282  285  293  308
    32.5-180.0 180.0   5.0 450.0                            LAT/LON1/LON2/DLON/H
  322  339  355  364  367  368  370  374  375  368  353  335  320  313  312  311
  304  292  279  271  268  267  265  260  255  251  250  248  245  242  240  239
  235  223  209  197  193  195  197  192  180  168  162  164  172  183  192  200
  207  215  225  238  252  263  270  270  266  261  257  256  257  260  264  272
  283  294  303  308  308  305  305  310  322
    30.0-180.0 180.0   5.0 450.0                            LAT/LON1/LON2/DLON/H
  353  369  382  388  387  384  385  390  394  390  377  360  345  337  333  327
  315  298  280  269  266  267  266  263  260  258  258  258  255  252  250  249
  243  229  213  201  200  206  209  203  189  173  165  164  169  176  182  187
  194  203  215  229  245  257  265  267  264  261  260  261  264  268  275  286
  302  319  333  341  343  340  338  342  353
    27.5-180.0 180.0   5.0 450.0                            LAT/LON1/LON2/DLON/H
  398  413  425  428  422  415  411  413  415  411  399  382  368  359  354  345
  329  307  285  272  268  271  272  271  269  268  268  267  263  258  254  251
  243  228  211  200  202  211  215  208  190  171  159  156  159  162  166  172
  180  191  205  221  237  251  259  262  262  261  263  266  271  276  285  300
  320  342  362  375  380  380  380  386  398
    25.0-180.0 180.0   5.0 450.0                            LAT/LON1/LON2/DLON/H
  447  464  476  479  471  459  450  445  441  432  417  400  387  378  372  362
  343  318  295  280  276  279  282  281  278  276  274  270  263  255  248  243
  233  217  200  192  197  208  213  203  182  159  145  140  140  143  147  154
  166  181  198  216  233  247  256  260  261  263  267  273  279  286  296  313
  336  362  386  403  412  418  423  432  447
    22.5-180.0 180.0   5.0 450.0                            LAT/LON1/LON2/DLON/H
  490  510  526  531  525  511  496  483  469  452  432  413  399  391  384  374
  355  331  307  291  286  289  291  289  284  278  273  265  253  241  231  224
  214  198  183  176  183  196  201  189  164  139  123  117  117  120  126  138
  155  175  196  215  232  246  256  261  264  268  274  282  290  297  308  326
  350  377  402  422  436  446  457  471  490
    20.0-180.0 180.0   5.0 450.0                            LAT/LON1/LON2/DLON/H
  518  542  563  574  572  561  544  523  498  471  443  421  405  396  388  377
  361  340  319  303  296  296  296  290  281  271  260  247  231  216  204  196
  187  173  159  154  163  176  179  165  139  114   98   92   92   96  105  123
  147  173  197  218  236  250  260  267  271  276  283  292  301  310  322  339
  362  387  411  430  446  461  476  495  518
    17.5-180.0 180.0   5.0 450.0                            LAT/LON1/LON2/DLON/H
  526  553  578  596  603  598  582  557  523  486  450  422  403  390  381  371
  359  343  325  310  301  296  291  281  266  251  235  219  200  182  170  163
  156  144  132  128  137  149  151  136  111   88   74   69   69   74   87  110
  141  172  200  223  241  257  268  277  283  288  295  304  313  324  336  353
  374  395  415  431  446  462  480  501  526
    15.0-180.0 180.0   5.0 450.0                            LAT/LON1/LON2/DLON/H
  515  541  568  593  610  614  604  578  539  495  453  419  395  377  364  354
  346  337  325  310  297  287  275  259  240  220  201  182  162  144  133  130
  126  118  107  103  111  121  122  108   86   67   57   52   52   57   73  100
  135  171  203  228  248  265  279  290  297  303  309  316  326  338  352  369
  387  404  417  428  440  454  472  492  515
    12.5-180.0 180.0   5.0 450.0                            LAT/LON1/LON2/DLON/H
  494  515  540  568  592  606  604  583  544  497  451  413  383  358  339  328
  325  323  316  302  285  268  250  229  206  183  163  144  124  108  100  101
  102   97   88   83   88   96   97   86   69   55   48   44   42   46   62   91
  130  169  203  230  252  271  288  303  313  319  323  329  339  353  369  387
  403  416  423  428  435  445  459  476  494
    10.0-180.0 180.0   5.0 450.0                            LAT/LON1/LON2/DLON/H
  473  486  504  529  557  579  586  572  538  493  447  406  371  338  312  299
  299  302  299  286  264  242  219  195  170  147  128  110   93   80   76   81
   87   85   77   71   73   79   79   72   61   54   49   45   40   41   55   84
  123  164  200  229  253  275  295  314  327  334  338  343  353  368  386  405
  421  432  436  436  437  443  452  463  473
     7.5-180.0 180.0   5.0 450.0                            LAT/LON1/LON2/DLON/H
  464  466  473  491  516  542  556  550  524  485  443  402  361  321  288  272
  272  280  280  265  240  214  188  163  139  118  101   87   73   63   63   72
   82   82   75   67   66   70   72   68   64   61   58   52   43   40   51   77
  115  155  192  223  249  273  297  320  338  348  353  357  366  382  402  424
  441  452  455  452  450  452  458  462  464
     5.0-180.0 180.0   5.0 450.0                            LAT/LON1/LON2/DLON/H
  473  464  460  466  484  507  525  526  509  478  441  401  358  312  272  252
  252  261  261  245  217  188  162  139  118  100   87   75   64   58   61   73
   85   88   80   70   67   69   72   72   72   73   70   61   49   42   48   71
  105  144  182  214  240  265  292  319  343  358  365  370  379  395  416  439
  459  472  477  476  473  474  477  478  473
     2.5-180.0 180.0   5.0 450.0                            LAT/LON1/LON2/DLON/H
  499  484  468  462  469  486  502  508  497  474  444  407  362  312  268  244
  241  248  247  229  200  170  146  126  108   94   84   75   66   61   66   80
   93   96   88   77   71   73   76   80   83   85   82   70   55   45   48   66
   96  133  169  201  228  252  280  311  340  361  373  380  389  405  425  448
  471  488  497  499  499  501  506  507  499
