IONEX/Новая папка/carg1680.22i
     1.0            IONOSPHERE MAPS     MIX                 IONEX VERSION / TYPE
BDSMART-IONO1.0     AIR/CAS             2022-06-18 13:05:39 PGM / RUN BY / DATE
Global ionospheric map for day 168 2022                     DESCRIPTION
Contact address: Li Zishen                                  DESCRIPTION
                Chinese Academy of Sciences                 DESCRIPTION
                Aerospace Information Research Institute    DESCRIPTION
                No. 9, Dengzhuang South Road                DESCRIPTION
                Beijing 100094, China                       DESCRIPTION
                Email:lizishen@aircas.ac.cn                 DESCRIPTION
  2022     6    17     0     0  0.00                        EPOCH OF FIRST MAP
  2022     6    18     0     0  0.00                        EPOCH OF LAST MAP
  1800.0                                                    INTERVAL
    49                                                      # OF MAPS IN FILE
  COSZ                                                      MAPPING FUNCTION
     0.0                                                    ELEVATION CUTOFF
TEC is obtained by adjusted uncombined raw observation      OBSERVABLES USED
  6371.0                                                    BASE RADIUS 
     2                                                      MAP DIMENSION
   450.0 450.0   0.0                                        HGT1 / HGT2 / DHGT
    87.5 -87.5  -2.5                                        LAT1 / LAT2 / DLAT
  -180.0 180.0   5.0                                        LON1 / LON2 / DLON
    -1                                                      EXPONENT
TEC values in 0.1 tec units;  9999, if no value available   COMMENT
DCB values in nanoseconds, reference is Sum_of_SatDCBs = 0  COMMENT
                                                            END OF HEADER
[from data line 11154]
    27                                                      START OF TEC MAP
  2022     6    17    13     0     0                        EPOCH OF CURRENT MAP
    87.5-180.0 180.0   5.0 450.0                            LAT/LON1/LON2/DLON/H
  143  143  144  144  145  145  146  146  147  147  147  148  148  149  149  149
  149  150  150  150  150  150  150  150  150  150  150  150  149  149  149  148
  148  147  146  146  145  144  143  143  142  141  141  140  139  139  138  138
  137  137  137  136  136  136  136  136  136  136  137  137  137  138  138  138
  139  139  140  140  141  141  142  142  143
    85.0-180.0 180.0   5.0 450.0                            LAT/LON1/LON2/DLON/H
  145  146  147  147  148  149  149  150  150  151  151  151  152  152  153  154
  154  155  156  156  157  157  158  158  159  159  159  159  158  158  157  156
  155  154  153  151  150  148  147  145  144  142  141  140  139  138  137  136
  135  135  135  134  134  134  134  134  135  135  135  136  136  136  137  138
  138  139  140  141  142  143  143  144  145
    82.5-180.0 180.0   5.0 450.0                            LAT/LON1/LON2/DLON/H
  148  149  150  151  151  152  152  152  152  152  152  152  152  153  153  154
  155  156  157  159  160  162  163  164  166  166  167  167  168  167  167  166
  164  163  161  159  157  155  153  150  148  146  144  143  141  140  140  139
  139  138  138  138  138  139  139  139  139  139  139  139  139  139  140  140
  141  141  142  143  144  145  146  147  148
    80.0-180.0 180.0   5.0 450.0                            LAT/LON1/LON2/DLON/H
  151  152  153  153  154  153  153  152  152  151  150  150  150  150  150  151
  152  154  156  158  160  163  165  168  170  172  173  174  175  175  175  174
  173  172  170  167  165  162  160  157  155  153  151  149  148  147  147  147
  147  148  148  149  149  150  150  150  150  149  149  148  147  146  145  144
  144  144  144  145  146  147  148  150  151
    77.5-180.0 180.0   5.0 450.0                            LAT/LON1/LON2/DLON/H
  152  153  154  155  155  154  153  152  151  149  147  146  145  145  145  146
  147  149  152  155  158  161  165  168  171  174  176  178  180  181  181  181
  180  179  177  175  173  170  167  165  163  161  159  158  157  157  158  159
  160  161  162  164  165  165  166  165  165  163  161  159  157  154  152  149
  147  146  145  145  146  147  148  150  152
    75.0-180.0 180.0   5.0 450.0                            LAT/LON1/LON2/DLON/H
  150  152  154  155  155  154  153  151  149  147  145  143  142  141  141  141
  143  145  147  151  154  158  162  166  170  173  176  179  182  183  184  185
  185  184  183  181  179  177  174  172  170  169  168  168  168  169  170  172
  174  176  178  180  181  182  182  182  181  178  175  171  167  162  158  153
  150  147  145  144  144  145  146  148  150
    72.5-180.0 180.0   5.0 450.0                            LAT/LON1/LON2/DLON/H
  147  150  152  153  154  154  153  151  149  147  145  142  141  140  139  139
  140  142  144  147  151  155  159  163  167  171  174  178  181  183  185  186
  187  187  187  186  184  182  180  179  177  176  176  176  177  179  181  183
  186  188  191  193  195  196  196  196  194  191  187  182  176  170  163  157
  151  147  143  141  141  141  143  145  147
    70.0-180.0 180.0   5.0 450.0                            LAT/LON1/LON2/DLON/H
  143  146  148  150  151  152  152  151  150  148  146  145  143  142  141  141
  141  142  144  146  149  152  156  160  164  168  172  175  179  182  184  187
  188  189  189  188  187  186  185  184  183  182  182  183  185  187  189  191
  194  196  198  200  202  203  204  204  202  199  195  189  183  175  168  160
  153  147  142  139  137  137  138  140  143
    67.5-180.0 180.0   5.0 450.0                            LAT/LON1/LON2/DLON/H
  139  141  144  146  148  149  150  150  150  150  149  149  148  147  146  145
  145  145  145  147  148  151  154  157  161  165  169  173  177  180  184  186
  188  190  190  190  190  189  188  187  186  186  187  188  189  191  193  195
  197  199  200  202  203  205  205  205  204  202  198  193  187  180  172  164
  156  149  144  139  136  135  135  137  139
    65.0-180.0 180.0   5.0 450.0                            LAT/LON1/LON2/DLON/H
  136  137  139  141  143  145  147  149  150  151  152  153  153  153  152  151
  150  149  148  148  149  150  153  156  159  163  167  172  176  180  183  186
  189  190  191  192  192  191  190  190  189  189  190  191  192  193  195  196
  197  197  198  199  200  201  202  203  202  201  199  195  190  184  177  170
  162  155  149  143  139  137  135  135  136
    62.5-180.0 180.0   5.0 450.0                            LAT/LON1/LON2/DLON/H
  135  135  136  137  138  140  142  145  148  151  153  155  156  157  156  155
  154  152  151  150  149  150  152  154  158  162  166  171  176  180  184  187
  190  192  193  193  193  193  193  192  192  192  192  193  194  195  195  195
  195  195  195  195  196  197  198  199  200  200  199  197  194  189  184  178
  171  164  158  152  146  142  138  136  135
    60.0-180.0 180.0   5.0 450.0                            LAT/LON1/LON2/DLON/H
  137  134  133  133  133  134  136  139  143  147  151  154  156  158  158  157
  156  154  152  150  150  150  151  154  157  162  166  172  177  182  186  189
  192  193  194  195  195  195  195  195  194  194  195  195  196  196  196  196
  195  195  194  194  195  196  198  199  200  201  201  200  199  196  193  188
  183  177  170  163  156  150  144  140  137
    57.5-180.0 180.0   5.0 450.0                            LAT/LON1/LON2/DLON/H
  140  136  133  131  129  129  130  132  136  140  145  149  153  155  156  156
  156  154  152  150  149  149  151  153  157  162  167  173  178  184  188  192
  194  196  197  197  198  198  198  198  198  199  199  199  200  200  200  200
  199  198  198  199  201  202  204  205  206  207  207  207  206  205  203  199
  195  189  183  176  168  160  152  146  140
    55.0-180.0 180.0   5.0 450.0                            LAT/LON1/LON2/DLON/H
  145  139  135  131  128  126  125  126  129  133  138  143  147  150  152  153
  153  153  151  150  149  149  151  153  157  162  168  174  180  186  191  195
  197  199  199  200  201  202  203  204  204  205  205  206  207  207  207  207
  206  207  208  210  212  215  217  218  218  218  217  217  216  215  213  210
  206  201  194  187  179  169  160  152  145
    52.5-180.0 180.0   5.0 450.0                            LAT/LON1/LON2/DLON/H
  150  144  138  134  129  125  123  123  124  128  132  136  140  144  147  149
  151  151  151  150  150  150  152  154  158  164  170  176  183  190  195  199
  201  203  203  204  206  207  209  211  213  214  215  216  216  217  216  216
  217  218  221  224  228  232  234  234  233  231  230  228  227  225  223  219
  214  209  203  195  187  177  167  157  150
    50.0-180.0 180.0   5.0 450.0                            LAT/LON1/LON2/DLON/H
  154  148  143  139  134  129  125  123  124  126  129  133  137  141  144  147
  150  151  152  152  153  154  156  158  162  167  173  181  188  195  201  205
  207  209  210  211  213  216  219  221  224  226  228  229  229  229  228  228
  229  231  234  239  245  249  251  251  248  245  242  239  237  234  230  224
  219  213  207  200  191  181  171  161  154
    47.5-180.0 180.0   5.0 450.0                            LAT/LON1/LON2/DLON/H
  156  152  148  144  140  135  131  128  128  129  131  134  137  141  145  148
  151  153  155  157  159  161  162  165  169  174  180  188  196  203  209  213
  216  218  220  222  225  229  232  236  240  243  245  246  245  244  242  240
  240  242  246  252  257  262  264  263  259  255  251  248  244  240  234  227
  220  214  208  201  193  183  172  163  156
    45.0-180.0 180.0   5.0 450.0                            LAT/LON1/LON2/DLON/H
  157  153  152  150  146  142  138  136  136  136  138  140  143  146  150  153
  156  159  162  165  168  170  173  175  179  184  190  198  206  214  220  225
  229  232  235  238  243  247  251  256  261  265  267  267  264  260  256  252
  251  251  254  259  264  269  270  268  265  260  256  252  248  243  236  228
  220  213  207  201  193  183  172  163  157
    42.5-180.0 180.0   5.0 450.0                            LAT/LON1/LON2/DLON/H
  156  153  153  153  151  148  146  145  144  145  146  148  151  155  159  162
  165  168  171  176  180  183  186  188  192  197  204  212  220  228  235  240
  244  249  254  260  266  271  276  281  286  291  293  291  286  279  272  266
  261  259  260  264  267  270  271  269  264  260  256  253  249  244  237  228
  219  212  207  202  194  184  172  162  156
    40.0-180.0 180.0   5.0 450.0                            LAT/LON1/LON2/DLON/H
  154  152  152  152  152  151  150  151  151  153  154  157  161  166  170  174
  176  179  183  189  195  199  201  203  207  212  220  228  236  244  251  257
  263  269  277  286  294  301  306  311  316  321  322  319  311  301  290  281
  274  270  268  269  270  271  270  267  263  258  254  251  248  244  237  228
  220  213  209  204  197  185  173  161  154
    37.5-180.0 180.0   5.0 450.0                            LAT/LON1/LON2/DLON/H
  153  149  148  149  149  150  151  152  154  156  158  162  168  175  182  187
  189  193  198  205  211  215  217  219  222  227  235  244  252  260  267  274
  281  291  302  315  326  333  339  343  349  353  353  348  338  325  312  301
  292  286  282  280  279  277  274  270  265  259  254  251  248  244  238  230
  222  217  213  209  201  189  174  162  153
    35.0-180.0 180.0   5.0 450.0                            LAT/LON1/LON2/DLON/H
  153  147  144  143  143  145  146  148  150  152  155  161  170  182  192  199
  203  207  213  221  228  232  233  232  235  241  249  257  266  274  282  290
  299  312  327  344  358  366  371  376  380  385  384  378  366  352  338  327
  318  311  306  302  299  295  289  283  275  267  259  253  249  245  239  232
  225  220  217  213  205  192  177  163  153
    32.5-180.0 180.0   5.0 450.0                            LAT/LON1/LON2/DLON/H
  154  145  140  137  136  137  138  140  141  143  147  155  167  183  198  210
  217  222  229  238  245  247  246  243  245  250  258  267  276  285  294  303
  315  330  349  370  386  396  401  404  409  413  412  405  392  379  367  358
  351  346  341  337  332  326  318  308  297  284  272  261  254  248  242  235
  228  223  220  216  208  195  180  165  154
    30.0-180.0 180.0   5.0 450.0                            LAT/LON1/LON2/DLON/H
  156  146  138  133  130  130  130  130  129  130  134  143  160  180  201  217
  228  236  244  253  260  260  255  251  250  255  264  273  283  293  304  315
  328  345  368  391  410  420  424  427  431  435  434  428  417  406  398  394
  391  388  386  383  378  370  359  345  329  311  291  274  261  252  244  236
  229  224  219  214  206  194  180  167  156
    27.5-180.0 180.0   5.0 450.0                            LAT/LON1/LON2/DLON/H
  159  148  138  131  127  126  124  121  118  117  120  130  149  174  200  221
  236  247  257  266  271  269  261  254  252  257  266  276  287  299  312  325
  339  358  382  407  427  437  440  442  446  450  451  445  437  431  429  431
  432  434  434  433  428  420  406  388  367  342  315  290  270  256  246  236
  227  220  213  207  198  189  178  168  159
    25.0-180.0 180.0   5.0 450.0                            LAT/LON1/LON2/DLON/H
  161  151  141  132  128  126  122  117  112  108  110  119  138  165  195  221
  240  253  264  274  278  273  263  254  252  258  267  278  291  305  321  337
  352  370  394  419  439  448  449  450  454  460  461  457  453  452  457  464
  471  475  478  479  476  466  450  428  401  370  337  305  279  260  246  234
  223  212  203  195  186  179  173  168  161
    22.5-180.0 180.0   5.0 450.0                            LAT/LON1/LON2/DLON/H
  162  154  144  136  132  129  125  118  110  106  106  113  129  155  186  216
  238  254  266  276  279  273  262  253  253  259  270  283  297  315  335  352
  367  385  406  430  447  454  454  454  459  465  467  466  465  470  480  492
  501  507  511  513  510  500  481  456  425  391  353  317  286  264  247  232
  218  204  191  180  171  166  165  165  162
    20.0-180.0 180.0   5.0 450.0                            LAT/LON1/LON2/DLON/H
  161  155  146  139  136  135  130  122  114  109  108  111  124  146  176  206
  230  248  261  271  275  270  260  254  255  265  278  292  309  331  353  372
  387  402  421  440  454  459  457  457  462  469  472  472  474  483  498  512
  521  525  528  530  526  514  493  465  433  397  359  322  290  266  247  230
  214  197  181  167  158  154  156  161  161
    17.5-180.0 180.0   5.0 450.0                            LAT/LON1/LON2/DLON/H
  159  154  145  140  139  139  135  128  121  116  114  115  121  137  163  192
  217  236  250  261  267  265  259  256  263  276  292  308  327  352  377  398
  412  424  439  454  464  465  462  462  468  475  479  479  483  494  510  523
  528  529  528  527  522  507  484  455  423  390  354  320  290  267  248  230
  213  194  176  160  149  145  150  156  159
    15.0-180.0 180.0   5.0 450.0                            LAT/LON1/LON2/DLON/H
  155  150  142  138  139  140  137  131  126  124  122  119  119  128  149  175
  200  219  235  248  257  260  260  263  275  293  312  330  351  377  404  426
  440  449  459  470  476  474  470  471  477  484  488  488  492  503  517  526
  526  520  514  509  500  483  458  428  399  370  340  312  287  266  249  233
  215  197  178  160  147  142  146  153  155
    12.5-180.0 180.0   5.0 450.0                            LAT/LON1/LON2/DLON/H
  153  145  136  132  134  136  134  129  126  127  127  123  117  120  134  158
  182  202  219  235  249  257  264  275  293  315  336  355  377  404  432  453
  466  473  480  487  489  486  482  483  490  496  498  497  499  508  519  523
  517  504  492  482  470  450  423  393  367  343  321  300  281  264  250  236
  220  204  186  168  153  147  148  153  153
    10.0-180.0 180.0   5.0 450.0                            LAT/LON1/LON2/DLON/H
  152  141  130  125  126  127  125  120  120  124  126  121  113  110  121  142
  165  186  206  225  244  259  273  290  313  339  361  380  401  427  454  475
  487  493  498  501  501  497  494  496  502  508  508  505  504  511  517  516
  504  485  467  453  438  416  387  359  335  317  302  288  274  261  249  238
  226  213  198  181  165  156  155  156  152
     7.5-180.0 180.0   5.0 450.0                            LAT/LON1/LON2/DLON/H
  153  139  125  118  117  116  112  107  108  114  118  114  105  101  109  128
  152  174  197  220  244  265  285  307  334  361  383  401  420  444  468  487
  498  503  507  509  508  504  501  504  511  515  513  507  504  507  510  505
  489  467  446  429  412  388  359  332  310  296  286  276  265  254  244  236
  228  219  208  193  179  169  164  161  153
     5.0-180.0 180.0   5.0 450.0                            LAT/LON1/LON2/DLON/H
  157  140  124  114  111  107   99   92   91   98  104  102   94   91  100  119
  144  168  194  221  248  274  298  324  352  378  399  415  431  450  470  486
  496  501  504  505  504  501  500  504  510  513  509  501  496  497  497  490
  473  450  429  412  394  370  342  315  295  283  274  266  255  244  234  227
  222  218  212  201  189  179  173  168  157
     2.5-180.0 180.0   5.0 450.0                            LAT/LON1/LON2/DLON/H
  161  144  127  115  109  101   90   79   76   81   87   87   82   82   93  114
  140  167  195  226  256  285  311  337  364  388  406  419  431  446  461  474
  482  486  489  490  488  486  487  492  497  498  493  484  478  477  477  470
  454  434  415  398  381  359  332  307  288  275  266  255  242  228  217  210
  208  208  206  200  191  184  179  173  161
