IONEX/Новая папка/carg1680.22i
     1.0            IONOSPHERE MAPS     MIX                 IONEX VERSION / TYPE
BDSMART-IONO1.0     AIR/CAS             2022-06-18 13:05:39 PGM / RUN BY / DATE
Global ionospheric map for day 168 2022                     DESCRIPTION
Contact address: Li Zishen                                  DESCRIPTION
                Chinese Academy of Sciences                 DESCRIPTION
                Aerospace Information Research Institute    DESCRIPTION
                No. 9, Dengzhuang South Road                DESCRIPTION
                Beijing 100094, China                       DESCRIPTION
                Email:lizishen@aircas.ac.cn                 DESCRIPTION
  2022     6    17     0     0  0.00                        EPOCH OF FIRST MAP
  2022     6    18     0     0  0.00                        EPOCH OF LAST MAP
  1800.0                                                    INTERVAL
    49                                                      # OF MAPS IN FILE
  COSZ                                                      MAPPING FUNCTION
     0.0                                                    ELEVATION CUTOFF
TEC is obtained by adjusted uncombined raw observation      OBSERVABLES USED
  6371.0                                                    BASE RADIUS 
     2                                                      MAP DIMENSION
   450.0 450.0   0.0                                        HGT1 / HGT2 / DHGT
    87.5 -87.5  -2.5                                        LAT1 / LAT2 / DLAT
  -180.0 180.0   5.0                                        LON1 / LON2 / DLON
    -1                                                      EXPONENT
TEC values in 0.1 tec units;  9999, if no value available   COMMENT
DCB values in nanoseconds, reference is Sum_of_SatDCBs = 0  COMMENT
                                                            END OF HEADER
[from data line 6006]
    15                                                      START OF TEC MAP
  2022     6    17     7     0     0                        EPOCH OF CURRENT MAP
    87.5-180.0 180.0   5.0 450.0                            LAT/LON1/LON2/DLON/H
  160  160  160  160  161  161  162  162  163  163  164  165  165  166  166  167
  168  168  169  169  169  170  170  170  171  171  171  171  171  171  171  171
  171  170  170  170  170  169  169  169  168  168  168  168  167  167  167  166
  166  166  165  165  165  164  164  164  163  163  163  162  162  162  161  161
  161  160  160  160  160  160  159  160  160
    85.0-180.0 180.0   5.0 450.0                            LAT/LON1/LON2/DLON/H
  153  153  153  154  155  155  156  157  159  160  161  163  164  165  167  168
  169  170  171  171  172  172  173  173  173  174  174  174  174  173  173  173
  172  172  171  171  170  170  169  169  168  168  167  167  167  167  167  167
  167  167  167  167  167  166  166  166  166  165  164  164  163  162  161  160
  159  158  157  156  155  154  154  153  153
    82.5-180.0 180.0   5.0 450.0                            LAT/LON1/LON2/DLON/H
  148  148  148  148  149  150  151  153  154  156  158  160  162  164  166  167
  168  169  170  171  171  172  172  172  172  172  172  172  172  172  171  171
  171  170  169  169  168  167  166  166  165  165  165  165  165  166  166  167
  168  169  170  171  172  173  173  174  174  173  173  172  170  169  167  165
  162  160  158  156  154  152  150  149  148
    80.0-180.0 180.0   5.0 450.0                            LAT/LON1/LON2/DLON/H
  146  145  144  144  145  145  147  149  151  153  155  157  160  162  164  165
  166  167  167  168  167  167  167  166  166  165  165  165  165  166  166  166
  166  165  165  164  163  163  162  161  160  160  161  161  163  164  166  169
  171  174  177  179  182  184  185  187  187  187  187  186  184  182  179  176
  172  169  165  161  157  154  151  148  146
    77.5-180.0 180.0   5.0 450.0                            LAT/LON1/LON2/DLON/H
  148  145  144  143  142  143  144  145  147  149  152  154  157  159  161  162
  163  163  163  162  161  160  158  157  156  155  155  155  156  157  158  159
  160  160  160  159  158  158  157  156  156  156  157  158  161  164  168  172
  176  180  185  189  193  197  200  202  204  205  205  204  202  200  196  192
  187  182  176  171  165  160  156  151  148
    75.0-180.0 180.0   5.0 450.0                            LAT/LON1/LON2/DLON/H
  153  149  146  143  142  141  141  142  144  145  148  150  152  155  157  158
  159  159  158  156  154  151  149  146  144  143  143  144  145  147  150  152
  154  155  156  156  155  154  153  152  152  153  155  157  161  165  170  176
  182  188  193  199  204  209  213  216  219  220  221  221  220  217  214  209
  204  197  191  184  176  170  163  158  153
    72.5-180.0 180.0   5.0 450.0                            LAT/LON1/LON2/DLON/H
  160  155  150  146  143  141  140  139  140  141  142  145  147  149  151  152
  153  153  152  149  146  143  139  135  133  131  131  132  135  139  143  147
  151  153  154  154  154  152  151  151  151  152  155  158  163  169  175  181
  187  194  200  206  211  216  221  224  228  230  232  233  233  231  228  224
  218  212  204  196  188  180  173  166  160
    70.0-180.0 180.0   5.0 450.0                            LAT/LON1/LON2/DLON/H
  168  162  156  150  146  141  138  136  135  135  136  137  139  141  143  145
  146  146  145  142  138  134  129  125  122  120  121  123  127  133  139  145
  150  154  155  156  155  153  152  152  153  155  158  162  168  173  180  186
  192  198  203  209  213  217  221  225  229  232  235  237  238  238  236  233
  228  221  214  206  198  190  182  175  168
    67.5-180.0 180.0   5.0 450.0                            LAT/LON1/LON2/DLON/H
  177  170  163  156  149  143  138  133  130  129  128  128  130  131  133  135
  136  137  136  133  130  125  120  116  112  111  112  116  122  130  138  146
  152  156  159  159  158  156  155  155  156  159  163  168  173  179  185  190
  195  199  203  207  210  212  215  218  221  225  228  232  235  236  236  235
  231  226  219  212  205  198  191  184  177
    65.0-180.0 180.0   5.0 450.0                            LAT/LON1/LON2/DLON/H
  187  180  172  163  155  146  138  132  126  123  120  119  119  119  121  122
  124  124  124  122  119  115  111  107  104  104  106  111  119  128  139  148
  156  161  163  163  161  160  159  160  162  165  170  175  180  185  189  192
  195  198  200  202  203  204  205  207  209  213  217  222  226  229  231  231
  228  225  220  214  209  203  198  193  187
    62.5-180.0 180.0   5.0 450.0                            LAT/LON1/LON2/DLON/H
  198  192  183  174  163  152  141  132  124  118  114  110  108  107  107  108
  109  110  110  109  107  104  100   98   96   97  101  108  118  129  141  152
  160  165  167  166  165  164  163  165  168  172  177  182  186  190  192  194
  196  196  197  197  197  196  196  196  198  201  205  210  215  220  223  224
  223  221  217  214  211  208  206  202  198
    60.0-180.0 180.0   5.0 450.0                            LAT/LON1/LON2/DLON/H
  211  206  198  187  175  161  149  137  127  118  110  104  100   97   95   94
   95   95   95   95   93   92   90   89   90   93   98  107  118  131  144  155
  164  168  170  169  168  167  167  169  173  178  183  188  192  194  196  196
  197  197  197  196  195  194  193  192  192  194  198  203  208  213  216  218
  218  217  215  214  214  214  215  214  211
    57.5-180.0 180.0   5.0 450.0                            LAT/LON1/LON2/DLON/H
  227  223  215  204  190  175  160  146  134  122  112  103   96   90   86   84
   83   83   83   82   82   81   81   82   85   90   97  108  120  134  148  159
  167  171  172  171  170  169  171  174  179  184  190  194  197  199  200  201
  201  202  202  202  201  200  198  196  196  197  199  203  207  211  214  216
  216  216  216  217  219  222  225  227  227
    55.0-180.0 180.0   5.0 450.0                            LAT/LON1/LON2/DLON/H
  243  241  234  223  209  193  177  161  146  133  120  108   98   90   84   80
   78   77   76   75   75   75   76   79   83   90   99  110  123  138  152  163
  170  173  174  173  172  173  175  179  185  190  196  200  203  206  207  209
  211  212  214  215  215  213  211  209  208  207  209  211  214  216  218  219
  219  219  220  223  227  232  237  242  243
    52.5-180.0 180.0   5.0 450.0                            LAT/LON1/LON2/DLON/H
  258  257  252  242  228  213  196  179  163  148  133  120  107   97   89   83
   80   79   77   76   75   75   77   80   86   93  102  114  128  143  157  167
  174  176  176  176  176  178  181  186  191  197  203  208  212  215  218  221
  224  228  231  232  232  231  229  227  225  224  224  224  225  226  226  226
  226  226  228  231  236  243  249  255  258
    50.0-180.0 180.0   5.0 450.0                            LAT/LON1/LON2/DLON/H
  269  269  266  258  246  231  215  199  182  166  151  136  122  110  101   95
   92   89   87   85   83   82   84   87   92   98  107  119  133  148  162  172
  178  180  180  181  182  185  189  194  200  206  213  218  224  228  232  237
  241  246  249  250  250  249  247  245  242  241  239  238  237  236  235  234
  234  235  237  241  246  252  259  265  269
    47.5-180.0 180.0   5.0 450.0                            LAT/LON1/LON2/DLON/H
  273  274  273  267  258  247  232  217  201  185  170  155  141  130  120  114
  110  108  106  102   99   96   96   98  101  106  113  124  138  153  168  178
  184  186  186  188  191  195  199  205  210  217  225  232  238  244  249  254
  259  262  264  265  263  261  259  256  254  253  251  248  246  244  242  241
  242  243  246  249  253  258  263  269  273
    45.0-180.0 180.0   5.0 450.0                            LAT/LON1/LON2/DLON/H
  269  271  272  269  264  256  244  230  216  201  187  175  163  152  143  137
  133  131  128  124  119  115  112  111  112  114  118  127  141  157  173  184
  190  193  195  198  202  207  211  216  223  230  239  248  255  260  265  270
  273  275  274  272  268  265  262  260  259  258  256  254  251  249  247  247
  248  250  253  255  258  260  263  266  269
    42.5-180.0 180.0   5.0 450.0                            LAT/LON1/LON2/DLON/H
  260  262  264  264  262  257  249  237  225  212  201  192  183  174  166  160
  157  155  152  147  140  134  129  125  122  120  122  129  142  160  177  190
  197  201  205  209  215  220  224  228  235  245  255  264  271  276  279  281
  282  281  277  272  265  260  257  257  257  257  257  255  253  252  251  252
  254  256  259  260  259  259  258  259  260
    40.0-180.0 180.0   5.0 450.0                            LAT/LON1/LON2/DLON/H
  249  250  251  253  254  252  247  237  227  217  210  205  200  194  187  181
  178  176  173  167  159  151  143  137  130  126  124  129  142  160  179  194
  204  210  215  221  227  232  235  240  247  258  271  280  286  288  287  286
  284  281  274  266  258  253  251  252  255  257  259  259  258  258  258  260
  262  264  265  264  261  257  253  250  249
    37.5-180.0 180.0   5.0 450.0                            LAT/LON1/LON2/DLON/H
  241  239  239  241  243  243  239  232  223  216  213  213  213  210  205  199
  195  192  188  182  174  164  155  146  138  130  125  128  140  160  181  198
  209  217  225  233  239  242  244  248  257  271  284  294  297  294  290  286
  282  277  270  261  253  249  249  253  259  265  269  271  272  273  275  276
  278  278  277  273  267  259  251  245  241
    35.0-180.0 180.0   5.0 450.0                            LAT/LON1/LON2/DLON/H
  241  235  231  230  231  232  229  222  215  210  212  218  222  223  219  213
  207  203  198  192  183  174  164  155  144  134  127  128  139  159  181  200
  213  224  233  242  248  250  251  254  265  280  295  303  303  296  288  282
  278  275  269  263  257  256  260  268  277  286  293  297  300  302  304  305
  304  302  297  289  280  269  258  249  241
    32.5-180.0 180.0   5.0 450.0                            LAT/LON1/LON2/DLON/H
  251  240  231  226  224  223  220  213  206  203  208  219  228  232  230  223
  216  210  204  198  190  181  172  163  152  141  132  131  140  158  180  200
  215  227  239  249  254  255  254  258  270  287  303  309  305  295  285  279
  278  279  278  276  275  278  286  299  312  324  332  338  343  346  348  347
  343  336  326  315  302  288  275  263  251
    30.0-180.0 180.0   5.0 450.0                            LAT/LON1/LON2/DLON/H
  271  254  239  229  223  219  215  207  199  198  205  219  232  239  238  231
  223  216  209  203  195  188  180  172  162  151  141  137  143  158  179  198
  214  228  241  252  257  256  255  259  273  292  308  312  305  293  283  281
  285  292  298  303  308  316  328  345  361  375  385  393  398  402  404  401
  392  380  365  349  333  318  302  287  271
    27.5-180.0 180.0   5.0 450.0                            LAT/LON1/LON2/DLON/H
  297  276  255  239  228  221  214  206  198  196  204  220  235  245  245  239
  230  221  214  208  202  195  189  182  174  164  153  146  147  159  176  193
  209  224  239  251  257  256  254  259  275  296  311  314  306  294  287  291
  302  317  330  341  351  364  380  399  417  432  443  452  458  462  463  458
  446  429  409  389  371  353  336  317  297
    25.0-180.0 180.0   5.0 450.0                            LAT/LON1/LON2/DLON/H
  325  300  275  254  238  228  220  210  201  199  207  222  238  248  251  246
  237  228  221  215  210  205  199  193  186  177  165  155  152  158  171  186
  201  217  233  247  254  253  253  260  278  299  315  317  309  300  299  310
  329  350  369  385  399  415  432  451  469  484  496  504  511  516  518  511
  497  476  453  431  410  390  370  349  325
    22.5-180.0 180.0   5.0 450.0                            LAT/LON1/LON2/DLON/H
  349  322  294  270  252  239  229  219  210  207  213  225  240  250  254  251
  244  235  227  222  218  213  208  203  196  186  174  161  153  154  162  174
  187  204  223  239  248  250  252  262  281  303  318  321  316  313  320  337
  362  388  410  428  443  459  475  492  508  521  532  541  548  555  557  552
  537  516  491  467  445  423  400  375  349
    20.0-180.0 180.0   5.0 450.0                            LAT/LON1/LON2/DLON/H
  364  337  310  285  266  251  240  230  221  217  220  229  239  249  254  254
  248  240  232  227  223  219  213  206  199  189  176  162  150  146  149  157
  170  187  209  228  241  247  252  264  286  308  323  327  327  332  346  369
  397  423  445  461  475  489  502  515  527  537  547  555  563  571  576  573
  561  542  518  495  471  446  420  392  364
    17.5-180.0 180.0   5.0 450.0                            LAT/LON1/LON2/DLON/H
  370  344  320  298  278  262  250  240  233  228  228  231  236  243  249  252
  248  240  232  227  224  220  212  202  193  183  170  154  140  132  132  138
  150  168  192  216  233  243  252  268  290  312  327  334  340  352  373  400
  427  451  468  482  492  502  510  518  525  532  540  547  556  565  573  574
  567  552  532  510  487  460  429  398  370
    15.0-180.0 180.0   5.0 450.0                            LAT/LON1/LON2/DLON/H
  367  345  326  307  288  271  258  249  242  237  233  230  229  233  240  245
  243  235  226  221  218  213  203  190  178  167  154  138  123  113  111  116
  128  148  175  203  225  240  254  272  295  316  330  340  352  371  397  424
  448  467  479  488  495  500  504  506  508  511  517  524  532  542  552  558
  557  548  534  515  492  463  429  395  367
    12.5-180.0 180.0   5.0 450.0                            LAT/LON1/LON2/DLON/H
  361  343  330  315  297  279  264  254  247  241  234  225  218  219  226  233
  232  224  214  208  205  198  186  170  155  143  131  116  102   93   91   95
  107  129  159  191  218  238  255  275  297  317  330  343  360  384  413  438
  458  470  478  484  488  490  490  487  485  485  489  495  502  511  522  532
  537  535  526  512  491  460  424  388  361
    10.0-180.0 180.0   5.0 450.0                            LAT/LON1/LON2/DLON/H
  356  343  336  325  307  285  267  256  249  241  230  216  204  202  209  217
  218  209  197  190  186  178  164  145  129  116  105   93   81   73   72   77
   90  113  146  181  212  236  256  277  298  314  327  341  362  389  417  440
  455  463  468  473  478  479  477  472  466  464  466  471  476  482  492  504
  513  516  513  503  485  455  418  382  356
     7.5-180.0 180.0   5.0 450.0                            LAT/LON1/LON2/DLON/H
  357  348  345  336  317  293  270  256  247  238  223  204  188  184  192  201
  202  192  178  169  164  156  140  120  103   91   82   72   63   58   58   64
   78  102  137  175  209  235  256  277  295  309  320  334  357  385  411  431
  442  449  455  462  469  473  472  466  459  456  457  459  460  463  469  479
  490  497  498  493  478  451  415  380  357
     5.0-180.0 180.0   5.0 450.0                            LAT/LON1/LON2/DLON/H
  364  359  358  350  330  301  274  256  244  232  214  192  173  168  176  187
  187  176  160  149  144  135  119   99   82   72   64   57   51   48   50   57
   71   96  132  171  206  233  255  274  289  300  309  323  345  372  396  413
  424  433  443  454  466  473  474  470  464  461  461  462  459  455  455  462
  471  479  483  481  470  447  415  384  364
     2.5-180.0 180.0   5.0 450.0                            LAT/LON1/LON2/DLON/H
  375  372  372  364  342  310  279  257  242  227  206  181  162  156  165  175
  175  163  145  133  126  118  103   85   69   60   54   50   46   45   48   55
   68   93  129  169  204  230  251  269  281  290  297  309  330  354  375  391
  404  417  433  449  465  476  482  480  477  475  476  474  467  456  450  450
  456  462  466  466  460  443  417  391  375
