IONEX/Новая папка/carg1680.22i
     1.0            IONOSPHERE MAPS     MIX                 IONEX VERSION / TYPE
BDSMART-IONO1.0     AIR/CAS             2022-06-18 13:05:39 PGM / RUN BY / DATE
Global ionospheric map for day 168 2022                     DESCRIPTION
Contact address: Li Zishen                                  DESCRIPTION
                Chinese Academy of Sciences                 DESCRIPTION
                Aerospace Information Research Institute    DESCRIPTION
                No. 9, Dengzhuang South Road                DESCRIPTION
                Beijing 100094, China                       DESCRIPTION
                Email:lizishen@aircas.ac.cn                 DESCRIPTION
  2022     6    17     0     0  0.00                        EPOCH OF FIRST MAP
  2022     6    18     0     0  0.00                        EPOCH OF LAST MAP
  1800.0                                                    INTERVAL
    49                                                      # OF MAPS IN FILE
  COSZ                                                      MAPPING FUNCTION
     0.0                                                    ELEVATION CUTOFF
TEC is obtained by adjusted uncombined raw observation      OBSERVABLES USED
  6371.0                                                    BASE RADIUS 
     2                                                      MAP DIMENSION
   450.0 450.0   0.0                                        HGT1 / HGT2 / DHGT
    87.5 -87.5  -2.5                                        LAT1 / LAT2 / DLAT
  -180.0 180.0   5.0                                        LON1 / LON2 / DLON
    -1                                                      EXPONENT
TEC values in 0.1 tec units;  9999, if no value available   COMMENT
DCB values in nanoseconds, reference is Sum_of_SatDCBs = 0  COMMENT
                                                            END OF HEADER
[from data line 17160]
    41                                                      START OF TEC MAP
  2022     6    17    20     0     0                        EPOCH OF CURRENT MAP
    87.5-180.0 180.0   5.0 450.0                            LAT/LON1/LON2/DLON/H
  169  169  169  169  169  169  169  169  169  169  169  169  169  170  170  170
  170  171  171  172  172  173  173  174  174  175  175  176  176  177  177  178
  178  179  179  180  180  180  180  181  181  181  181  181  181  181  181  180
  180  180  179  179  179  178  178  177  177  176  176  175  175  174  174  173
  173  172  172  171  171  170  170  170  169
    85.0-180.0 180.0   5.0 450.0                            LAT/LON1/LON2/DLON/H
  162  162  161  161  161  161  161  161  161  162  162  162  163  163  164  164
  165  165  166  167  167  168  169  170  171  172  173  174  175  176  177  178
  179  180  180  181  181  182  182  182  183  183  183  182  182  182  182  181
  181  180  179  179  178  177  176  176  175  174  173  172  171  170  170  169
  168  167  166  165  165  164  163  163  162
    82.5-180.0 180.0   5.0 450.0                            LAT/LON1/LON2/DLON/H
  155  154  153  153  153  153  154  154  155  156  157  158  158  159  160  160
  161  161  162  162  163  164  165  166  167  168  169  171  172  173  175  176
  177  178  179  179  180  180  180  180  180  180  179  179  179  178  178  177
  176  176  175  174  173  172  171  170  169  168  168  167  166  165  164  163
  162  161  160  159  158  157  156  155  155
    80.0-180.0 180.0   5.0 450.0                            LAT/LON1/LON2/DLON/H
  149  148  147  147  147  147  148  150  151  153  154  156  157  158  159  159
  160  160  160  160  160  161  162  162  163  165  166  167  169  170  171  173
  173  174  174  174  174  174  174  173  172  172  171  171  170  170  169  169
  168  168  167  166  166  165  164  163  162  161  160  160  159  159  158  158
  158  157  156  155  154  153  151  150  149
    77.5-180.0 180.0   5.0 450.0                            LAT/LON1/LON2/DLON/H
  146  144  143  142  142  143  145  147  150  153  155  157  159  160  161  161
  161  161  161  161  161  161  161  162  162  163  165  166  167  168  169  169
  169  169  169  168  167  165  164  163  161  160  159  158  158  158  158  158
  158  158  157  157  157  156  155  154  153  152  152  152  152  153  153  154
  155  155  155  155  154  152  150  148  146
    75.0-180.0 180.0   5.0 450.0                            LAT/LON1/LON2/DLON/H
  147  144  142  141  141  142  145  148  152  155  159  162  164  165  166  166
  166  166  165  165  164  164  164  164  165  165  166  166  167  167  167  166
  165  164  162  160  157  155  153  150  149  147  146  145  145  145  145  146
  147  148  148  148  148  148  147  146  145  144  144  144  146  147  150  152
  155  157  158  158  158  156  153  150  147
    72.5-180.0 180.0   5.0 450.0                            LAT/LON1/LON2/DLON/H
  153  149  146  144  143  145  148  152  157  161  165  168  170  172  172  172
  172  172  172  171  171  171  170  170  170  170  170  170  169  168  167  165
  163  160  156  153  149  146  143  140  137  136  134  134  133  134  135  136
  138  140  141  142  142  142  141  140  138  138  138  139  141  144  148  153
  157  161  164  166  166  164  161  157  153
    70.0-180.0 180.0   5.0 450.0                            LAT/LON1/LON2/DLON/H
  163  158  154  151  151  152  155  160  164  169  173  175  177  178  178  178
  179  179  179  180  180  180  179  179  178  177  176  175  173  171  169  165
  162  157  153  148  144  140  137  134  131  129  128  127  127  128  129  131
  133  135  137  139  139  139  138  136  134  133  133  135  138  142  148  155
  161  168  173  176  177  176  173  169  163
    67.5-180.0 180.0   5.0 450.0                            LAT/LON1/LON2/DLON/H
  177  172  167  164  162  164  166  171  175  179  181  182  183  183  183  183
  184  186  187  189  190  190  189  188  186  185  183  181  179  176  172  168
  163  158  153  148  144  140  137  134  132  130  129  128  127  127  128  130
  132  134  136  138  138  138  136  134  132  131  131  133  137  143  150  158
  167  175  181  186  189  189  186  182  177
    65.0-180.0 180.0   5.0 450.0                            LAT/LON1/LON2/DLON/H
  192  187  182  179  178  178  181  184  187  189  190  189  188  186  186  187
  189  192  195  197  198  199  198  196  194  192  190  187  184  181  177  172
  167  162  157  153  149  146  144  142  140  138  136  135  133  132  132  133
  134  136  137  139  139  138  136  134  132  131  131  133  138  145  153  162
  172  180  188  194  198  199  199  196  192
    62.5-180.0 180.0   5.0 450.0                            LAT/LON1/LON2/DLON/H
  205  201  198  196  194  194  196  198  199  199  197  194  191  189  188  190
  193  197  201  204  205  205  204  202  199  197  195  193  190  187  183  178
  174  169  165  161  159  157  156  155  153  151  149  146  143  141  139  138
  138  138  139  139  139  138  136  133  132  131  132  135  141  148  157  166
  176  184  192  198  202  206  207  207  205
    60.0-180.0 180.0   5.0 450.0                            LAT/LON1/LON2/DLON/H
  214  214  213  211  210  210  210  211  210  208  204  199  194  191  190  192
  196  200  205  208  209  208  206  204  202  200  199  198  196  193  190  185
  181  177  174  172  171  171  171  170  169  166  163  158  154  149  146  143
  141  140  139  138  137  136  134  132  131  131  133  138  144  152  161  170
  178  186  192  197  202  207  210  213  214
    57.5-180.0 180.0   5.0 450.0                            LAT/LON1/LON2/DLON/H
  220  223  224  224  223  223  222  221  219  214  208  202  196  193  192  194
  198  203  206  208  209  207  205  204  203  202  202  202  202  199  196  192
  188  184  183  182  183  184  185  184  182  179  174  168  162  156  151  147
  143  141  138  136  135  133  131  129  129  130  133  139  147  156  165  173
  180  185  189  193  198  204  210  215  220
    55.0-180.0 180.0   5.0 450.0                            LAT/LON1/LON2/DLON/H
  223  229  232  234  233  232  230  228  224  218  212  205  199  195  195  197
  201  204  206  207  206  204  203  202  203  204  206  208  208  206  202  197
  193  190  189  191  193  195  195  194  191  186  180  173  166  160  154  149
  145  141  138  135  132  130  127  126  126  128  132  139  148  158  167  175
  181  184  186  189  193  199  206  215  223
    52.5-180.0 180.0   5.0 450.0                            LAT/LON1/LON2/DLON/H
  225  233  238  241  240  238  235  231  226  220  213  207  202  199  199  200
  202  204  204  203  202  201  201  202  204  208  212  215  215  212  207  201
  196  194  194  196  199  201  201  199  194  187  179  172  166  160  155  151
  147  143  139  135  132  129  126  124  124  126  130  138  147  158  168  176
  181  183  184  186  189  195  204  214  225
    50.0-180.0 180.0   5.0 450.0                            LAT/LON1/LON2/DLON/H
  228  238  244  247  246  243  239  233  227  221  215  209  205  203  202  203
  203  202  201  199  199  199  201  204  209  215  220  223  222  219  212  205
  199  196  197  199  203  205  204  199  192  183  175  168  163  159  156  153
  150  147  143  140  136  132  129  126  124  125  128  134  144  155  165  175
  181  184  185  187  190  196  205  217  228
    47.5-180.0 180.0   5.0 450.0                            LAT/LON1/LON2/DLON/H
  235  245  251  254  252  248  243  236  229  223  217  212  209  207  206  205
  203  200  198  197  198  201  205  211  217  223  229  232  231  226  218  209
  203  200  201  204  207  208  205  199  189  179  170  164  160  159  158  158
  157  155  152  149  145  141  137  132  128  125  126  131  139  149  161  172
  181  186  190  192  196  203  212  224  235
    45.0-180.0 180.0   5.0 450.0                            LAT/LON1/LON2/DLON/H
  247  255  261  263  262  257  250  242  235  228  222  218  215  212  210  207
  202  198  196  197  201  207  214  221  227  234  239  242  241  235  226  216
  210  207  209  212  215  215  210  201  189  178  169  163  161  162  164  166
  167  167  166  163  160  155  149  142  135  129  126  128  134  144  156  169
  181  190  196  202  208  216  225  236  247
    42.5-180.0 180.0   5.0 450.0                            LAT/LON1/LON2/DLON/H
  261  269  274  276  274  270  262  253  245  238  232  227  222  219  215  209
  203  198  196  200  208  218  226  232  238  244  249  252  251  245  237  228
  223  221  223  226  228  227  220  209  195  182  173  168  167  169  172  175
  178  180  181  180  177  172  165  156  145  136  129  127  131  139  152  166
  181  193  204  214  223  232  242  252  261
    40.0-180.0 180.0   5.0 450.0                            LAT/LON1/LON2/DLON/H
  277  283  288  290  290  286  279  271  262  253  246  240  234  228  222  214
  207  201  201  207  218  230  239  244  248  253  258  262  263  259  252  246
  243  243  245  247  248  244  235  221  206  192  183  178  177  179  182  185
  189  192  195  195  194  189  181  170  157  145  135  130  130  137  149  164
  180  196  211  224  236  248  259  269  277
    37.5-180.0 180.0   5.0 450.0                            LAT/LON1/LON2/DLON/H
  290  295  301  305  308  306  301  293  284  275  267  258  250  242  234  225
  215  209  209  217  230  243  250  254  256  260  266  273  275  274  272  270
  270  271  272  272  270  263  251  236  219  206  196  191  190  189  190  192
  196  200  203  206  206  202  194  182  168  154  142  135  134  139  149  163
  180  198  215  231  246  260  273  282  290
    35.0-180.0 180.0   5.0 450.0                            LAT/LON1/LON2/DLON/H
  298  304  311  318  324  326  324  318  310  302  293  283  272  262  252  242
  231  223  223  230  242  254  260  261  262  267  275  284  290  293  294  296
  299  301  300  297  290  280  265  247  230  217  208  203  200  197  194  194
  196  200  205  208  210  207  200  189  176  162  150  143  141  144  152  164
  180  197  215  233  250  266  280  290  298
    32.5-180.0 180.0   5.0 450.0                            LAT/LON1/LON2/DLON/H
  300  307  316  326  336  343  346  344  339  333  324  313  301  290  279  267
  255  245  241  245  254  263  266  266  268  275  287  298  307  312  317  323
  327  328  323  315  303  288  270  251  234  221  214  209  204  198  192  188
  188  192  197  202  204  204  199  190  178  167  157  151  149  151  157  166
  179  195  212  230  248  265  280  291  300
    30.0-180.0 180.0   5.0 450.0                            LAT/LON1/LON2/DLON/H
  296  305  315  329  344  356  364  367  368  365  358  347  335  324  313  302
  288  274  264  262  266  271  272  273  277  288  303  316  325  331  337  345
  349  347  337  321  303  285  264  244  226  216  211  207  202  193  183  176
  174  176  181  186  190  192  190  184  176  167  160  157  156  158  162  168
  178  191  207  223  241  258  273  286  296
    27.5-180.0 180.0   5.0 450.0                            LAT/LON1/LON2/DLON/H
  288  298  311  327  346  363  377  387  394  396  392  384  373  363  354  343
  327  309  293  283  280  281  281  284  293  308  325  338  344  347  353  360
  362  355  337  314  291  269  247  226  209  201  199  198  192  182  170  160
  156  156  160  165  171  174  174  172  168  163  160  159  160  162  164  169
  176  187  201  216  232  248  263  277  288
    25.0-180.0 180.0   5.0 450.0                            LAT/LON1/LON2/DLON/H
  280  291  305  323  343  364  384  401  415  424  425  419  411  403  397  387
  371  349  326  308  299  296  298  304  318  336  353  362  362  361  363  367
  366  352  326  296  269  245  222  201  186  180  181  183  180  169  156  144
  137  136  138  143  148  153  156  157  157  156  156  157  160  162  163  166
  173  183  197  210  224  238  253  267  280
    22.5-180.0 180.0   5.0 450.0                            LAT/LON1/LON2/DLON/H
  273  285  299  317  338  362  385  409  430  446  453  451  445  441  438  431
  415  390  362  339  325  320  323  334  351  370  384  386  379  370  368  369
  363  342  309  273  243  220  198  179  164  160  165  170  169  159  145  132
  123  119  119  122  127  133  138  142  144  146  148  151  154  156  157  160
  167  179  194  208  220  232  246  260  273
    20.0-180.0 180.0   5.0 450.0                            LAT/LON1/LON2/DLON/H
  271  283  297  313  334  357  383  412  439  461  472  474  472  472  473  470
  456  431  401  375  359  355  359  372  390  408  416  409  393  378  371  368
  357  331  291  252  223  202  184  166  152  149  155  163  164  155  140  126
  115  109  106  107  110  116  122  127  131  134  137  140  144  145  147  150
  159  175  192  208  220  231  243  257  271
    17.5-180.0 180.0   5.0 450.0                            LAT/LON1/LON2/DLON/H
  273  286  298  313  331  353  380  411  442  468  482  487  488  492  498  499
  489  467  439  415  401  397  403  416  432  444  443  428  405  385  375  370
  356  324  281  242  215  199  185  169  155  151  157  166  167  158  143  128
  114  105   99   97   99  104  109  114  118  121  124  127  130  132  133  138
  150  169  191  209  223  234  245  259  273
    15.0-180.0 180.0   5.0 450.0                            LAT/LON1/LON2/DLON/H
  279  292  304  317  332  352  378  409  441  467  482  488  492  499  509  516
  511  496  474  455  445  444  450  461  470  473  464  443  415  394  384  379
  362  328  284  246  224  214  204  189  174  167  171  177  178  168  153  135
  120  107   98   93   93   96  100  104  107  109  111  113  116  117  118  124
  138  162  188  211  227  238  251  265  279
    12.5-180.0 180.0   5.0 450.0                            LAT/LON1/LON2/DLON/H
  288  302  314  326  339  356  379  407  436  460  473  479  484  494  509  520
  522  514  502  492  487  489  494  499  500  494  478  453  426  408  400  395
  378  343  299  264  247  243  237  222  204  193  192  195  192  181  164  145
  127  111  100   93   91   91   93   95   96   97   98  100  102  103  105  111
  127  153  183  209  229  243  257  273  288
    10.0-180.0 180.0   5.0 450.0                            LAT/LON1/LON2/DLON/H
  298  314  328  340  352  366  385  408  432  450  459  463  469  481  498  513
  521  521  519  518  521  525  527  526  518  504  484  460  439  426  422  418
  400  364  322  291  279  279  275  260  238  222  215  212  205  192  173  153
  133  115  102   94   89   88   87   86   86   86   86   87   89   91   93   99
  115  142  174  204  228  246  263  281  298
     7.5-180.0 180.0   5.0 450.0                            LAT/LON1/LON2/DLON/H
  307  326  343  358  371  384  399  416  432  442  444  445  450  464  483  499
  511  518  525  532  540  546  546  539  525  506  486  467  454  447  446  441
  422  386  345  317  308  310  306  290  265  244  230  221  211  195  176  155
  135  116  102   93   88   84   81   78   76   75   74   76   79   82   84   90
  104  130  162  195  223  246  267  287  307
     5.0-180.0 180.0   5.0 450.0                            LAT/LON1/LON2/DLON/H
  315  337  359  379  395  408  420  431  438  439  434  431  436  450  468  484
  495  506  518  532  544  551  549  539  522  503  487  475  470  468  466  457
  435  398  359  333  324  326  321  303  276  251  232  219  205  189  170  150
  130  112   98   90   84   79   74   70   66   64   64   66   70   74   78   83
   95  117  148  182  215  243  269  293  315
     2.5-180.0 180.0   5.0 450.0                            LAT/LON1/LON2/DLON/H
  322  348  375  401  422  437  447  453  453  445  433  426  430  444  459  471
  480  490  503  519  533  540  539  529  513  498  489  485  484  482  476  460
  432  394  356  330  321  319  313  294  266  239  218  202  188  172  155  138
  120  104   91   84   79   74   68   62   58   55   54   57   62   68   72   77
   87  106  134  169  205  239  269  297  322
