IONEX/Новая папка/corg1680.22i
     1.0            IONOSPHERE MAPS     GNSS                IONEX VERSION / TYPE
ADDNEQ2 V5.5        AIUB                18-JUN-22 08:30     PGM / RUN BY / DATE 
CODE'S RAPID IONOSPHERE MAPS FOR DAY 168, 2022              COMMENT             
Global ionosphere maps (GIM) are generated on a daily basis DESCRIPTION         
at CODE using data from about 120 GNSS sites of the IGS and DESCRIPTION         
other institutions. The vertical total electron content     DESCRIPTION         
(VTEC) is modeled in a solar-geomagnetic reference frame    DESCRIPTION         
using a spherical harmonics expansion up to degree and      DESCRIPTION         
order 15. Piece-wise linear functions are used for          DESCRIPTION         
representation in the time domain. The time spacing of      DESCRIPTION         
their vertices is 1 hour, conforming with the epochs of the DESCRIPTION         
VTEC maps.                                                  DESCRIPTION         
To convert line-of-sight TEC into vertical TEC, a modified  DESCRIPTION         
single-layer model mapping function approximating the JPL   DESCRIPTION         
extended slab model mapping function is adopted. The        DESCRIPTION         
mapping function is evaluated at geodetic satellite         DESCRIPTION         
elevation angles. For the computation of the ionospheric    DESCRIPTION         
pierce points, a spherical layer with a radius of 6821 km   DESCRIPTION         
is assumed, implying geocentric, not geodetic IONEX         DESCRIPTION         
latitudes.                                                  DESCRIPTION         
Instrumental biases with respect to each involved GNSS code DESCRIPTION         
observable are estimated as constant values for each        DESCRIPTION         
day. They are modeled with one set of bias parameters for   DESCRIPTION         
each satellite and each station in case of GPS and for each DESCRIPTION         
satellite-station link in case of GLONASS. The code bias    DESCRIPTION         
datum is defined by zero-mean conditions imposed on the     DESCRIPTION         
satellite bias estimates. In this file, just GPS C1W-C2W    DESCRIPTION         
satellite and station bias values are included. The         DESCRIPTION         
complete set of GNSS code bias results is provided in an    DESCRIPTION         
additional Bias-SINEX file as pseudo-absolute values        DESCRIPTION         
specific to each observable.                                DESCRIPTION         
Note: These GIM results correspond to the results for the   DESCRIPTION         
last day of a 3-day combination analysis solving for 73     DESCRIPTION         
times 256, or 18688 VTEC parameters and 3 daily sets of     DESCRIPTION         
GNSS code bias parameters.                                  DESCRIPTION         
Contact address: code(at)aiub.unibe.ch                      DESCRIPTION         
Data archive:    ftp.aiub.unibe.ch/CODE/                    DESCRIPTION         
                 www.aiub.unibe.ch/download/CODE/           DESCRIPTION         
  2022     6    17     0     0     0                        EPOCH OF FIRST MAP  
  2022     6    18     0     0     0                        EPOCH OF LAST MAP   
  3600                                                      INTERVAL            
[...]
    87.5 -87.5  -2.5                                        LAT1 / LAT2 / DLAT  
  -180.0 180.0   5.0                                        LON1 / LON2 / DLON  
    -1                                                      EXPONENT            
TEC/RMS values in 0.1 TECU; 9999, if no value available     COMMENT             
Peak TEC values for the included maps:                      COMMENT             
 612  613  622  611  582  558  540  545  556  587  591  594 COMMENT             
 582  560  548  561  594  605  584  577  587  589  584  586 COMMENT             
 599                                                        COMMENT             
List of stations:                                           COMMENT             
albh algo alic areq ascg auck bake bjco bjfs bogo bor1 braz COMMENT             
brft brst brux bshm cas1 ccj2 chpi chti chur cord cpvg cro1 COMMENT             
darw dav1 dgar dubo faa1 fair flin flrs frdn func ganp glsv COMMENT             
gode godz gope gras graz guam hers hert hob2 hofn hrao hyde COMMENT             
iisc invk iqal joz2 jplm kerg kir0 kit3 kokv kour lpal lpgs COMMENT             
mac1 mal2 mas1 mat1 mate maw1 mcm4 mizu mkea mobs mtka nano COMMENT             
nklg nnor not1 nya1 onsa park pdel penc pert pots qaq1 rabt COMMENT             
reun reyk rio2 sant sch2 scub sofi sthl stjo str2 suth sydn COMMENT             
syog tabv tash thti thu2 tid1 tow2 tskb ulab unb3 unbj unsa COMMENT             
urum usud vald whit wind wtzz yarr yel2 zamb zim2 zimm      COMMENT             
                                                            END OF HEADER       
[from data line 858]
     3                                                      START OF TEC MAP    
  2022     6    17     2     0     0                        EPOCH OF CURRENT MAP
    87.5-180.0 180.0   5.0 450.0                            LAT/LON1/LON2/DLON/H
  186  186  187  187  187  187  186  186  186  185  184  183  183  182  181  179
  178  177  176  175  173  172  171  170  169  168  167  166  165  164  163  163
  162  161  161  161  160  160  160  160  160  160  160  160  160  161  161  161
  162  162  163  164  164  165  166  167  168  169  170  172  173  174  175  177
  178  179  180  181  182  183  184  185  186
    85.0-180.0 180.0   5.0 450.0                            LAT/LON1/LON2/DLON/H
  196  197  197  198  198  197  197  196  194  193  191  189  187  185  183  181
  179  177  174  172  170  167  165  163  161  159  157  155  154  152  151  150
  149  149  149  148  148  148  148  148  149  149  149  149  149  149  150  150
  150  150  151  152  152  153  155  156  158  160  162  164  166  169  172  174
  177  180  183  186  188  190  192  194  196
    82.5-180.0 180.0   5.0 450.0                            LAT/LON1/LON2/DLON/H
  202  204  205  205  205  204  202  201  198  196  193  190  187  185  182  179
  176  174  171  168  165  162  159  156  152  149  147  144  142  140  139  138
  137  137  137  138  138  139  140  140  141  141  142  142  141  141  141  141
  140  140  140  140  140  141  142  143  145  147  150  153  156  160  164  168
  173  177  182  186  190  194  197  200  202
    80.0-180.0 180.0   5.0 450.0                            LAT/LON1/LON2/DLON/H
  205  207  208  209  208  206  204  201  197  193  189  186  183  179  177  174
  172  170  168  165  162  159  155  151  147  142  138  135  132  130  128  127
  127  128  129  130  132  134  135  136  137  138  138  138  138  137  136  135
  134  133  132  132  131  131  132  133  135  137  140  143  147  151  156  161
  166  172  177  183  188  193  198  202  205
    77.5-180.0 180.0   5.0 450.0                            LAT/LON1/LON2/DLON/H
  204  207  208  209  207  205  201  197  192  187  182  178  174  172  170  169
  168  167  166  165  162  159  155  150  144  139  133  129  125  122  120  120
  120  122  124  126  129  132  134  136  138  138  139  139  138  137  136  134
  133  131  130  129  128  128  128  129  131  133  135  138  142  146  151  156
  161  167  173  179  185  191  196  200  204
    75.0-180.0 180.0   5.0 450.0                            LAT/LON1/LON2/DLON/H
  201  204  206  206  205  202  198  192  186  180  174  169  165  163  162  163
  164  166  167  167  165  162  158  152  145  138  131  125  120  117  116  116
  117  120  123  126  129  133  135  138  139  141  141  141  141  140  139  137
  136  135  134  133  133  133  133  134  136  138  140  142  145  148  151  155
  160  165  170  175  181  186  192  196  201
    72.5-180.0 180.0   5.0 450.0                            LAT/LON1/LON2/DLON/H
  196  199  202  203  202  199  194  188  181  174  167  161  157  156  156  158
  161  164  167  169  168  165  161  154  146  138  130  123  118  115  115  115
  118  121  124  128  131  135  137  140  142  143  144  144  144  144  144  143
  143  143  143  143  144  145  147  148  150  151  153  154  156  158  160  162
  164  167  170  174  178  182  187  191  196
    70.0-180.0 180.0   5.0 450.0                            LAT/LON1/LON2/DLON/H
  191  194  197  199  199  197  194  188  180  172  164  158  153  151  151  154
  158  162  166  168  168  166  161  153  145  136  128  122  118  116  116  118
  121  125  128  131  134  137  139  141  142  144  145  147  148  149  150  151
  152  154  155  157  160  162  165  167  170  171  172  173  174  174  174  174
  175  175  176  177  178  181  184  187  191
    67.5-180.0 180.0   5.0 450.0                            LAT/LON1/LON2/DLON/H
  188  191  194  197  198  198  195  190  183  175  167  160  154  151  150  152
  155  158  162  164  164  161  156  149  141  133  126  121  118  118  120  123
  126  129  132  134  136  137  138  140  141  143  145  148  150  153  156  159
  161  165  168  172  176  180  184  187  190  192  193  193  193  193  192  190
  189  187  186  184  183  183  184  185  188
    65.0-180.0 180.0   5.0 450.0                            LAT/LON1/LON2/DLON/H
  188  190  193  196  199  200  199  196  190  183  174  166  160  155  152  152
  152  154  155  155  154  151  147  140  134  127  122  119  119  121  124  128
  131  134  135  135  135  135  136  137  138  141  144  148  152  156  160  165
  169  174  178  183  188  194  198  203  206  208  209  210  210  209  208  207
  205  202  199  196  193  190  188  188  188
    62.5-180.0 180.0   5.0 450.0                            LAT/LON1/LON2/DLON/H
  194  194  196  199  202  204  205  203  198  192  184  176  169  163  158  155
  152  150  148  145  143  139  136  131  126  122  120  120  121  125  129  133
  135  136  136  134  133  132  132  133  135  138  142  147  152  158  163  169
  174  179  184  189  195  200  205  210  213  216  217  218  219  219  219  219
  218  217  214  211  207  202  198  195  194
    60.0-180.0 180.0   5.0 450.0                            LAT/LON1/LON2/DLON/H
  205  203  203  204  207  209  210  209  206  201  195  188  181  174  168  162
  155  149  142  137  133  130  127  125  123  122  122  123  126  130  134  137
  137  136  134  131  128  127  127  129  132  136  140  145  151  158  164  170
  175  180  185  190  194  199  204  208  211  214  216  217  219  221  223  225
  227  227  227  225  222  218  213  208  205
    57.5-180.0 180.0   5.0 450.0                            LAT/LON1/LON2/DLON/H
  220  216  214  214  215  216  216  215  212  208  203  198  193  187  180  172
  163  153  143  135  129  126  126  126  127  128  129  131  134  136  138  139
  137  134  129  125  123  122  124  127  130  134  138  143  149  156  163  170
  175  179  183  186  189  193  196  200  202  204  206  208  211  214  219  224
  229  233  236  237  236  234  230  225  220
    55.0-180.0 180.0   5.0 450.0                            LAT/LON1/LON2/DLON/H
  238  233  230  227  225  224  223  220  217  213  209  206  203  200  195  187
  177  164  152  142  136  133  134  137  140  142  143  144  144  144  143  140
  135  130  124  120  118  119  122  126  129  133  136  140  146  153  161  169
  174  178  181  182  184  185  187  189  191  192  194  196  199  204  210  217
  225  233  239  244  247  248  246  243  238
    52.5-180.0 180.0   5.0 450.0                            LAT/LON1/LON2/DLON/H
  256  252  247  243  239  235  231  226  221  217  213  212  212  212  210  204
  195  182  169  158  152  151  153  158  162  163  163  161  158  153  148  142
  134  126  120  116  116  118  122  127  130  132  133  137  142  150  160  169
  176  180  182  182  181  181  182  182  183  183  184  185  188  193  200  209
  218  228  238  246  253  258  260  259  256
    50.0-180.0 180.0   5.0 450.0                            LAT/LON1/LON2/DLON/H
  271  269  265  260  255  249  242  234  227  221  217  216  219  222  224  222
  216  205  193  182  176  176  180  185  189  189  186  180  172  164  154  144
  135  126  119  116  117  120  125  129  131  131  131  133  139  148  160  172
  180  186  188  187  186  184  184  183  183  183  182  182  184  188  194  202
  211  222  233  244  254  263  268  271  271
    47.5-180.0 180.0   5.0 450.0                            LAT/LON1/LON2/DLON/H
  282  282  281  277  271  264  255  246  236  228  223  222  226  232  238  240
  237  229  218  209  204  204  208  213  216  215  209  199  187  175  162  150
  139  130  124  121  122  126  130  133  133  132  130  131  137  149  163  178
  190  197  200  200  198  196  195  194  193  192  191  189  189  191  195  200
  208  218  228  240  252  263  272  278  282
    45.0-180.0 180.0   5.0 450.0                            LAT/LON1/LON2/DLON/H
  287  291  292  291  287  280  271  260  249  239  232  231  234  242  250  255
  256  251  242  234  229  229  233  237  239  236  227  215  201  186  172  159
  148  139  134  132  132  135  138  139  138  134  131  132  139  152  170  188
  202  212  217  218  217  215  214  213  212  211  209  206  204  203  204  207
  212  219  228  238  249  260  271  280  287
    42.5-180.0 180.0   5.0 450.0                            LAT/LON1/LON2/DLON/H
  288  295  300  301  299  295  287  277  266  255  247  244  246  252  261  267
  270  267  260  252  247  246  249  253  253  249  240  227  213  198  184  171
  161  154  149  147  146  147  148  148  145  140  136  137  144  159  179  199
  217  229  236  239  239  238  237  237  237  235  232  229  225  222  221  221
  224  228  234  241  250  260  270  280  288
    40.0-180.0 180.0   5.0 450.0                            LAT/LON1/LON2/DLON/H
  290  299  305  309  310  308  303  295  286  275  267  262  261  265  271  277
  279  276  270  262  256  255  256  259  259  255  247  236  223  209  197  186
  177  171  168  165  163  161  160  159  155  150  146  146  154  169  190  211
  230  244  253  258  259  260  260  260  260  259  257  253  248  244  242  242
  243  246  249  253  258  264  272  281  290
    37.5-180.0 180.0   5.0 450.0                            LAT/LON1/LON2/DLON/H
  296  305  313  318  321  321  319  314  307  299  290  283  279  279  282  284
  284  280  273  265  258  255  255  257  258  255  249  241  232  220  209  199
  193  189  186  183  179  176  173  171  168  163  159  159  165  180  199  220
  239  253  264  270  274  276  277  278  278  278  276  273  269  266  265  266
  268  271  273  274  276  278  282  288  296
    35.0-180.0 180.0   5.0 450.0                            LAT/LON1/LON2/DLON/H
  311  319  326  331  334  336  336  334  330  323  315  307  300  295  292  290
  286  280  272  262  255  251  251  253  254  253  251  246  239  230  219  210
  204  201  200  197  193  189  186  184  182  178  173  171  176  188  204  223
  240  255  267  275  280  283  285  287  288  289  288  286  284  284  286  290
  295  300  303  304  303  302  302  306  311
    32.5-180.0 180.0   5.0 450.0                            LAT/LON1/LON2/DLON/H
  337  343  349  353  355  357  357  357  354  348  340  330  321  312  304  296
  288  279  270  260  252  249  248  250  252  252  252  250  245  236  225  214
  208  206  206  204  201  198  195  195  193  189  184  180  182  190  204  219
  235  249  261  271  279  283  285  287  289  291  292  292  293  296  302  310
  320  329  335  338  337  334  333  334  337
    30.0-180.0 180.0   5.0 450.0                            LAT/LON1/LON2/DLON/H
  374  379  383  386  387  386  386  384  380  373  364  353  341  329  316  303
  291  280  269  260  254  251  251  253  254  255  255  254  248  237  223  210
  202  201  202  203  202  200  199  200  199  194  187  181  180  185  195  209
  222  236  249  261  271  277  280  282  284  287  290  293  297  303  313  326
  340  354  365  371  373  371  370  370  374
    27.5-180.0 180.0   5.0 450.0                            LAT/LON1/LON2/DLON/H
  416  422  427  429  429  426  422  418  411  401  388  375  360  344  328  311
  296  283  273  265  261  260  261  262  262  260  259  255  247  232  213  196
  186  185  188  192  194  195  196  197  195  190  181  172  168  171  180  192
  206  220  235  249  261  268  272  275  278  282  286  292  299  309  322  338
  356  373  389  400  405  407  408  411  416
    25.0-180.0 180.0   5.0 450.0                            LAT/LON1/LON2/DLON/H
  459  468  475  479  478  474  467  458  446  431  413  395  377  358  339  319
  302  288  279  274  273  274  276  275  272  266  260  252  239  220  196  174
  162  160  166  173  178  182  184  184  181  174  163  152  147  150  160  173
  188  204  221  238  253  262  268  271  275  280  286  294  304  315  330  347
  366  386  404  419  430  436  442  450  459
    22.5-180.0 180.0   5.0 450.0                            LAT/LON1/LON2/DLON/H
  494  509  520  528  529  525  516  502  485  463  439  416  393  371  348  326
  307  294  286  284  285  288  290  287  279  268  256  243  225  200  172  147
  133  132  139  149  157  162  165  164  158  148  136  125  121  125  137  153
  171  190  211  231  249  261  269  273  278  285  293  303  314  327  341  356
  373  392  412  429  444  455  467  480  494
    20.0-180.0 180.0   5.0 450.0                            LAT/LON1/LON2/DLON/H
  517  537  555  568  573  571  562  546  524  496  466  436  408  381  354  330
  310  296  290  290  293  297  298  293  280  263  245  226  204  176  145  120
  106  104  112  124  133  139  141  137  129  118  105   96   93  100  116  136
  158  181  206  230  251  266  275  282  289  297  307  319  333  345  357  367
  380  395  413  431  448  463  479  497  517
    17.5-180.0 180.0   5.0 450.0                            LAT/LON1/LON2/DLON/H
  524  549  573  592  603  606  599  583  559  527  491  455  421  389  359  331
  309  295  289  289  293  297  296  288  270  248  225  203  178  150  120   96
   84   83   91  103  112  117  116  110   99   88   77   69   70   79   98  122
  149  176  205  233  257  275  287  296  305  315  328  342  357  370  378  383
  390  399  413  429  445  461  479  501  524
    15.0-180.0 180.0   5.0 450.0                            LAT/LON1/LON2/DLON/H
  518  545  572  597  614  622  619  606  583  551  512  472  432  395  361  330
  305  289  282  280  282  285  282  271  250  224  199  176  152  126  101   81
   72   72   79   89   97   99   95   86   75   64   56   52   54   65   85  112
  142  174  206  237  264  284  299  310  322  335  350  367  384  397  403  404
  403  407  416  428  441  455  473  494  518
    12.5-180.0 180.0   5.0 450.0                            LAT/LON1/LON2/DLON/H
  503  529  557  584  606  619  621  613  594  564  526  484  441  400  361  327
  299  280  269  264  263  262  257  244  222  196  171  150  129  109   90   76
   71   72   78   84   88   88   81   70   59   51   47   46   48   58   76  104
  136  171  206  239  268  291  307  321  335  351  369  389  409  424  429  426
  421  420  424  431  440  451  464  482  503
    10.0-180.0 180.0   5.0 450.0                            LAT/LON1/LON2/DLON/H
  488  508  533  560  584  599  606  602  589  565  531  490  445  402  360  323
  292  270  254  245  239  234  227  213  191  167  146  128  113   99   88   81
   81   83   85   87   88   85   75   63   53   49   49   50   51   56   71   96
  128  165  202  237  267  291  309  325  341  359  380  404  427  444  450  447
  440  436  437  441  446  452  460  472  488
     7.5-180.0 180.0   5.0 450.0                            LAT/LON1/LON2/DLON/H
  478  491  510  533  554  570  579  580  573  555  526  488  445  401  359  320
  288  262  242  226  215  206  197  183  164  144  128  115  106   98   94   94
   97   99   99   96   93   87   77   65   57   57   61   63   60   59   66   87
  118  155  193  229  259  283  302  320  338  358  381  408  434  455  464  462
  456  453  453  456  458  460  464  469  478
     5.0-180.0 180.0   5.0 450.0                            LAT/LON1/LON2/DLON/H
  477  482  494  510  528  542  550  553  550  538  514  481  441  399  358  320
  287  259  234  214  197  185  173  160  145  130  118  111  106  103  105  110
  116  117  113  107  101   93   82   72   67   71   77   78   70   61   61   76
  105  141  180  215  245  268  287  305  324  346  370  399  428  452  465  468
  466  465  469  472  474  475  475  475  477
     2.5-180.0 180.0   5.0 450.0                            LAT/LON1/LON2/DLON/H
  486  485  489  499  511  521  527  529  527  518  499  470  435  396  358  323
  291  261  234  209  188  173  160  148  136  125  118  114  112  112  117  125
  132  132  125  115  107   99   89   80   78   84   92   91   78   62   55   65
   90  125  162  197  225  247  265  283  303  325  350  379  410  437  454  461
  464  469  477  484  488  490  490  488  486
