IONEX/Новая папка/corg1680.22i
     1.0            IONOSPHERE MAPS     GNSS                IONEX VERSION / TYPE
ADDNEQ2 V5.5        AIUB                18-JUN-22 08:30     PGM / RUN BY / DATE 
CODE'S RAPID IONOSPHERE MAPS FOR DAY 168, 2022              COMMENT             
Global ionosphere maps (GIM) are generated on a daily basis DESCRIPTION         
at CODE using data from about 120 GNSS sites of the IGS and DESCRIPTION         
other institutions. The vertical total electron content     DESCRIPTION         
(VTEC) is modeled in a solar-geomagnetic reference frame    DESCRIPTION         
using a spherical harmonics expansion up to degree and      DESCRIPTION         
order 15. Piece-wise linear functions are used for          DESCRIPTION         
representation in the time domain. The time spacing of      DESCRIPTION         
their vertices is 1 hour, conforming with the epochs of the DESCRIPTION         
VTEC maps.                                                  DESCRIPTION         
To convert line-of-sight TEC into vertical TEC, a modified  DESCRIPTION         
single-layer model mapping function approximating the JPL   DESCRIPTION         
extended slab model mapping function is adopted. The        DESCRIPTION         
mapping function is evaluated at geodetic satellite         DESCRIPTION         
elevation angles. For the computation of the ionospheric    DESCRIPTION         
pierce points, a spherical layer with a radius of 6821 km   DESCRIPTION         
is assumed, implying geocentric, not geodetic IONEX         DESCRIPTION         
latitudes.                                                  DESCRIPTION         
Instrumental biases with respect to each involved GNSS code DESCRIPTION         
observable are estimated as constant values for each        DESCRIPTION         
day. They are modeled with one set of bias parameters for   DESCRIPTION         
each satellite and each station in case of GPS and for each DESCRIPTION         
satellite-station link in case of GLONASS. The code bias    DESCRIPTION         
datum is defined by zero-mean conditions imposed on the     DESCRIPTION         
satellite bias estimates. In this file, just GPS C1W-C2W    DESCRIPTION         
satellite and station bias values are included. The         DESCRIPTION         
complete set of GNSS code bias results is provided in an    DESCRIPTION         
additional Bias-SINEX file as pseudo-absolute values        DESCRIPTION         
specific to each observable.                                DESCRIPTION         
Note: These GIM results correspond to the results for the   DESCRIPTION         
last day of a 3-day combination analysis solving for 73     DESCRIPTION         
times 256, or 18688 VTEC parameters and 3 daily sets of     DESCRIPTION         
GNSS code bias parameters.                                  DESCRIPTION         
Contact address: code(at)aiub.unibe.ch                      DESCRIPTION         
Data archive:    ftp.aiub.unibe.ch/CODE/                    DESCRIPTION         
                 www.aiub.unibe.ch/download/CODE/           DESCRIPTION         
  2022     6    17     0     0     0                        EPOCH OF FIRST MAP  
  2022     6    18     0     0     0                        EPOCH OF LAST MAP   
  3600                                                      INTERVAL            
[...]
    87.5 -87.5  -2.5                                        LAT1 / LAT2 / DLAT  
  -180.0 180.0   5.0                                        LON1 / LON2 / DLON  
    -1                                                      EXPONENT            
TEC/RMS values in 0.1 TECU; 9999, if no value available     COMMENT             
Peak TEC values for the included maps:                      COMMENT             
 612  613  622  611  582  558  540  545  556  587  591  594 COMMENT             
 582  560  548  561  594  605  584  577  587  589  584  586 COMMENT             
 599                                                        COMMENT             
List of stations:                                           COMMENT             
albh algo alic areq ascg auck bake bjco bjfs bogo bor1 braz COMMENT             
brft brst brux bshm cas1 ccj2 chpi chti chur cord cpvg cro1 COMMENT             
darw dav1 dgar dubo faa1 fair flin flrs frdn func ganp glsv COMMENT             
gode godz gope gras graz guam hers hert hob2 hofn hrao hyde COMMENT             
iisc invk iqal joz2 jplm kerg kir0 kit3 kokv kour lpal lpgs COMMENT             
mac1 mal2 mas1 mat1 mate maw1 mcm4 mizu mkea mobs mtka nano COMMENT             
nklg nnor not1 nya1 onsa park pdel penc pert pots qaq1 rabt COMMENT             
reun reyk rio2 sant sch2 scub sofi sthl stjo str2 suth sydn COMMENT             
syog tabv tash thti thu2 tid1 tow2 tskb ulab unb3 unbj unsa COMMENT             
urum usud vald whit wind wtzz yarr yel2 zamb zim2 zimm      COMMENT             
                                                            END OF HEADER       
     1                                                      START OF TEC MAP    
  2022     6    17     0     0     0                        EPOCH OF CURRENT MAP
    87.5-180.0 180.0   5.0 450.0                            LAT/LON1/LON2/DLON/H
  164  165  166  166  167  168  168  169  169  169  169  169  168  168  167  167
  166  165  164  163  162  161  160  158  157  156  155  153  152  151  150  149
  148  147  146  145  145  144  144  143  143  143  142  142  142  142  142  143
  143  143  143  144  144  145  145  146  147  147  148  149  150  151  152  153
  154  156  157  158  159  160  162  163  164
    85.0-180.0 180.0   5.0 450.0                            LAT/LON1/LON2/DLON/H
  173  175  177  179  181  182  183  184  184  185  184  184  183  182  181  179
  178  176  174  172  170  168  166  163  161  159  156  154  151  149  147  145
  143  141  140  138  137  137  136  136  136  136  136  136  136  136  136  137
  137  137  138  138  139  139  140  140  141  142  143  144  146  147  149  151
  153  155  158  160  163  165  168  170  173
    82.5-180.0 180.0   5.0 450.0                            LAT/LON1/LON2/DLON/H
  180  184  188  191  194  196  198  198  199  199  198  197  195  193  191  189
  187  185  183  180  178  175  172  169  166  162  159  155  151  148  144  141
  139  137  135  133  133  132  132  132  133  133  134  134  135  136  136  136
  136  137  137  137  137  137  137  138  138  139  140  141  142  143  145  147
  150  153  156  160  163  167  172  176  180
    80.0-180.0 180.0   5.0 450.0                            LAT/LON1/LON2/DLON/H
  184  190  195  200  204  207  209  210  210  209  208  205  202  199  197  194
  191  189  187  185  183  181  178  175  172  167  163  158  153  148  144  139
  136  133  132  130  130  130  131  132  134  135  137  138  139  140  140  140
  140  140  139  139  139  138  138  138  138  138  138  139  140  141  142  144
  146  149  153  157  161  166  172  178  184
    77.5-180.0 180.0   5.0 450.0                            LAT/LON1/LON2/DLON/H
  184  192  199  206  212  216  219  220  219  217  213  209  205  200  196  192
  190  188  187  186  186  184  183  180  177  172  167  161  155  149  143  138
  134  131  130  129  129  131  133  135  137  140  142  144  145  146  146  146
  145  145  144  143  142  142  142  142  141  141  141  142  142  142  142  143
  144  146  149  153  157  163  169  177  184
    75.0-180.0 180.0   5.0 450.0                            LAT/LON1/LON2/DLON/H
  182  191  200  208  216  221  225  226  225  222  217  210  203  196  191  186
  183  182  182  182  183  184  184  182  179  175  169  162  155  149  142  137
  133  130  129  129  130  132  135  138  141  144  147  149  150  151  151  151
  150  149  148  148  147  147  148  148  149  149  149  149  149  148  147  147
  146  147  148  151  154  159  166  173  182
    72.5-180.0 180.0   5.0 450.0                            LAT/LON1/LON2/DLON/H
  178  187  197  207  216  223  229  231  230  226  219  210  201  192  184  178
  174  172  172  174  176  179  180  179  177  173  167  161  153  147  140  135
  132  130  129  129  131  134  137  140  144  147  150  152  153  154  154  153
  152  152  151  151  152  153  155  156  158  160  161  161  161  159  158  156
  154  152  152  152  154  158  163  170  178
    70.0-180.0 180.0   5.0 450.0                            LAT/LON1/LON2/DLON/H
  175  183  193  203  214  223  229  233  233  230  222  213  202  190  180  171
  166  163  162  164  166  169  171  171  169  166  161  155  149  143  138  134
  131  130  130  131  133  135  138  141  144  147  149  151  152  153  153  152
  152  152  152  153  155  158  162  165  169  172  174  176  176  174  172  169
  166  164  161  160  160  161  164  168  175
    67.5-180.0 180.0   5.0 450.0                            LAT/LON1/LON2/DLON/H
  175  181  189  198  209  219  228  234  236  234  228  218  207  194  182  171
  163  157  155  154  155  157  158  159  158  155  151  147  142  139  136  134
  133  132  133  134  135  136  138  139  141  143  145  146  147  148  148  148
  149  150  152  154  158  162  167  173  179  183  187  190  191  190  188  186
  182  179  176  173  171  170  170  171  175
    65.0-180.0 180.0   5.0 450.0                            LAT/LON1/LON2/DLON/H
  179  181  186  194  203  214  224  233  238  239  235  228  217  204  191  179
  168  159  153  149  147  146  146  146  146  144  142  140  138  136  135  136
  136  137  137  137  137  136  136  137  137  138  138  139  140  140  141  143
  145  147  150  154  159  165  171  178  185  191  196  200  202  203  202  201
  199  196  193  190  187  184  181  179  179
    62.5-180.0 180.0   5.0 450.0                            LAT/LON1/LON2/DLON/H
  189  187  188  192  199  209  220  230  239  243  243  239  231  220  208  195
  182  170  159  150  144  141  139  138  138  138  138  138  138  138  139  141
  142  143  142  141  139  137  135  133  132  132  131  131  131  132  134  136
  140  144  148  153  159  165  172  179  187  194  200  204  207  209  211  211
  211  211  210  209  206  202  197  193  189
    60.0-180.0 180.0   5.0 450.0                            LAT/LON1/LON2/DLON/H
  203  198  195  195  199  206  217  228  238  246  249  249  245  238  229  217
  203  188  174  161  151  144  141  140  140  142  143  144  145  146  148  149
  150  149  148  144  141  137  133  131  129  127  125  124  123  124  126  130
  135  141  146  152  158  164  171  177  184  191  197  202  206  209  212  215
  218  221  223  224  223  220  216  210  203
    57.5-180.0 180.0   5.0 450.0                            LAT/LON1/LON2/DLON/H
  221  213  207  204  205  209  217  227  238  247  253  257  257  255  249  240
  228  212  196  180  167  159  155  154  155  157  159  160  160  161  161  160
  159  156  152  147  142  137  133  130  127  124  121  118  116  117  120  125
  131  138  145  151  157  163  168  174  179  185  191  196  200  204  208  213
  218  224  230  234  236  236  233  227  221
    55.0-180.0 180.0   5.0 450.0                            LAT/LON1/LON2/DLON/H
  238  232  225  220  217  218  223  231  240  248  255  261  265  267  266  261
  251  238  222  206  193  184  180  180  182  184  185  185  183  180  176  172
  167  162  156  149  142  137  133  130  127  124  119  114  111  111  114  120
  128  136  144  151  157  162  166  170  175  180  184  188  191  195  200  205
  213  221  230  237  242  245  245  243  238
    52.5-180.0 180.0   5.0 450.0                            LAT/LON1/LON2/DLON/H
  254  251  246  241  237  235  236  240  246  251  257  262  267  271  275  275
  270  261  248  235  223  216  214  215  217  219  218  215  209  201  193  184
  175  166  157  149  142  137  134  132  129  125  119  112  107  106  109  116
  125  135  145  152  158  163  167  170  174  177  181  183  186  188  192  197
  205  215  224  233  241  247  252  254  254
    50.0-180.0 180.0   5.0 450.0                            LAT/LON1/LON2/DLON/H
  265  268  267  264  260  257  255  256  257  258  259  261  265  271  277  281
  282  278  271  262  255  250  250  253  255  255  252  245  234  221  207  193
  180  169  159  150  143  138  135  134  132  128  121  112  105  103  106  114
  124  135  146  155  162  167  172  175  179  182  184  185  186  186  188  192
  199  208  217  226  235  244  252  260  265
    47.5-180.0 180.0   5.0 450.0                            LAT/LON1/LON2/DLON/H
  272  281  285  285  283  280  278  275  273  269  266  263  263  267  273  280
  286  288  288  285  282  282  284  286  288  286  279  269  254  237  219  201
  185  172  161  152  145  140  138  137  136  132  124  114  106  102  105  113
  125  136  148  158  167  175  181  186  190  193  195  195  194  192  191  193
  198  204  212  219  228  237  248  260  272
    45.0-180.0 180.0   5.0 450.0                            LAT/LON1/LON2/DLON/H
  275  288  297  302  303  302  300  297  293  286  277  269  264  264  268  276
  285  292  298  301  303  305  308  310  309  305  296  283  266  247  226  207
  190  177  167  158  150  145  142  142  142  138  130  119  110  106  109  117
  128  139  151  163  175  185  194  201  206  210  212  212  209  205  201  201
  203  207  212  217  223  232  244  259  275
    42.5-180.0 180.0   5.0 450.0                            LAT/LON1/LON2/DLON/H
  276  292  304  312  316  318  319  318  313  304  293  281  272  266  266  272
  282  293  303  310  316  319  321  321  318  311  300  286  270  251  231  212
  197  185  176  168  159  153  149  149  149  147  140  129  120  116  117  124
  133  144  155  168  183  197  209  218  225  231  233  232  228  222  217  215
  215  218  220  222  225  232  243  259  276
    40.0-180.0 180.0   5.0 450.0                            LAT/LON1/LON2/DLON/H
  280  295  307  317  323  329  333  334  331  324  312  299  286  276  271  272
  280  292  305  315  321  323  323  319  313  304  293  281  267  251  234  218
  205  197  190  182  173  164  159  158  160  160  154  145  135  130  131  135
  141  149  159  173  189  206  221  233  243  250  254  253  249  242  236  233
  233  234  235  236  237  241  250  264  280
    37.5-180.0 180.0   5.0 450.0                            LAT/LON1/LON2/DLON/H
  291  302  312  320  328  335  342  347  347  342  333  320  306  293  283  280
  284  295  307  317  321  320  316  310  301  291  281  272  262  250  236  224
  214  209  205  198  188  177  170  170  174  176  173  165  155  149  146  147
  149  153  161  174  192  212  230  244  255  264  269  270  266  260  254  251
  252  254  255  255  256  259  267  278  291
    35.0-180.0 180.0   5.0 450.0                            LAT/LON1/LON2/DLON/H
  310  317  322  327  334  343  351  357  359  357  352  343  331  317  303  295
  295  303  312  319  319  314  306  297  288  278  270  263  256  249  239  229
  222  219  217  212  201  189  182  183  188  194  193  186  175  167  161  158
  155  154  159  171  190  212  231  247  260  270  278  281  278  273  268  267
  269  273  277  279  281  285  292  301  310
    32.5-180.0 180.0   5.0 450.0                            LAT/LON1/LON2/DLON/H
  339  341  342  344  349  357  365  370  372  372  371  367  358  345  329  316
  312  315  321  323  319  309  298  288  279  270  263  258  254  248  239  231
  225  224  224  220  210  198  191  193  201  209  210  203  192  180  171  163
  156  151  152  164  183  205  225  242  256  269  279  285  284  281  278  279
  283  290  296  302  308  315  324  333  339
    30.0-180.0 180.0   5.0 450.0                            LAT/LON1/LON2/DLON/H
  374  375  373  372  376  383  388  391  390  389  390  390  386  374  358  342
  333  332  334  331  320  306  293  284  277  271  264  259  254  247  237  227
  220  219  220  218  210  200  195  198  209  218  220  212  199  185  172  161
  150  142  141  151  170  193  214  231  247  262  275  283  285  284  283  286
  293  301  311  320  332  345  358  369  374
    27.5-180.0 180.0   5.0 450.0                            LAT/LON1/LON2/DLON/H
  412  413  411  411  415  421  424  422  416  411  411  414  413  404  387  368
  356  351  348  340  324  306  294  287  283  278  271  263  255  245  231  217
  207  204  205  205  199  192  190  195  207  216  218  209  194  177  163  150
  137  127  125  135  154  177  198  216  233  251  267  278  283  284  286  291
  299  309  320  333  349  368  388  403  412
    25.0-180.0 180.0   5.0 450.0                            LAT/LON1/LON2/DLON/H
  445  451  453  456  463  469  470  463  451  441  438  440  441  433  416  395
  379  370  363  349  329  309  297  294  293  289  279  267  254  238  219  199
  186  180  181  182  179  176  177  183  194  202  201  191  175  158  143  130
  118  109  107  117  137  160  182  201  220  241  259  273  281  285  289  295
  303  313  325  340  360  384  409  431  445
    22.5-180.0 180.0   5.0 450.0                            LAT/LON1/LON2/DLON/H
  468  480  489  498  510  520  521  511  493  477  470  470  470  462  443  420
  401  388  376  357  332  310  299  299  301  296  284  266  247  226  202  178
  160  152  151  153  154  154  157  163  171  176  173  162  146  130  117  107
   97   90   89  100  120  144  167  189  211  234  255  271  281  287  293  300
  308  317  329  344  365  391  420  447  468
    20.0-180.0 180.0   5.0 450.0                            LAT/LON1/LON2/DLON/H
  477  497  513  529  548  563  567  557  537  518  506  502  500  490  469  444
  421  404  386  362  334  309  298  299  301  295  279  257  234  210  183  156
  135  124  122  125  128  131  135  140  143  144  138  127  112   99   89   83
   78   73   74   85  106  131  157  181  206  231  254  272  283  292  300  309
  317  325  334  347  366  391  421  451  477
    17.5-180.0 180.0   5.0 450.0                            LAT/LON1/LON2/DLON/H
  472  497  520  543  568  590  599  593  576  556  542  535  529  517  494  466
  439  417  394  365  332  304  291  290  291  282  263  240  216  192  165  138
  116  104  101  103  107  112  116  117  116  111  103   93   81   71   66   64
   63   60   62   73   95  122  150  178  205  233  257  275  288  299  310  320
  329  336  344  355  369  389  415  444  472
    15.0-180.0 180.0   5.0 450.0                            LAT/LON1/LON2/DLON/H
  458  485  510  538  567  595  611  612  601  585  572  564  556  541  517  486
  456  429  400  366  328  296  279  274  270  258  238  216  196  176  153  128
  108   95   91   93   97  102  104  101   94   86   76   67   59   53   52   54
   54   53   54   64   86  116  147  177  207  236  261  280  294  307  321  334
  344  353  361  369  377  389  407  432  458
    12.5-180.0 180.0   5.0 450.0                            LAT/LON1/LON2/DLON/H
  442  465  489  517  548  578  600  609  607  599  591  584  576  560  536  504
  471  439  405  365  323  287  264  253  243  228  209  192  178  165  148  129
  111  100   96   96   99  102  102   96   84   72   63   56   50   47   48   51
   52   50   49   58   80  110  144  177  209  239  264  283  299  314  331  347
  361  373  383  390  393  396  404  420  442
    10.0-180.0 180.0   5.0 450.0                            LAT/LON1/LON2/DLON/H
  430  448  467  489  517  546  571  588  595  597  596  593  586  571  549  518
  484  448  409  365  319  279  250  232  216  198  181  171  167  163  153  139
  125  116  112  110  111  113  111  101   87   73   64   59   56   54   54   56
   56   50   46   52   73  104  140  174  208  238  264  283  300  318  339  359
  376  393  407  415  416  411  409  416  430
     7.5-180.0 180.0   5.0 450.0                            LAT/LON1/LON2/DLON/H
  429  440  452  466  486  510  534  554  570  580  587  588  584  573  554  527
  492  454  411  365  317  275  242  217  195  175  162  159  164  167  163  154
  145  138  134  131  130  129  125  115   99   86   79   75   71   68   66   65
   61   52   44   47   66   96  132  167  201  232  258  279  297  318  342  365
  387  409  429  441  442  433  424  423  429
     5.0-180.0 180.0   5.0 450.0                            LAT/LON1/LON2/DLON/H
  443  447  451  457  467  482  500  519  538  555  567  573  572  565  551  528
  496  457  412  365  318  276  241  210  184  163  154  158  169  177  177  170
  164  160  156  151  148  146  141  131  117  105  100   97   91   84   78   73
   65   52   40   40   57   86  120  154  188  220  247  269  290  313  339  364
  390  417  444  463  467  459  447  441  443
     2.5-180.0 180.0   5.0 450.0                            LAT/LON1/LON2/DLON/H
  467  468  467  465  465  470  478  492  509  528  543  551  553  550  541  523
  494  455  411  365  321  282  246  214  185  164  157  165  178  187  187  181
  177  174  170  164  159  156  152  143  133  124  120  117  108   97   86   77
   65   49   35   33   47   73  104  136  170  203  232  257  279  303  330  356
  384  415  448  474  485  482  473  467  467
