IONEX/Новая папка/corg1680.22i
     1.0            IONOSPHERE MAPS     GNSS                IONEX VERSION / TYPE
ADDNEQ2 V5.5        AIUB                18-JUN-22 08:30     PGM / RUN BY / DATE 
CODE'S RAPID IONOSPHERE MAPS FOR DAY 168, 2022              COMMENT             
Global ionosphere maps (GIM) are generated on a daily basis DESCRIPTION         
at CODE using data from about 120 GNSS sites of the IGS and DESCRIPTION         
other institutions. The vertical total electron content     DESCRIPTION         
(VTEC) is modeled in a solar-geomagnetic reference frame    DESCRIPTION         
using a spherical harmonics expansion up to degree and      DESCRIPTION         
order 15. Piece-wise linear functions are used for          DESCRIPTION         
representation in the time domain. The time spacing of      DESCRIPTION         
their vertices is 1 hour, conforming with the epochs of the DESCRIPTION         
VTEC maps.                                                  DESCRIPTION         
To convert line-of-sight TEC into vertical TEC, a modified  DESCRIPTION         
single-layer model mapping function approximating the JPL   DESCRIPTION         
extended slab model mapping function is adopted. The        DESCRIPTION         
mapping function is evaluated at geodetic satellite         DESCRIPTION         
elevation angles. For the computation of the ionospheric    DESCRIPTION         
pierce points, a spherical layer with a radius of 6821 km   DESCRIPTION         
is assumed, implying geocentric, not geodetic IONEX         DESCRIPTION         
latitudes.                                                  DESCRIPTION         
Instrumental biases with respect to each involved GNSS code DESCRIPTION         
observable are estimated as constant values for each        DESCRIPTION         
day. They are modeled with one set of bias parameters for   DESCRIPTION         
each satellite and each station in case of GPS and for each DESCRIPTION         
satellite-station link in case of GLONASS. The code bias    DESCRIPTION         
datum is defined by zero-mean conditions imposed on the     DESCRIPTION         
satellite bias estimates. In this file, just GPS C1W-C2W    DESCRIPTION         
satellite and station bias values are included. The         DESCRIPTION         
complete set of GNSS code bias results is provided in an    DESCRIPTION         
additional Bias-SINEX file as pseudo-absolute values        DESCRIPTION         
specific to each observable.                                DESCRIPTION         
Note: These GIM results correspond to the results for the   DESCRIPTION         
last day of a 3-day combination analysis solving for 73     DESCRIPTION         
times 256, or 18688 VTEC parameters and 3 daily sets of     DESCRIPTION         
GNSS code bias parameters.                                  DESCRIPTION         
Contact address: code(at)aiub.unibe.ch                      DESCRIPTION         
Data archive:    ftp.aiub.unibe.ch/CODE/                    DESCRIPTION         
                 www.aiub.unibe.ch/download/CODE/           DESCRIPTION         
  2022     6    17     0     0     0                        EPOCH OF FIRST MAP  
  2022     6    18     0     0     0                        EPOCH OF LAST MAP   
  3600                                                      INTERVAL            
[...]
    87.5 -87.5  -2.5                                        LAT1 / LAT2 / DLAT  
  -180.0 180.0   5.0                                        LON1 / LON2 / DLON  
    -1                                                      EXPONENT            
TEC/RMS values in 0.1 TECU; 9999, if no value available     COMMENT             
Peak TEC values for the included maps:                      COMMENT             
 612  613  622  611  582  558  540  545  556  587  591  594 COMMENT             
 582  560  548  561  594  605  584  577  587  589  584  586 COMMENT             
 599                                                        COMMENT             
List of stations:                                           COMMENT             
albh algo alic areq ascg auck bake bjco bjfs bogo bor1 braz COMMENT             
brft brst brux bshm cas1 ccj2 chpi chti chur cord cpvg cro1 COMMENT             
darw dav1 dgar dubo faa1 fair flin flrs frdn func ganp glsv COMMENT             
gode godz gope gras graz guam hers hert hob2 hofn hrao hyde COMMENT             
iisc invk iqal joz2 jplm kerg kir0 kit3 kokv kour lpal lpgs COMMENT             
mac1 mal2 mas1 mat1 mate maw1 mcm4 mizu mkea mobs mtka nano COMMENT             
nklg nnor not1 nya1 onsa park pdel penc pert pots qaq1 rabt COMMENT             
reun reyk rio2 sant sch2 scub sofi sthl stjo str2 suth sydn COMMENT             
syog tabv tash thti thu2 tid1 tow2 tskb ulab unb3 unbj unsa COMMENT             
urum usud vald whit wind wtzz yarr yel2 zamb zim2 zimm      COMMENT             
                                                            END OF HEADER       
[from data line 8580]
    21                                                      START OF TEC MAP    
  2022     6    17    20     0     0                        EPOCH OF CURRENT MAP
    87.5-180.0 180.0   5.0 450.0                            LAT/LON1/LON2/DLON/H
  156  156  157  157  158  158  159  159  160  160  161  161  162  162  162  163
  163  163  164  164  164  164  164  164  164  164  164  164  164  164  164  164
  164  164  164  164  164  163  163  163  163  163  162  162  162  161  161  161
  160  160  159  159  158  158  157  157  157  156  156  156  155  155  155  155
  155  155  155  155  155  155  155  156  156
    85.0-180.0 180.0   5.0 450.0                            LAT/LON1/LON2/DLON/H
  150  150  151  152  153  154  155  156  158  159  160  161  162  163  164  165
  165  166  166  166  166  166  166  165  165  165  165  165  164  164  164  164
  164  164  164  164  164  164  164  164  163  163  163  162  162  161  161  160
  159  158  157  156  155  154  153  153  152  151  150  150  149  149  148  148
  148  148  148  148  148  148  149  149  150
    82.5-180.0 180.0   5.0 450.0                            LAT/LON1/LON2/DLON/H
  144  144  145  146  148  149  151  153  155  157  160  162  163  165  166  167
  167  168  168  167  167  166  165  165  164  163  163  162  162  162  161  161
  162  162  162  162  162  162  162  163  163  162  162  162  161  161  160  159
  157  156  155  153  152  150  149  148  147  146  145  144  144  144  143  143
  143  143  143  143  143  143  143  143  144
    80.0-180.0 180.0   5.0 450.0                            LAT/LON1/LON2/DLON/H
  141  141  141  142  143  145  147  150  153  156  159  162  164  167  168  169
  170  170  169  168  167  166  165  163  162  161  160  159  159  158  158  158
  158  158  159  159  159  159  160  160  160  160  160  160  160  159  158  157
  155  154  152  150  148  146  144  143  142  141  141  141  141  142  142  143
  143  143  143  143  143  142  142  141  141
    77.5-180.0 180.0   5.0 450.0                            LAT/LON1/LON2/DLON/H
  142  141  140  140  140  142  144  147  151  155  159  163  166  169  171  172
  172  172  171  170  168  166  164  162  161  159  158  157  157  156  156  156
  156  156  156  156  156  156  156  156  156  157  157  157  157  156  155  154
  153  151  149  146  144  142  140  139  138  139  139  141  142  144  146  148
  149  150  150  150  149  147  146  144  142
    75.0-180.0 180.0   5.0 450.0                            LAT/LON1/LON2/DLON/H
  149  146  143  141  141  142  144  147  151  155  160  165  169  172  174  175
  175  175  173  172  169  167  165  163  162  160  159  158  157  157  156  156
  155  155  154  154  153  152  152  152  152  152  152  153  153  153  153  152
  151  149  146  144  141  139  137  136  136  138  140  143  146  150  154  157
  160  162  162  162  161  159  156  152  149
    72.5-180.0 180.0   5.0 450.0                            LAT/LON1/LON2/DLON/H
  161  156  152  148  146  146  147  150  154  158  163  168  172  176  178  179
  179  178  176  175  173  170  169  167  165  164  163  162  161  160  159  158
  157  156  154  153  151  150  148  147  147  147  147  148  149  150  151  150
  149  148  145  142  139  137  135  135  136  138  142  147  152  158  164  169
  174  177  178  178  177  174  170  166  161
    70.0-180.0 180.0   5.0 450.0                            LAT/LON1/LON2/DLON/H
  175  170  164  160  156  155  155  157  160  164  169  173  177  180  182  183
  183  182  181  179  177  176  174  173  172  171  169  168  167  165  164  162
  161  159  156  154  151  149  147  145  144  144  144  145  147  148  150  150
  150  148  146  142  139  136  134  134  136  139  145  151  159  167  174  181
  187  191  193  194  193  190  186  181  175
    67.5-180.0 180.0   5.0 450.0                            LAT/LON1/LON2/DLON/H
  190  185  179  174  170  168  167  168  170  173  177  181  183  186  187  187
  187  186  185  184  183  183  182  181  180  179  177  175  173  172  170  168
  165  163  160  157  154  151  148  145  144  143  143  145  146  149  150  152
  152  150  147  144  140  136  134  134  136  140  146  154  163  172  181  189
  195  200  203  204  204  202  199  195  190
    65.0-180.0 180.0   5.0 450.0                            LAT/LON1/LON2/DLON/H
  201  198  193  189  185  183  181  181  183  185  187  189  190  191  192  192
  191  191  190  190  190  190  190  189  188  186  184  182  179  177  175  173
  170  168  165  162  159  155  152  149  147  146  146  147  148  151  153  154
  154  153  149  145  140  136  133  133  135  139  146  155  164  174  183  191
  197  202  206  208  208  208  207  204  201
    62.5-180.0 180.0   5.0 450.0                            LAT/LON1/LON2/DLON/H
  207  207  205  203  200  198  196  196  196  196  197  197  197  196  196  195
  195  195  195  195  196  196  196  196  195  193  190  187  184  182  180  178
  176  174  171  169  166  162  159  157  154  152  151  151  152  154  155  156
  156  154  151  145  140  135  131  130  132  137  144  152  161  170  179  186
  192  197  200  202  204  205  206  207  207
    60.0-180.0 180.0   5.0 450.0                            LAT/LON1/LON2/DLON/H
  208  211  212  212  212  210  209  208  208  207  205  204  201  200  198  198
  197  198  198  199  200  200  201  201  199  196  193  190  187  185  184  183
  182  180  178  176  174  172  169  166  164  161  159  157  156  157  157  157
  157  154  150  144  138  132  128  126  128  132  138  146  154  162  170  176
  182  186  189  191  194  196  200  204  208
    57.5-180.0 180.0   5.0 450.0                            LAT/LON1/LON2/DLON/H
  204  210  215  218  219  219  219  218  217  215  212  208  204  201  199  198
  198  198  199  200  201  202  203  202  201  198  195  192  190  189  189  189
  188  187  186  184  183  181  179  177  174  170  166  163  160  158  157  156
  155  152  147  141  134  128  123  121  122  126  131  138  145  152  159  165
  170  174  177  179  181  184  190  196  204
    55.0-180.0 180.0   5.0 450.0                            LAT/LON1/LON2/DLON/H
  199  208  215  220  223  224  224  224  222  220  215  210  205  201  198  197
  197  197  198  198  200  201  202  203  201  199  196  194  194  195  196  197
  196  195  194  192  191  190  188  186  183  178  172  166  161  157  155  153
  151  147  143  137  130  123  119  116  117  120  124  130  136  142  149  155
  161  165  168  169  171  175  181  189  199
    52.5-180.0 180.0   5.0 450.0                            LAT/LON1/LON2/DLON/H
  196  207  215  221  224  226  226  226  225  222  217  210  204  199  196  195
  195  195  195  195  197  199  201  202  201  199  198  197  199  202  205  206
  206  203  201  199  198  197  196  193  189  182  175  167  160  155  151  148
  146  143  138  133  126  120  116  113  114  116  119  124  129  135  142  150
  157  162  166  167  169  172  177  186  196
    50.0-180.0 180.0   5.0 450.0                            LAT/LON1/LON2/DLON/H
  200  210  218  223  226  227  228  228  227  223  217  210  203  198  195  194
  193  192  192  192  194  198  201  203  203  202  201  203  207  212  216  217
  216  212  208  205  203  202  201  198  192  185  176  167  159  152  147  144
  142  139  136  131  125  120  116  114  114  116  118  122  126  133  141  151
  160  168  173  175  176  178  183  191  200
    47.5-180.0 180.0   5.0 450.0                            LAT/LON1/LON2/DLON/H
  212  220  226  229  231  231  231  231  229  225  219  211  204  198  195  194
  192  191  190  191  194  199  203  206  207  207  207  210  216  223  229  230
  226  221  215  211  209  208  206  201  195  186  176  166  158  151  147  144
  142  140  137  134  129  125  121  120  119  121  122  125  129  135  145  157
  170  180  187  191  193  194  198  204  212
    45.0-180.0 180.0   5.0 450.0                            LAT/LON1/LON2/DLON/H
  230  235  239  240  240  238  237  237  235  230  224  215  208  202  199  197
  196  193  192  193  197  203  209  213  214  214  215  220  228  237  243  243
  238  230  223  219  216  215  212  206  198  188  177  168  160  154  150  148
  147  146  144  142  138  135  132  130  129  130  131  133  136  143  154  169
  184  197  207  213  216  218  220  224  230
    42.5-180.0 180.0   5.0 450.0                            LAT/LON1/LON2/DLON/H
  252  254  256  256  254  251  249  248  245  240  233  224  217  211  208  206
  203  201  199  200  204  211  218  222  224  224  226  232  242  252  258  258
  251  242  234  230  228  226  222  214  204  193  182  173  167  162  159  157
  156  156  155  154  151  149  146  144  143  143  143  144  147  154  166  182
  199  214  226  235  240  243  246  249  252
    40.0-180.0 180.0   5.0 450.0                            LAT/LON1/LON2/DLON/H
  274  275  275  274  271  268  266  264  261  255  247  238  231  226  222  220
  216  213  211  211  216  222  229  233  235  236  239  246  258  269  276  275
  267  258  250  246  244  241  235  225  213  201  191  183  178  174  172  170
  169  169  169  168  166  164  161  159  157  157  156  156  159  165  177  193
  211  227  241  252  261  266  270  272  274
    37.5-180.0 180.0   5.0 450.0                            LAT/LON1/LON2/DLON/H
  292  292  293  292  291  289  287  285  281  275  266  257  250  245  242  238
  234  230  227  227  230  235  241  245  247  249  254  263  276  289  296  295
  288  278  270  266  264  260  251  239  225  212  202  196  191  188  185  183
  182  181  181  181  180  177  174  172  170  168  167  167  169  175  187  202
  219  235  249  262  274  283  288  291  292
    35.0-180.0 180.0   5.0 450.0                            LAT/LON1/LON2/DLON/H
  304  305  307  310  311  311  311  309  306  299  290  281  275  270  266  262
  257  252  248  245  246  248  252  256  260  264  272  283  298  312  320  320
  313  303  295  290  285  278  267  252  236  223  214  208  204  200  196  193
  190  189  189  188  188  186  183  180  177  176  175  174  176  181  192  206
  221  235  249  263  277  290  298  302  304
    32.5-180.0 180.0   5.0 450.0                            LAT/LON1/LON2/DLON/H
  309  313  318  323  328  332  334  335  333  326  318  309  303  298  294  288
  283  277  271  266  262  261  263  268  274  282  293  307  324  339  349  350
  343  333  323  314  305  293  278  260  243  231  223  218  213  207  201  196
  192  190  189  189  188  186  183  180  178  177  176  176  177  182  192  205
  218  230  242  257  273  289  300  306  309
    30.0-180.0 180.0   5.0 450.0                            LAT/LON1/LON2/DLON/H
  308  314  323  333  342  349  356  360  360  355  348  340  335  330  324  318
  311  304  296  288  279  274  274  280  290  304  318  336  354  370  381  383
  376  364  349  334  318  300  280  260  244  232  226  221  215  207  199  191
  186  183  182  181  180  178  176  173  171  171  171  171  173  178  188  200
  211  221  231  245  263  281  294  302  308
    27.5-180.0 180.0   5.0 450.0                            LAT/LON1/LON2/DLON/H
  303  313  325  338  351  363  374  383  386  384  379  373  368  364  357  349
  341  332  323  311  298  289  288  296  311  329  348  367  386  403  414  416
  409  393  371  347  322  297  273  252  237  227  222  218  211  201  189  179
  173  169  167  166  165  163  161  159  158  159  160  161  163  168  178  190
  201  210  219  233  251  270  285  295  303
    25.0-180.0 180.0   5.0 450.0                            LAT/LON1/LON2/DLON/H
  298  310  325  341  356  372  388  402  410  412  410  406  403  399  391  382
  372  363  352  337  321  309  307  318  338  360  381  400  418  434  445  447
  438  417  387  352  317  285  258  238  224  217  214  210  202  190  176  164
  157  152  150  147  146  144  142  141  142  143  145  146  149  154  164  177
  189  199  208  222  240  260  276  287  298
    22.5-180.0 180.0   5.0 450.0                            LAT/LON1/LON2/DLON/H
  294  308  325  341  357  375  396  416  430  437  438  437  436  433  426  415
  404  394  383  368  350  337  336  349  371  395  416  432  447  460  470  472
  460  434  395  350  306  268  240  221  210  205  204  200  192  179  164  151
  142  137  132  129  126  124  123  123  124  126  128  130  132  137  148  162
  176  188  199  213  232  251  268  281  294
    20.0-180.0 180.0   5.0 450.0                            LAT/LON1/LON2/DLON/H
  292  308  324  340  355  375  399  425  445  456  461  464  466  466  459  447
  436  427  417  403  387  374  374  387  409  432  449  460  470  480  488  489
  475  443  396  342  292  253  226  209  201  198  197  194  186  172  156  143
  133  126  119  113  109  106  106  106  107  110  112  114  115  120  130  146
  162  177  191  207  226  246  263  277  292
    17.5-180.0 180.0   5.0 450.0                            LAT/LON1/LON2/DLON/H
  292  309  325  338  351  371  399  430  455  469  478  484  491  493  488  478
  467  459  452  442  429  419  420  432  451  468  478  482  486  492  498  497
  480  445  393  335  283  245  221  208  201  198  196  193  186  173  157  143
  132  122  113  103   97   94   93   94   95   96   98   99  100  103  112  128
  148  166  185  203  223  243  260  276  292
    15.0-180.0 180.0   5.0 450.0                            LAT/LON1/LON2/DLON/H
  294  312  326  336  347  366  396  431  459  476  486  496  507  514  512  504
  494  488  485  482  475  469  470  478  491  499  501  498  495  497  500  498
  480  442  388  331  282  249  230  220  213  208  204  200  193  181  166  151
  138  125  112   99   90   87   86   86   86   87   88   88   87   89   96  112
  133  155  178  200  221  241  259  276  294
    12.5-180.0 180.0   5.0 450.0                            LAT/LON1/LON2/DLON/H
  297  316  329  336  344  363  394  430  459  476  487  498  513  526  529  523
  515  512  514  518  518  517  517  521  525  524  517  508  500  498  499  494
  474  437  385  332  291  265  253  245  236  226  218  212  205  195  180  164
  148  131  114   99   89   85   84   84   82   81   80   80   78   78   83   97
  119  144  170  195  219  239  258  277  297
    10.0-180.0 180.0   5.0 450.0                            LAT/LON1/LON2/DLON/H
  301  320  333  339  346  364  396  431  458  473  481  494  512  529  537  534
  529  528  535  545  553  556  556  554  549  540  527  514  503  498  496  488
  467  431  384  339  307  291  284  276  263  247  233  225  218  208  194  176
  157  137  117   99   89   85   85   84   80   77   75   75   73   71   74   86
  107  133  162  190  215  237  257  278  301
     7.5-180.0 180.0   5.0 450.0                            LAT/LON1/LON2/DLON/H
  305  327  341  347  354  373  403  436  459  469  473  484  504  525  537  538
  534  535  545  560  574  581  579  572  561  547  532  518  507  499  493  481
  458  424  383  347  325  317  314  305  287  264  245  233  225  216  201  182
  161  138  116   98   88   86   86   85   80   74   72   71   70   68   70   79
   97  124  154  183  210  234  256  280  305
     5.0-180.0 180.0   5.0 450.0                            LAT/LON1/LON2/DLON/H
  309  335  351  360  370  389  418  447  464  468  467  475  494  517  532  535
  531  532  543  561  578  587  585  575  561  547  534  522  511  501  490  473
  448  414  379  352  338  336  334  322  298  269  245  231  223  213  198  178
  155  131  109   92   84   84   86   84   78   72   69   70   70   69   69   76
   92  116  146  176  205  230  255  281  309
     2.5-180.0 180.0   5.0 450.0                            LAT/LON1/LON2/DLON/H
  315  344  365  379  392  412  439  464  476  473  466  469  486  508  524  527
  523  521  531  549  567  577  575  564  551  541  533  525  515  502  485  461
  432  399  367  346  338  338  335  320  292  260  233  217  208  198  183  163
  140  116   96   81   76   79   83   82   75   69   66   68   70   71   71   76
   89  111  140  170  199  226  253  283  315
