IONEX/Новая папка/corg1680.22i
     1.0            IONOSPHERE MAPS     GNSS                IONEX VERSION / TYPE
ADDNEQ2 V5.5        AIUB                18-JUN-22 08:30     PGM / RUN BY / DATE 
CODE'S RAPID IONOSPHERE MAPS FOR DAY 168, 2022              COMMENT             
Global ionosphere maps (GIM) are generated on a daily basis DESCRIPTION         
at CODE using data from about 120 GNSS sites of the IGS and DESCRIPTION         
other institutions. The vertical total electron content     DESCRIPTION         
(VTEC) is modeled in a solar-geomagnetic reference frame    DESCRIPTION         
using a spherical harmonics expansion up to degree and      DESCRIPTION         
order 15. Piece-wise linear functions are used for          DESCRIPTION         
representation in the time domain. The time spacing of      DESCRIPTION         
their vertices is 1 hour, conforming with the epochs of the DESCRIPTION         
VTEC maps.                                                  DESCRIPTION         
To convert line-of-sight TEC into vertical TEC, a modified  DESCRIPTION         
single-layer model mapping function approximating the JPL   DESCRIPTION         
extended slab model mapping function is adopted. The        DESCRIPTION         
mapping function is evaluated at geodetic satellite         DESCRIPTION         
elevation angles. For the computation of the ionospheric    DESCRIPTION         
pierce points, a spherical layer with a radius of 6821 km   DESCRIPTION         
is assumed, implying geocentric, not geodetic IONEX         DESCRIPTION         
latitudes.                                                  DESCRIPTION         
Instrumental biases with respect to each involved GNSS code DESCRIPTION         
observable are estimated as constant values for each        DESCRIPTION         
day. They are modeled with one set of bias parameters for   DESCRIPTION         
each satellite and each station in case of GPS and for each DESCRIPTION         
satellite-station link in case of GLONASS. The code bias    DESCRIPTION         
datum is defined by zero-mean conditions imposed on the     DESCRIPTION         
satellite bias estimates. In this file, just GPS C1W-C2W    DESCRIPTION         
satellite and station bias values are included. The         DESCRIPTION         
complete set of GNSS code bias results is provided in an    DESCRIPTION         
additional Bias-SINEX file as pseudo-absolute values        DESCRIPTION         
specific to each observable.                                DESCRIPTION         
Note: These GIM results correspond to the results for the   DESCRIPTION         
last day of a 3-day combination analysis solving for 73     DESCRIPTION         
times 256, or 18688 VTEC parameters and 3 daily sets of     DESCRIPTION         
GNSS code bias parameters.                                  DESCRIPTION         
Contact address: code(at)aiub.unibe.ch                      DESCRIPTION         
Data archive:    ftp.aiub.unibe.ch/CODE/                    DESCRIPTION         
                 www.aiub.unibe.ch/download/CODE/           DESCRIPTION         
  2022     6    17     0     0     0                        EPOCH OF FIRST MAP  
  2022     6    18     0     0     0                        EPOCH OF LAST MAP   
  3600                                                      INTERVAL            
[...]
    87.5 -87.5  -2.5                                        LAT1 / LAT2 / DLAT  
  -180.0 180.0   5.0                                        LON1 / LON2 / DLON  
    -1                                                      EXPONENT            
TEC/RMS values in 0.1 TECU; 9999, if no value available     COMMENT             
Peak TEC values for the included maps:                      COMMENT             
 612  613  622  611  582  558  540  545  556  587  591  594 COMMENT             
 582  560  548  561  594  605  584  577  587  589  584  586 COMMENT             
 599                                                        COMMENT             
List of stations:                                           COMMENT             
albh algo alic areq ascg auck bake bjco bjfs bogo bor1 braz COMMENT             
brft brst brux bshm cas1 ccj2 chpi chti chur cord cpvg cro1 COMMENT             
darw dav1 dgar dubo faa1 fair flin flrs frdn func ganp glsv COMMENT             
gode godz gope gras graz guam hers hert hob2 hofn hrao hyde COMMENT             
iisc invk iqal joz2 jplm kerg kir0 kit3 kokv kour lpal lpgs COMMENT             
mac1 mal2 mas1 mat1 mate maw1 mcm4 mizu mkea mobs mtka nano COMMENT             
nklg nnor not1 nya1 onsa park pdel penc pert pots qaq1 rabt COMMENT             
reun reyk rio2 sant sch2 scub sofi sthl stjo str2 suth sydn COMMENT             
syog tabv tash thti thu2 tid1 tow2 tskb ulab unb3 unbj unsa COMMENT             
urum usud vald whit wind wtzz yarr yel2 zamb zim2 zimm      COMMENT             
                                                            END OF HEADER       
[from data line 6006]
    15                                                      START OF TEC MAP    
  2022     6    17    14     0     0                        EPOCH OF CURRENT MAP
    87.5-180.0 180.0   5.0 450.0                            LAT/LON1/LON2/DLON/H
  160  160  160  161  161  161  161  161  161  161  161  161  161  161  161  161
  161  161  160  160  160  160  160  160  160  160  159  159  159  159  159  158
  158  158  157  157  157  157  156  156  156  156  155  155  155  155  155  155
  155  155  155  155  155  155  155  155  155  156  156  156  156  157  157  157
  158  158  158  158  159  159  159  160  160
    85.0-180.0 180.0   5.0 450.0                            LAT/LON1/LON2/DLON/H
  161  162  162  162  163  163  163  163  163  162  162  162  162  162  162  162
  162  162  162  162  162  162  162  162  162  162  162  162  161  161  161  160
  160  159  159  158  157  157  156  156  155  155  154  154  153  153  153  153
  152  152  152  152  152  152  152  152  153  153  153  153  154  154  155  155
  156  156  157  158  159  159  160  161  161
    82.5-180.0 180.0   5.0 450.0                            LAT/LON1/LON2/DLON/H
  161  162  163  163  163  163  163  163  162  162  161  161  160  160  160  160
  160  161  161  162  163  163  164  165  165  165  165  165  165  165  165  164
  163  163  162  161  160  159  158  157  156  156  155  154  154  153  153  153
  152  152  152  151  151  151  151  150  150  150  150  150  150  150  150  151
  151  152  153  155  156  157  159  160  161
    80.0-180.0 180.0   5.0 450.0                            LAT/LON1/LON2/DLON/H
  159  160  162  163  163  163  163  162  161  160  159  158  157  157  157  157
  158  159  160  162  163  165  166  168  169  169  170  170  170  170  170  169
  169  168  167  166  164  163  162  161  160  159  158  157  156  156  155  155
  155  154  154  153  152  151  151  149  148  147  146  145  144  144  144  144
  144  145  147  148  150  152  155  157  159
    77.5-180.0 180.0   5.0 450.0                            LAT/LON1/LON2/DLON/H
  155  158  160  162  162  162  162  160  159  157  155  153  152  152  152  153
  154  156  158  161  164  166  168  170  172  173  174  175  175  175  175  174
  174  173  172  171  169  168  167  165  164  163  162  161  161  160  160  160
  159  159  158  157  156  154  152  151  148  146  144  141  139  138  136  136
  136  136  138  140  142  145  149  152  155
    75.0-180.0 180.0   5.0 450.0                            LAT/LON1/LON2/DLON/H
  150  154  158  160  162  162  162  160  158  155  152  150  148  147  147  149
  151  153  157  160  164  167  170  173  175  176  177  178  178  178  178  178
  177  177  176  175  173  172  171  169  168  167  167  166  166  166  166  166
  165  164  163  162  161  158  156  153  150  147  143  139  136  133  130  128
  127  127  128  130  133  137  141  146  150
    72.5-180.0 180.0   5.0 450.0                            LAT/LON1/LON2/DLON/H
  146  151  156  160  162  163  163  161  158  155  151  148  146  144  144  146
  148  151  155  159  163  167  171  173  175  177  178  178  179  179  179  179
  179  178  178  177  176  175  173  172  171  171  170  171  171  171  171  171
  171  170  169  168  166  163  161  157  154  150  145  140  135  131  127  123
  121  120  121  123  126  130  135  140  146
    70.0-180.0 180.0   5.0 450.0                            LAT/LON1/LON2/DLON/H
  142  148  154  159  163  165  165  164  161  157  153  149  146  144  143  144
  147  150  154  158  163  167  170  172  174  175  176  176  177  177  177  178
  178  178  178  177  176  175  174  173  172  172  173  173  174  175  176  176
  176  175  173  172  170  168  165  162  159  155  150  145  139  134  129  124
  121  119  118  119  122  125  130  136  142
    67.5-180.0 180.0   5.0 450.0                            LAT/LON1/LON2/DLON/H
  139  145  152  158  163  166  168  167  164  161  156  152  148  146  145  146
  147  150  154  158  161  165  168  170  171  172  173  173  173  173  174  175
  176  176  177  176  176  174  173  172  172  172  173  174  176  178  178  179
  178  177  176  174  173  171  169  167  165  162  158  153  148  142  136  131
  126  123  121  121  122  125  128  133  139
    65.0-180.0 180.0   5.0 450.0                            LAT/LON1/LON2/DLON/H
  137  143  149  156  162  166  169  170  168  165  160  156  152  150  149  149
  150  152  154  157  159  162  164  166  168  168  169  169  169  170  171  172
  174  175  175  175  175  174  172  171  171  171  173  175  177  179  180  180
  180  178  177  175  174  173  173  173  172  171  168  165  160  154  148  142
  137  132  129  128  127  128  130  133  137
    62.5-180.0 180.0   5.0 450.0                            LAT/LON1/LON2/DLON/H
  136  140  145  152  158  164  168  170  170  167  164  160  157  154  153  153
  153  154  154  156  157  159  161  162  164  164  165  165  166  167  169  171
  173  174  176  176  175  174  172  171  170  171  173  175  178  180  181  181
  180  179  177  175  175  175  176  178  179  180  180  178  174  169  163  157
  151  146  141  138  136  134  133  134  136
    60.0-180.0 180.0   5.0 450.0                            LAT/LON1/LON2/DLON/H
  135  137  141  146  153  160  165  168  169  167  165  162  160  158  157  157
  157  156  155  155  155  155  157  158  160  161  163  164  165  167  169  171
  174  176  178  178  178  176  175  173  172  173  174  177  180  182  183  183
  181  179  178  177  177  178  181  184  187  189  191  190  188  184  178  172
  165  160  155  150  146  142  139  136  135
    57.5-180.0 180.0   5.0 450.0                            LAT/LON1/LON2/DLON/H
  136  134  136  141  147  154  159  163  165  164  163  161  160  160  161  161
  160  159  157  155  153  153  154  155  158  160  162  164  166  168  171  174
  177  180  183  184  183  182  180  178  177  177  178  181  183  185  186  186
  184  182  181  180  181  184  187  191  195  199  201  202  201  197  191  185
  178  172  166  161  156  150  144  139  136
    55.0-180.0 180.0   5.0 450.0                            LAT/LON1/LON2/DLON/H
  137  134  133  136  141  147  153  157  159  160  159  159  160  161  163  164
  164  162  159  156  153  152  152  154  157  160  163  165  168  172  175  179
  183  186  189  191  191  190  189  186  185  184  185  187  189  191  191  191
  189  188  187  187  189  193  196  201  205  209  211  212  211  207  201  194
  187  180  175  169  164  157  150  143  137
    52.5-180.0 180.0   5.0 450.0                            LAT/LON1/LON2/DLON/H
  140  135  133  134  138  143  148  152  155  155  156  156  158  161  164  166
  167  166  162  158  155  153  153  155  158  162  165  169  172  176  181  185
  189  193  197  200  201  201  200  198  196  195  195  196  198  199  199  198
  197  196  197  198  202  205  209  213  216  218  220  221  219  214  207  200
  192  185  179  174  169  162  155  147  140
    50.0-180.0 180.0   5.0 450.0                            LAT/LON1/LON2/DLON/H
  144  139  136  135  137  141  146  149  152  153  154  155  157  161  165  168
  170  170  167  163  159  157  157  159  162  166  170  174  178  183  187  192
  197  201  206  210  213  214  214  212  210  208  208  208  209  209  209  208
  207  208  209  213  217  221  224  226  228  229  229  229  226  220  212  203
  195  188  182  177  172  166  159  152  144
    47.5-180.0 180.0   5.0 450.0                            LAT/LON1/LON2/DLON/H
  150  145  141  139  140  143  146  150  153  155  156  158  160  163  167  171
  174  175  173  170  166  163  163  166  169  173  177  181  186  191  196  201
  206  211  217  222  227  230  231  230  228  226  224  223  222  222  221  221
  220  221  224  229  234  238  241  241  240  239  238  237  233  226  217  207
  198  190  183  178  173  168  162  156  150
    45.0-180.0 180.0   5.0 450.0                            LAT/LON1/LON2/DLON/H
  155  151  147  145  144  146  149  152  157  160  163  165  167  169  172  176
  180  182  181  178  175  173  173  176  179  183  188  192  196  202  207  212
  218  224  231  238  245  250  252  252  251  247  244  241  239  237  236  236
  236  237  241  246  252  256  257  255  252  249  247  245  241  234  224  213
  203  194  186  180  175  170  165  160  155
    42.5-180.0 180.0   5.0 450.0                            LAT/LON1/LON2/DLON/H
  160  156  153  150  148  148  151  156  162  168  174  177  179  180  181  184
  188  190  190  189  186  185  186  189  193  197  201  205  210  216  222  228
  235  242  250  259  268  275  279  280  278  274  269  264  259  256  255  254
  254  255  258  264  269  272  271  266  261  257  255  253  249  242  232  221
  210  201  192  185  178  173  168  163  160
    40.0-180.0 180.0   5.0 450.0                            LAT/LON1/LON2/DLON/H
  162  159  156  152  149  149  151  157  166  177  186  192  194  195  195  196
  198  200  201  200  199  199  200  204  208  212  217  222  228  235  242  249
  257  266  276  287  297  306  311  313  311  306  298  290  284  279  277  275
  275  275  278  281  285  285  282  275  268  262  260  259  256  250  241  230
  220  210  201  192  184  176  170  165  162
    37.5-180.0 180.0   5.0 450.0                            LAT/LON1/LON2/DLON/H
  162  159  155  151  147  145  148  155  167  182  196  206  211  213  212  211
  212  213  213  213  212  213  215  219  224  229  234  241  248  256  266  275
  285  296  308  321  333  342  348  350  348  341  332  321  312  306  303  302
  300  299  299  300  300  298  291  281  271  264  262  261  260  255  247  238
  229  221  211  201  190  180  172  166  162
    35.0-180.0 180.0   5.0 450.0                            LAT/LON1/LON2/DLON/H
  161  157  153  147  142  139  140  148  163  182  201  217  227  231  230  228
  227  226  226  226  226  227  229  234  239  245  252  260  270  280  292  305
  318  332  346  361  373  383  389  390  387  379  368  355  344  337  334  332
  330  327  323  320  316  310  298  284  271  262  259  259  259  255  249  242
  236  229  221  210  198  185  174  167  161
    32.5-180.0 180.0   5.0 450.0                            LAT/LON1/LON2/DLON/H
  159  154  149  142  136  130  130  137  153  175  200  223  239  247  248  246
  243  240  239  238  238  240  242  246  252  259  268  279  291  305  320  336
  353  370  387  402  414  423  428  429  425  416  404  390  378  371  368  367
  364  358  351  343  334  322  306  286  269  258  253  253  253  250  245  240
  236  232  226  217  204  190  177  167  159
    30.0-180.0 180.0   5.0 450.0                            LAT/LON1/LON2/DLON/H
  158  152  146  139  130  123  120  125  140  164  193  221  244  258  263  261
  257  253  251  250  250  251  253  256  262  270  282  296  311  328  346  366
  387  408  426  441  452  459  462  462  458  450  437  423  412  407  405  404
  401  392  381  369  355  337  314  289  267  252  245  243  242  238  234  231
  230  229  226  219  208  194  179  167  158
    27.5-180.0 180.0   5.0 450.0                            LAT/LON1/LON2/DLON/H
  159  152  145  138  129  120  114  116  127  150  180  213  242  262  272  273
  269  264  261  261  261  261  261  264  269  280  294  310  329  349  370  394
  418  441  461  475  483  487  488  487  483  476  465  454  445  442  442  442
  437  427  412  395  376  353  325  294  267  247  237  231  228  223  219  217
  217  219  219  216  207  195  181  169  159
    25.0-180.0 180.0   5.0 450.0                            LAT/LON1/LON2/DLON/H
  160  153  148  141  132  122  114  111  118  136  164  199  232  259  273  278
  275  271  270  270  271  270  269  270  276  288  305  325  345  367  392  418
  444  469  487  499  504  504  502  501  498  494  488  481  476  474  476  476
  470  458  441  421  398  370  337  301  269  245  230  221  214  207  201  199
  200  204  207  207  203  194  182  170  160
    22.5-180.0 180.0   5.0 450.0                            LAT/LON1/LON2/DLON/H
  161  156  152  147  140  130  120  114  114  126  149  182  218  248  268  276
  276  275  275  278  280  280  278  278  285  298  318  340  363  386  411  438
  466  489  506  514  515  511  507  505  505  505  504  502  501  502  504  504
  497  483  464  442  416  386  349  310  274  246  227  214  203  193  186  182
  182  186  191  194  194  188  179  169  161
    20.0-180.0 180.0   5.0 450.0                            LAT/LON1/LON2/DLON/H
  160  157  155  153  148  140  130  121  117  121  138  166  201  233  256  267
  272  274  279  285  290  291  289  289  297  313  336  359  382  404  429  456
  483  505  518  522  519  512  506  504  507  511  516  519  522  524  526  523
  514  499  479  456  429  397  359  319  281  250  228  211  197  185  175  169
  167  169  174  179  181  180  174  166  160
    17.5-180.0 180.0   5.0 450.0                            LAT/LON1/LON2/DLON/H
  156  155  156  156  154  149  141  132  123  121  130  153  183  215  239  255
  263  271  280  291  299  302  302  304  315  334  359  383  405  426  448  473
  498  517  526  526  519  510  504  502  507  515  524  532  537  539  538  532
  521  505  484  461  434  402  365  325  287  255  231  213  196  182  170  161
  156  156  158  163  167  168  164  159  156
    15.0-180.0 180.0   5.0 450.0                            LAT/LON1/LON2/DLON/H
  148  149  152  154  155  153  149  141  131  125  127  143  169  198  222  240
  253  266  281  297  309  315  317  323  338  361  387  411  431  449  469  491
  512  527  532  529  521  511  505  504  509  519  531  541  546  546  541  532
  518  500  480  456  430  400  364  326  290  259  235  216  199  184  171  160
  152  147  147  149  153  154  152  149  148
    12.5-180.0 180.0   5.0 450.0                            LAT/LON1/LON2/DLON/H
  136  139  142  145  148  149  149  145  136  128  127  137  157  183  207  226
  243  261  282  302  318  327  334  345  365  392  419  441  458  473  490  509
  526  537  539  534  525  517  512  511  515  525  536  545  547  544  534  521
  505  487  466  443  417  388  355  320  287  259  237  218  202  188  175  163
  152  144  140  139  140  140  138  136  136
    10.0-180.0 180.0   5.0 450.0                            LAT/LON1/LON2/DLON/H
  124  126  129  131  134  137  141  141  136  129  126  133  150  172  195  215
  235  258  283  307  326  339  351  368  393  422  449  469  482  494  508  524
  538  545  544  540  534  528  524  522  524  530  538  542  541  532  519  503
  485  467  446  422  397  368  337  306  276  252  232  217  203  191  179  167
  155  144  136  132  130  128  125  124  124
     7.5-180.0 180.0   5.0 450.0                            LAT/LON1/LON2/DLON/H
  114  115  115  115  115  119  125  129  128  124  124  130  145  165  187  209
  232  258  286  312  333  350  366  388  417  448  474  490  500  509  521  534
  544  548  547  544  542  540  538  535  532  532  534  532  525  512  495  478
  460  442  421  396  370  341  312  283  258  237  220  208  198  189  179  169
  157  146  136  129  124  119  116  113  114
     5.0-180.0 180.0   5.0 450.0                            LAT/LON1/LON2/DLON/H
  107  107  104  100   97   99  105  111  114  115  118  127  142  162  184  207
  233  261  290  317  339  358  378  404  435  465  488  501  507  514  525  536
  543  545  543  543  545  548  547  542  534  527  521  513  500  483  465  448
  432  414  392  367  338  309  281  255  232  214  201  192  186  180  174  166
  156  146  136  128  121  115  110  108  107
     2.5-180.0 180.0   5.0 450.0                            LAT/LON1/LON2/DLON/H
  106  104   98   89   82   81   85   91   97  102  109  122  139  160  183  208
  236  266  295  321  343  363  386  414  445  472  490  499  503  509  518  527
  532  531  530  533  539  545  545  537  525  511  498  483  466  447  429  414
  400  384  362  334  304  274  246  221  201  185  175  170  167  165  163  158
  151  143  135  128  121  114  109  107  106
