IONEX/Новая папка/esag1680.22i
     1.0            IONOSPHERE MAPS     GPS                 IONEX VERSION / TYPE
PAR2IONEX           ESA/ESOC            20-JUN-22 22:30     PGM / RUN BY / DATE 
ESOC'S GLOBAL IONOSPHERE MAPS FOR DAY 168, 2022             DESCRIPTION         
SH: SPHERICAL HARMONIC MODEL FROM 279 STATS; N = 15, M = 15 DESCRIPTION         
  2022     6    17     0     0     0                        EPOCH OF FIRST MAP  
  2022     6    18     0     0     0                        EPOCH OF LAST MAP   
  7200                                                      INTERVAL            
    13                                                      # OF MAPS IN FILE   
  NONE                                                      MAPPING FUNCTION    
    10.0                                                    ELEVATION CUTOFF    
One-way carrier phase leveled to code                       OBSERVABLES USED    
   279                                                      # OF STATIONS       
    51                                                      # OF SATELLITES     
  6371.0                                                    BASE RADIUS         
     2                                                      MAP DIMENSION       
   450.0 450.0   0.0                                        HGT1 / HGT2 / DHGT  
    87.5 -87.5  -2.5                                        LAT1 / LAT2 / DLAT  
  -180.0 180.0   5.0                                        LON1 / LON2 / DLON  
    -1                                                      EXPONENT            
TEC/RMS values in 0.1 TECU; 9999, if no value available     COMMENT             
                                                            END OF HEADER       
[from data line 3003]
     8                                                      START OF TEC MAP    
  2022     6    17    14     0     0                        EPOCH OF CURRENT MAP
    87.5-180.0 180.0   5.0 450.0                            LAT/LON1/LON2/DLON/H
  135  135  135  135  135  135  135  135  135  135  135  135  135  135  135  135
  136  136  136  136  136  137  137  137  137  138  138  138  138  138  138  138
  138  138  138  138  138  138  138  138  138  137  137  137  137  136  136  136
  136  135  135  135  135  135  135  135  134  134  134  134  134  134  134  134
  134  134  134  134  134  135  135  135  135                                   
    85.0-180.0 180.0   5.0 450.0                            LAT/LON1/LON2/DLON/H
  138  138  138  138  137  137  137  137  137  137  137  137  137  137  137  138
  138  139  140  140  141  142  142  143  143  144  145  145  145  146  146  146
  146  146  146  146  145  145  144  144  143  143  142  142  141  140  140  139
  139  138  138  137  137  137  136  136  136  136  136  136  136  136  136  136
  137  137  137  137  138  138  138  138  138                                   
    82.5-180.0 180.0   5.0 450.0                            LAT/LON1/LON2/DLON/H
  143  143  143  142  142  141  141  140  140  140  139  139  140  140  141  141
  142  143  145  146  147  149  150  151  152  153  154  154  155  155  155  155
  155  155  155  155  154  153  153  152  151  150  149  148  147  146  145  144
  143  142  141  141  140  139  139  138  138  138  138  138  138  138  138  139
  139  140  141  141  142  142  142  143  143                                   
    80.0-180.0 180.0   5.0 450.0                            LAT/LON1/LON2/DLON/H
  147  147  147  147  146  146  145  144  143  143  142  142  142  143  144  145
  147  149  151  153  155  157  158  160  161  162  163  164  164  165  165  165
  165  164  164  164  163  162  161  160  158  157  155  154  153  151  150  149
  148  147  146  145  144  143  142  141  140  140  139  139  139  139  139  140
  141  141  142  143  144  145  146  147  147                                   
    77.5-180.0 180.0   5.0 450.0                            LAT/LON1/LON2/DLON/H
  149  150  150  150  150  149  148  147  146  145  144  144  144  145  146  148
  151  153  156  159  162  165  167  169  170  171  172  172  172  172  172  172
  172  171  171  170  170  169  167  166  164  162  161  159  157  156  155  154
  153  152  151  149  148  147  146  144  143  141  140  139  138  138  138  138
  139  140  141  143  144  146  147  148  149                                   
    75.0-180.0 180.0   5.0 450.0                            LAT/LON1/LON2/DLON/H
  147  148  150  150  150  150  150  149  148  147  146  146  146  147  148  150
  153  157  161  164  168  171  174  175  177  177  177  177  177  176  176  176
  175  175  175  175  174  173  171  170  168  166  164  162  161  160  159  158
  157  156  156  154  153  151  149  147  145  142  140  138  136  135  135  135
  135  136  137  139  140  142  144  146  147                                   
    72.5-180.0 180.0   5.0 450.0                            LAT/LON1/LON2/DLON/H
  142  144  146  148  149  150  150  150  149  148  147  147  147  147  149  151
  155  159  163  167  171  175  177  179  180  180  180  179  178  177  176  176
  176  176  176  176  175  174  173  171  169  167  165  164  162  162  161  161
  161  161  160  159  158  156  153  150  147  144  140  137  135  133  131  130
  130  130  131  132  134  136  138  140  142                                   
    70.0-180.0 180.0   5.0 450.0                            LAT/LON1/LON2/DLON/H
  134  137  140  143  146  148  150  151  151  150  149  148  148  148  149  152
  155  159  163  167  171  175  178  179  180  180  179  178  177  175  175  174
  174  175  175  175  175  174  173  171  169  167  165  164  163  163  164  164
  165  165  165  164  163  160  157  154  150  146  142  139  135  132  130  128
  127  127  126  127  127  129  130  132  134                                   
    67.5-180.0 180.0   5.0 450.0                            LAT/LON1/LON2/DLON/H
  127  130  133  137  142  146  149  151  153  153  152  151  150  149  150  152
  154  157  161  165  169  172  175  177  177  177  176  175  174  173  172  172
  173  173  174  175  174  174  172  170  168  166  165  164  164  165  166  167
  169  169  169  169  167  165  162  159  155  151  147  143  140  136  133  131
  128  127  125  124  123  123  124  125  127                                   
    65.0-180.0 180.0   5.0 450.0                            LAT/LON1/LON2/DLON/H
  121  123  127  132  137  143  148  152  154  155  155  154  153  152  151  152
  154  156  159  162  165  167  170  171  173  173  173  172  171  170  170  171
  172  173  174  175  175  174  172  170  168  167  166  166  167  168  170  171
  172  173  173  173  171  170  167  165  162  159  155  152  149  146  142  139
  135  132  129  126  123  121  120  120  121                                   
    62.5-180.0 180.0   5.0 450.0                            LAT/LON1/LON2/DLON/H
  119  120  123  128  134  140  147  152  156  158  158  157  156  154  154  154
  154  156  157  158  160  162  164  165  167  168  168  169  169  169  170  171
  173  174  176  177  177  176  175  172  170  169  168  169  170  172  174  176
  177  177  177  176  176  175  174  172  171  169  167  165  163  160  156  152
  147  143  138  133  129  125  122  120  119                                   
    60.0-180.0 180.0   5.0 450.0                            LAT/LON1/LON2/DLON/H
  121  120  121  125  131  138  145  152  156  159  160  159  158  157  157  156
  156  157  157  157  157  157  158  159  161  163  165  166  168  169  171  173
  175  178  180  181  181  180  178  176  174  173  173  174  176  178  180  181
  181  181  181  181  181  181  181  181  181  182  182  181  180  177  174  169
  163  157  150  144  138  132  128  124  121                                   
    57.5-180.0 180.0   5.0 450.0                            LAT/LON1/LON2/DLON/H
  127  124  123  125  130  136  143  150  155  158  160  160  160  159  159  159
  159  159  158  157  155  154  154  155  157  160  162  165  168  170  173  176
  179  182  184  185  186  185  183  181  180  179  179  180  182  184  186  187
  187  186  186  186  187  188  190  192  194  196  197  198  198  196  192  186
  179  171  163  156  149  143  137  131  127                                   
    55.0-180.0 180.0   5.0 450.0                            LAT/LON1/LON2/DLON/H
  134  130  127  127  130  135  141  147  152  156  158  159  160  160  160  161
  162  162  161  159  157  154  153  153  155  158  161  165  169  172  176  180
  183  186  189  190  191  191  189  188  186  186  186  188  190  192  193  194
  194  193  193  193  194  197  200  203  207  210  212  214  214  212  208  201
  193  184  175  167  160  153  147  141  134                                   
    52.5-180.0 180.0   5.0 450.0                            LAT/LON1/LON2/DLON/H
  143  137  132  130  131  134  139  144  149  153  156  157  158  159  161  163
  164  166  166  164  160  157  154  153  155  158  162  167  171  175  180  184
  187  191  193  195  197  197  197  196  195  195  196  197  199  201  202  203
  202  202  201  202  204  208  212  216  219  222  225  226  226  224  219  211
  202  192  182  174  168  162  156  150  143                                   
    50.0-180.0 180.0   5.0 450.0                            LAT/LON1/LON2/DLON/H
  150  144  138  134  133  134  137  141  145  150  153  155  157  158  160  163
  166  169  170  169  165  161  158  157  158  161  166  171  175  180  184  188
  192  196  199  201  203  205  206  207  207  208  208  210  211  213  214  214
  214  213  213  214  217  221  225  228  231  233  234  235  234  232  226  217
  207  196  186  178  172  168  163  157  150                                   
    47.5-180.0 180.0   5.0 450.0                            LAT/LON1/LON2/DLON/H
  156  149  143  139  136  136  137  139  143  148  152  155  157  159  161  163
  167  172  174  175  172  168  165  163  165  168  173  177  182  186  190  195
  199  202  206  210  213  217  220  222  224  225  226  227  228  228  229  229
  229  228  228  229  231  235  238  240  241  241  240  240  238  235  229  220
  209  197  187  179  174  170  166  162  156                                   
    45.0-180.0 180.0   5.0 450.0                            LAT/LON1/LON2/DLON/H
  159  153  148  143  140  138  137  139  143  148  154  159  162  163  164  166
  170  175  179  181  180  177  174  173  175  179  184  188  192  196  200  204
  209  213  218  222  228  234  239  244  247  249  250  250  250  249  249  249
  248  247  246  246  247  249  251  251  249  246  243  242  240  237  231  222
  210  199  188  181  175  172  168  164  159                                   
    42.5-180.0 180.0   5.0 450.0                            LAT/LON1/LON2/DLON/H
  160  155  151  147  144  140  139  139  143  150  159  166  170  172  172  172
  176  181  186  189  189  187  185  186  189  194  198  202  205  209  213  219
  224  229  235  242  250  259  267  273  278  281  281  280  278  275  273  272
  271  269  267  265  264  264  263  260  255  250  245  243  241  238  233  225
  214  203  193  185  179  174  169  165  160                                   
    40.0-180.0 180.0   5.0 450.0                            LAT/LON1/LON2/DLON/H
  161  156  153  150  146  142  139  139  144  154  166  177  184  186  185  185
  186  190  196  199  201  200  199  201  205  211  216  220  222  226  231  237
  245  252  260  269  280  291  301  310  316  319  319  316  311  306  302  300
  297  294  290  285  282  279  275  269  261  253  247  244  243  241  237  230
  221  211  201  193  185  178  172  166  161                                   
    37.5-180.0 180.0   5.0 450.0                            LAT/LON1/LON2/DLON/H
  163  158  154  152  148  143  138  138  144  156  173  188  199  204  204  203
  203  206  210  213  215  215  215  217  223  229  235  239  242  245  252  260
  270  280  291  303  316  330  342  351  358  361  360  355  347  339  333  329
  326  321  314  307  300  294  287  278  267  256  249  246  246  246  243  238
  231  223  214  205  195  186  178  169  163                                   
    35.0-180.0 180.0   5.0 450.0                            LAT/LON1/LON2/DLON/H
  166  159  155  152  148  142  136  134  141  156  177  198  215  224  226  225
  225  226  229  232  233  232  232  235  241  248  254  258  261  266  274  286
  299  313  327  342  357  372  385  394  401  404  401  394  384  373  365  360
  355  349  341  330  320  310  300  287  273  261  253  249  250  251  250  247
  242  236  228  219  208  197  185  175  166                                   
    32.5-180.0 180.0   5.0 450.0                            LAT/LON1/LON2/DLON/H
  170  162  157  152  147  139  131  129  135  152  177  204  226  241  248  249
  249  250  251  253  253  252  251  253  258  265  272  276  280  287  298  313
  330  347  365  382  399  414  426  434  440  441  438  429  416  404  395  389
  385  378  368  355  342  329  314  298  281  266  257  253  253  255  255  254
  251  247  240  232  221  208  195  182  170                                   
    30.0-180.0 180.0   5.0 450.0                            LAT/LON1/LON2/DLON/H
  176  166  158  152  145  136  126  122  128  145  173  203  231  252  264  270
  272  273  275  276  275  273  270  270  274  280  287  292  297  306  320  339
  360  380  401  420  437  451  461  467  471  471  466  456  443  430  421  416
  413  407  396  382  366  349  330  310  289  272  261  256  255  256  256  256
  254  252  247  240  230  217  203  189  176                                   
    27.5-180.0 180.0   5.0 450.0                            LAT/LON1/LON2/DLON/H
  181  169  160  152  144  133  122  116  120  137  164  196  228  254  273  285
  291  294  296  298  297  294  289  287  289  294  300  307  314  325  342  363
  387  410  432  452  469  481  487  490  491  490  485  475  462  450  443  441
  439  434  424  409  390  370  347  323  298  278  264  257  254  253  252  252
  251  250  247  241  232  221  209  195  181                                   
    25.0-180.0 180.0   5.0 450.0                            LAT/LON1/LON2/DLON/H
  185  172  161  153  143  132  121  114  116  129  153  184  217  248  272  290
  300  307  312  316  316  313  307  302  302  306  313  321  331  345  364  387
  411  435  457  476  491  501  504  504  502  499  495  487  476  466  462  462
  462  459  449  433  413  390  363  335  306  282  265  256  250  247  244  242
  242  241  239  234  227  219  210  198  185                                   
    22.5-180.0 180.0   5.0 450.0                            LAT/LON1/LON2/DLON/H
  185  173  162  153  144  134  124  116  115  124  143  169  201  233  262  285
  300  312  320  327  330  329  323  316  314  318  327  338  351  367  386  409
  433  455  476  493  506  512  513  509  505  503  499  493  485  479  477  479
  481  479  469  453  431  406  376  343  312  285  265  253  244  238  233  230
  229  227  225  220  215  211  205  197  185                                   
    20.0-180.0 180.0   5.0 450.0                            LAT/LON1/LON2/DLON/H
  182  171  161  152  145  138  130  123  120  124  136  156  183  214  245  271
  291  307  320  331  339  340  336  330  328  333  344  358  374  391  411  432
  452  471  489  503  514  518  516  510  506  503  501  498  493  490  490  493
  495  492  481  464  441  414  382  347  313  285  263  248  238  229  223  218
  215  212  208  203  199  197  195  191  182                                   
    17.5-180.0 180.0   5.0 450.0                            LAT/LON1/LON2/DLON/H
  176  167  157  151  146  142  137  132  128  128  133  146  167  195  225  253
  276  295  313  329  342  348  347  343  343  350  364  381  400  418  437  455
  471  485  498  509  518  520  517  512  507  506  505  504  502  500  501  503
  502  495  482  464  441  413  380  345  311  282  260  244  232  222  214  209
  205  200  194  187  182  181  182  181  176                                   
    15.0-180.0 180.0   5.0 450.0                            LAT/LON1/LON2/DLON/H
  167  160  152  147  145  145  144  141  137  134  134  141  156  179  207  234
  259  280  302  323  341  352  355  356  359  369  387  407  428  446  463  477
  488  497  505  514  520  523  520  516  512  512  512  512  510  508  507  506
  500  489  473  452  429  401  370  336  304  276  255  239  227  217  210  204
  199  193  183  174  167  166  169  170  167                                   
    12.5-180.0 180.0   5.0 450.0                            LAT/LON1/LON2/DLON/H
  157  151  145  141  142  145  148  147  144  140  137  139  150  169  194  219
  243  267  290  315  338  354  363  368  376  390  410  433  454  473  487  497
  504  508  512  517  523  527  526  523  521  521  522  521  518  513  508  501
  489  472  451  429  405  380  351  321  292  268  249  235  223  214  208  203
  198  190  178  166  157  154  156  159  157                                   
    10.0-180.0 180.0   5.0 450.0                            LAT/LON1/LON2/DLON/H
  147  142  136  134  136  141  146  147  145  141  138  139  148  165  187  211
  234  257  282  309  334  355  369  380  392  410  432  456  476  493  506  513
  516  516  517  521  526  531  533  532  531  531  530  526  520  511  501  487
  469  446  421  397  374  351  326  301  277  257  241  228  218  210  206  202
  198  190  177  163  151  146  147  149  147                                   
     7.5-180.0 180.0   5.0 450.0                            LAT/LON1/LON2/DLON/H
  139  134  128  125  128  133  138  141  140  137  136  139  148  165  186  208
  231  254  279  306  333  356  375  390  407  427  450  472  491  506  517  523
