IONEX/Новая папка/esag1680.22i
     1.0            IONOSPHERE MAPS     GPS                 IONEX VERSION / TYPE
PAR2IONEX           ESA/ESOC            20-JUN-22 22:30     PGM / RUN BY / DATE 
ESOC'S GLOBAL IONOSPHERE MAPS FOR DAY 168, 2022             DESCRIPTION         
SH: SPHERICAL HARMONIC MODEL FROM 279 STATS; N = 15, M = 15 DESCRIPTION         
  2022     6    17     0     0     0                        EPOCH OF FIRST MAP  
  2022     6    18     0     0     0                        EPOCH OF LAST MAP   
  7200                                                      INTERVAL            
    13                                                      # OF MAPS IN FILE   
  NONE                                                      MAPPING FUNCTION    
    10.0                                                    ELEVATION CUTOFF    
One-way carrier phase leveled to code                       OBSERVABLES USED    
   279                                                      # OF STATIONS       
    51                                                      # OF SATELLITES     
  6371.0                                                    BASE RADIUS         
     2                                                      MAP DIMENSION       
   450.0 450.0   0.0                                        HGT1 / HGT2 / DHGT  
    87.5 -87.5  -2.5                                        LAT1 / LAT2 / DLAT  
  -180.0 180.0   5.0                                        LON1 / LON2 / DLON  
    -1                                                      EXPONENT            
TEC/RMS values in 0.1 TECU; 9999, if no value available     COMMENT             
                                                            END OF HEADER       
[from data line 4719]
    12                                                      START OF TEC MAP    
  2022     6    17    22     0     0                        EPOCH OF CURRENT MAP
    87.5-180.0 180.0   5.0 450.0                            LAT/LON1/LON2/DLON/H
  131  132  132  133  134  135  135  136  136  137  137  138  138  138  138  138
  138  138  138  138  137  137  136  135  134  134  133  132  131  130  129  128
  127  126  125  124  123  122  122  121  120  120  119  119  119  119  119  119
  119  119  119  119  119  120  120  120  121  121  122  122  123  123  124  125
  125  126  127  127  128  129  129  130  131                                   
    85.0-180.0 180.0   5.0 450.0                            LAT/LON1/LON2/DLON/H
  135  136  138  139  140  142  143  145  146  147  148  149  150  151  151  151
  151  151  151  150  149  148  147  145  144  142  140  138  136  134  132  130
  128  126  124  122  121  119  118  117  116  115  114  114  114  114  114  114
  115  115  116  117  117  118  119  120  121  121  122  123  124  124  125  126
  127  128  128  129  130  131  132  134  135                                   
    82.5-180.0 180.0   5.0 450.0                            LAT/LON1/LON2/DLON/H
  138  140  141  143  145  147  149  151  154  156  157  159  161  162  163  163
  163  163  162  161  160  159  157  155  152  150  147  144  142  139  136  133
  130  127  124  122  119  117  116  114  113  112  112  112  112  113  113  114
  116  117  118  120  121  122  123  125  126  127  128  128  129  130  130  131
  131  132  133  133  134  135  136  137  138                                   
    80.0-180.0 180.0   5.0 450.0                            LAT/LON1/LON2/DLON/H
  141  143  144  146  148  150  153  156  158  161  164  166  168  170  171  172
  172  172  171  170  168  166  164  162  159  156  153  149  146  142  139  135
  132  129  126  123  120  118  116  114  113  113  113  113  114  115  117  118
  120  123  125  127  129  130  132  134  135  136  137  137  138  138  139  139
  139  139  139  139  139  139  140  141  141                                   
    77.5-180.0 180.0   5.0 450.0                            LAT/LON1/LON2/DLON/H
  145  146  146  148  149  152  154  157  160  164  167  170  172  174  176  176
  176  176  175  174  172  170  168  165  162  159  156  152  149  145  142  138
  135  131  128  125  123  120  118  117  116  116  116  117  118  120  122  125
  128  130  133  136  138  140  142  144  145  146  147  148  148  149  149  148
  148  148  147  147  146  146  145  145  145                                   
    75.0-180.0 180.0   5.0 450.0                            LAT/LON1/LON2/DLON/H
  150  149  149  149  150  152  154  157  160  163  167  170  173  175  177  177
  178  177  176  175  173  171  169  166  163  160  157  154  150  147  143  140
  137  134  132  129  127  125  123  121  120  120  120  122  123  126  129  132
  135  138  141  144  146  149  151  152  154  156  157  158  158  159  159  159
  158  158  157  156  155  154  153  151  150                                   
    72.5-180.0 180.0   5.0 450.0                            LAT/LON1/LON2/DLON/H
  158  155  153  152  151  151  153  155  158  162  165  169  172  174  176  176
  176  176  174  173  171  170  168  165  163  160  157  154  150  147  145  142
  140  138  136  134  132  130  129  127  126  126  126  127  129  131  134  137
  140  144  146  149  151  153  155  157  159  161  163  165  166  167  168  168
  169  169  168  167  166  164  162  160  158                                   
    70.0-180.0 180.0   5.0 450.0                            LAT/LON1/LON2/DLON/H
  167  163  159  156  154  152  152  154  156  160  163  167  170  173  174  175
  174  173  172  171  170  168  167  165  163  160  157  154  151  148  146  144
  143  142  141  140  139  138  136  134  133  132  132  132  134  136  138  141
  143  146  148  150  151  153  155  158  160  163  166  169  171  173  175  176
  178  179  179  179  178  177  174  171  167                                   
    67.5-180.0 180.0   5.0 450.0                            LAT/LON1/LON2/DLON/H
  178  173  168  163  158  155  153  153  155  158  162  166  169  172  173  174
  173  172  171  170  170  169  168  166  164  161  158  155  152  149  148  147
  146  147  147  147  147  146  144  142  140  138  137  137  137  139  140  142
  144  145  146  146  147  149  151  154  157  161  166  170  173  177  180  182
  185  187  189  191  191  189  187  183  178                                   
    65.0-180.0 180.0   5.0 450.0                            LAT/LON1/LON2/DLON/H
  190  184  177  171  165  160  156  155  155  158  161  165  169  171  173  173
  173  172  172  172  172  172  171  170  168  165  161  158  155  152  151  151
  152  153  155  156  156  155  153  150  147  144  142  141  140  141  141  141
  141  141  141  140  140  141  144  147  152  158  163  169  174  178  182  186
  190  194  198  200  202  201  199  195  190                                   
    62.5-180.0 180.0   5.0 450.0                            LAT/LON1/LON2/DLON/H
  200  194  187  180  173  167  161  158  157  159  161  165  169  172  173  174
  174  174  174  175  176  176  176  175  173  170  166  162  159  157  156  156
  158  160  163  165  165  164  162  158  154  150  147  145  143  142  141  140
  138  136  135  133  133  133  136  141  147  154  161  167  173  178  182  187
  192  198  204  208  211  211  209  205  200                                   
    60.0-180.0 180.0   5.0 450.0                            LAT/LON1/LON2/DLON/H
  208  203  196  189  182  175  169  164  161  161  163  166  169  172  174  175
  175  176  177  179  181  182  182  181  178  175  171  168  165  163  162  163
  165  168  171  173  174  172  169  165  160  155  151  148  145  142  140  137
  135  132  129  127  126  127  130  136  144  152  160  167  172  177  181  186
  193  200  207  213  216  217  216  213  208                                   
    57.5-180.0 180.0   5.0 450.0                            LAT/LON1/LON2/DLON/H
  213  209  204  198  192  185  178  172  167  165  166  168  170  173  174  175
  176  177  180  183  186  188  188  186  184  180  177  174  171  169  169  170
  172  175  178  180  181  179  175  170  164  159  155  151  147  143  140  136
  132  129  126  123  123  124  128  134  143  152  161  168  173  177  180  185
  192  200  208  215  219  220  219  217  213                                   
    55.0-180.0 180.0   5.0 450.0                            LAT/LON1/LON2/DLON/H
  216  214  211  207  202  195  188  181  175  172  170  170  172  173  174  175
  176  179  182  186  190  192  192  190  187  184  181  179  177  175  175  175
  178  181  184  186  185  182  178  172  167  162  157  153  149  144  140  135
  131  127  124  123  123  125  129  136  145  155  165  172  176  178  181  185
  192  201  209  216  219  220  219  218  216                                   
    52.5-180.0 180.0   5.0 450.0                            LAT/LON1/LON2/DLON/H
  218  219  218  216  212  207  200  193  186  180  177  175  175  175  175  175
  176  179  183  189  193  195  195  193  190  187  185  183  182  180  179  179
  181  184  187  188  187  184  179  173  168  163  159  155  151  146  141  136
  131  128  126  125  126  128  133  140  149  160  170  177  181  182  184  187
  194  202  211  217  219  219  218  218  218                                   
    50.0-180.0 180.0   5.0 450.0                            LAT/LON1/LON2/DLON/H
  221  225  227  227  224  219  213  206  199  192  187  183  180  178  177  176
  177  180  184  190  195  197  197  195  192  190  188  188  186  185  183  182
  183  186  188  190  188  185  179  174  169  165  162  158  154  149  144  138
  134  131  130  130  131  134  138  145  155  167  177  185  189  190  190  193
  199  207  215  219  220  219  218  219  221                                   
    47.5-180.0 180.0   5.0 450.0                            LAT/LON1/LON2/DLON/H
  228  234  239  239  237  233  228  221  215  207  200  194  189  185  182  180
  179  181  186  191  196  198  198  197  195  194  193  193  192  189  186  184
  184  187  190  191  190  186  181  176  172  168  165  162  158  154  149  144
  140  137  137  137  139  141  144  151  161  173  186  195  200  201  201  203
  209  216  222  225  223  221  220  223  228                                   
    45.0-180.0 180.0   5.0 450.0                            LAT/LON1/LON2/DLON/H
  240  249  255  255  252  248  243  238  233  225  217  209  203  196  191  186
  184  184  188  193  197  200  201  201  200  200  201  201  199  195  190  187
  186  189  192  194  193  190  185  181  178  174  171  168  165  161  157  153
  149  146  145  146  147  148  151  156  166  180  195  207  213  215  216  218
  223  229  233  233  230  227  226  231  240                                   
    42.5-180.0 180.0   5.0 450.0                            LAT/LON1/LON2/DLON/H
  256  268  275  276  271  265  261  257  253  247  238  230  221  213  204  197
  192  190  192  196  200  203  205  207  209  210  212  212  210  205  198  193
  192  194  198  200  200  197  194  190  187  183  180  176  174  171  169  166
  162  158  156  155  155  155  156  161  171  187  204  219  229  232  234  236
  240  245  247  245  240  236  236  244  256                                   
    40.0-180.0 180.0   5.0 450.0                            LAT/LON1/LON2/DLON/H
  277  292  301  300  294  286  280  278  276  271  263  254  244  233  222  211
  202  198  197  199  203  207  212  217  221  224  227  228  225  219  212  205
  202  203  207  209  209  207  204  201  198  194  190  186  184  183  183  180
  176  171  167  164  162  161  161  165  176  193  213  231  244  250  253  255
  258  262  263  259  253  248  250  260  277                                   
    37.5-180.0 180.0   5.0 450.0                            LAT/LON1/LON2/DLON/H
  299  319  330  330  320  310  304  302  301  298  291  282  272  259  244  229
  216  208  204  205  207  213  220  229  236  242  245  246  245  239  231  222
  217  216  218  219  219  217  216  213  210  205  199  195  194  195  197  196
  192  185  178  173  169  166  165  168  178  196  219  240  257  266  270  272
  275  277  277  273  267  262  265  278  299                                   
    35.0-180.0 180.0   5.0 450.0                            LAT/LON1/LON2/DLON/H
  321  346  362  362  352  339  332  330  330  328  323  314  303  288  269  249
  232  220  214  212  214  220  231  243  253  260  265  267  267  262  254  243
  235  230  228  227  226  225  224  222  218  212  206  201  201  204  208  209
  204  196  187  179  173  169  167  169  178  196  220  245  264  276  282  285
  287  288  289  286  280  276  280  296  321                                   
    32.5-180.0 180.0   5.0 450.0                            LAT/LON1/LON2/DLON/H
  340  372  393  397  387  374  365  363  364  362  357  349  337  320  297  273
  251  236  226  222  223  230  243  258  271  279  285  288  290  287  278  265
  252  242  235  231  228  227  226  225  221  214  207  202  203  208  214  215
  211  202  190  181  173  168  165  166  174  192  216  243  265  280  288  291
  292  294  296  295  292  289  294  311  340                                   
    30.0-180.0 180.0   5.0 450.0                            LAT/LON1/LON2/DLON/H
  355  393  421  431  425  412  403  401  401  400  394  386  373  354  329  300
  275  256  244  237  237  243  258  275  289  297  303  307  310  309  299  283
  265  249  236  227  222  221  221  221  216  209  201  197  199  205  211  214
  210  200  188  177  169  164  160  160  166  181  205  232  258  276  286  290
  292  294  298  301  301  300  304  322  355                                   
    27.5-180.0 180.0   5.0 450.0                            LAT/LON1/LON2/DLON/H
  364  408  445  462  461  451  443  442  442  439  433  423  410  391  363  332
  303  282  268  260  257  262  276  293  307  314  318  322  326  325  314  294
  270  247  229  216  209  207  209  209  205  197  190  186  189  195  201  203
  200  191  179  168  160  154  150  148  152  164  187  215  243  265  278  284
  285  289  296  304  308  308  312  329  364                                   
    25.0-180.0 180.0   5.0 450.0                            LAT/LON1/LON2/DLON/H
  367  416  461  486  491  487  483  484  484  479  471  460  448  428  400  368
  338  316  301  290  284  287  299  315  326  330  331  333  336  333  320  295
  266  238  215  200  192  190  192  193  190  182  176  173  175  179  184  185
  182  174  163  153  145  140  136  133  133  143  164  193  224  250  267  274
  276  280  290  303  312  313  316  331  367                                   
    22.5-180.0 180.0   5.0 450.0                            LAT/LON1/LON2/DLON/H
  366  417  467  500  512  514  517  521  523  517  505  494  482  465  439  408
  379  357  342  329  320  319  327  339  346  346  341  339  339  333  315  286
  253  222  198  182  175  175  178  179  176  169  163  160  161  163  163  163
  160  154  145  135  128  123  118  114  113  120  139  169  204  234  255  263
  266  271  284  301  313  317  318  331  366                                   
    20.0-180.0 180.0   5.0 450.0                            LAT/LON1/LON2/DLON/H
  362  412  464  501  519  529  539  550  554  547  533  521  511  499  478  450
  424  404  389  375  363  357  360  366  368  361  351  343  336  325  302  269
  235  205  183  169  164  166  170  172  168  162  156  153  152  149  145  142
  138  133  126  117  110  104  100   95   92   98  117  148  186  221  245  256
  259  264  278  298  314  319  319  329  362                                   
    17.5-180.0 180.0   5.0 450.0                            LAT/LON1/LON2/DLON/H
  357  404  453  490  512  529  548  567  574  567  551  539  532  527  513  492
  470  453  439  424  409  397  394  395  390  377  360  344  330  312  284  249
  217  191  174  166  164  168  174  175  171  164  158  155  150  142  133  126
  121  117  111  102   94   88   83   78   76   82  100  133  173  212  239  252
  256  261  276  297  315  322  321  329  357                                   
    15.0-180.0 180.0   5.0 450.0                            LAT/LON1/LON2/DLON/H
  355  394  437  469  492  514  542  569  581  575  558  546  544  546  542  529
  513  499  487  472  453  437  427  421  411  392  369  346  324  298  266  232
  204  186  177  174  176  183  189  190  185  176  170  165  157  144  130  119
  113  109  102   92   82   75   71   67   65   72   91  125  166  207  238  253
  258  263  277  298  317  325  325  331  355                                   
    12.5-180.0 180.0   5.0 450.0                            LAT/LON1/LON2/DLON/H
  357  388  420  445  465  490  524  558  575  570  553  542  545  556  562  557
  547  537  526  511  491  470  456  444  429  405  377  347  319  287  253  221
  200  191  190  193  199  207  213  213  205  195  188  181  171  154  135  121
  114  109  101   89   77   69   64   61   62   69   89  122  164  206  238  257
  264  270  282  302  321  331  333  338  357                                   
    10.0-180.0 180.0   5.0 450.0                            LAT/LON1/LON2/DLON/H
  366  388  408  423  438  463  500  538  559  556  540  531  538  556  571  574
  569  561  552  538  517  495  476  460  441  415  383  350  316  281  247  220
  206  206  212  219  227  234  239  237  228  216  207  200  188  169  147  131
  123  117  107   93   78   68   63   61   64   73   92  124  163  203  237  259
  271  278  290  308  327  339  344  351  366                                   
     7.5-180.0 180.0   5.0 450.0                            LAT/LON1/LON2/DLON/H
  382  396  406  412  420  441  478  517  539  537  523  515  526  549  570  579
  577  570  562  550  530  507  486  467  446  419  386  351  316  282  250  228
