IONEX/Новая папка/esag1680.22i
     1.0            IONOSPHERE MAPS     GPS                 IONEX VERSION / TYPE
PAR2IONEX           ESA/ESOC            20-JUN-22 22:30     PGM / RUN BY / DATE 
ESOC'S GLOBAL IONOSPHERE MAPS FOR DAY 168, 2022             DESCRIPTION         
SH: SPHERICAL HARMONIC MODEL FROM 279 STATS; N = 15, M = 15 DESCRIPTION         
  2022     6    17     0     0     0                        EPOCH OF FIRST MAP  
  2022     6    18     0     0     0                        EPOCH OF LAST MAP   
  7200                                                      INTERVAL            
    13                                                      # OF MAPS IN FILE   
  NONE                                                      MAPPING FUNCTION    
    10.0                                                    ELEVATION CUTOFF    
One-way carrier phase leveled to code                       OBSERVABLES USED    
   279                                                      # OF STATIONS       
    51                                                      # OF SATELLITES     
  6371.0                                                    BASE RADIUS         
     2                                                      MAP DIMENSION       
   450.0 450.0   0.0                                        HGT1 / HGT2 / DHGT  
    87.5 -87.5  -2.5                                        LAT1 / LAT2 / DLAT  
  -180.0 180.0   5.0                                        LON1 / LON2 / DLON  
    -1                                                      EXPONENT            
TEC/RMS values in 0.1 TECU; 9999, if no value available     COMMENT             
                                                            END OF HEADER       
[from data line 858]
     3                                                      START OF TEC MAP    
  2022     6    17     4     0     0                        EPOCH OF CURRENT MAP
    87.5-180.0 180.0   5.0 450.0                            LAT/LON1/LON2/DLON/H
  159  160  160  161  161  162  162  163  163  163  164  164  164  164  164  164
  164  164  164  163  163  162  162  161  160  160  159  158  157  156  156  155
  154  154  153  152  152  151  151  150  150  150  150  149  149  149  149  149
  149  149  150  150  150  150  151  151  151  152  152  153  153  154  154  155
  155  156  156  157  157  158  158  159  159                                   
    85.0-180.0 180.0   5.0 450.0                            LAT/LON1/LON2/DLON/H
  159  159  160  161  162  162  163  164  165  166  167  167  168  168  169  169
  169  169  168  167  166  165  164  162  161  159  157  155  153  151  150  148
  147  146  145  144  143  142  142  141  141  141  140  140  140  140  140  141
  141  141  142  142  143  144  144  145  146  147  148  148  149  150  151  152
  153  153  154  155  156  156  157  158  159                                   
    82.5-180.0 180.0   5.0 450.0                            LAT/LON1/LON2/DLON/H
  157  158  158  158  159  160  161  162  163  164  165  167  168  169  170  171
  172  172  171  170  169  167  164  161  158  155  152  149  146  143  140  138
  137  135  134  133  133  133  132  132  132  132  132  132  133  133  133  134
  134  135  136  137  138  139  140  142  143  144  146  147  148  150  151  152
  153  154  154  155  156  156  156  157  157                                   
    80.0-180.0 180.0   5.0 450.0                            LAT/LON1/LON2/DLON/H
  158  158  157  156  156  156  156  157  157  159  160  162  164  167  169  170
  172  172  172  171  169  167  163  159  154  149  144  140  135  132  129  127
  125  124  124  124  124  125  125  126  126  127  127  127  128  128  129  129
  130  131  133  135  136  138  140  142  144  146  148  150  152  154  155  156
  158  158  159  159  160  159  159  159  158                                   
    77.5-180.0 180.0   5.0 450.0                            LAT/LON1/LON2/DLON/H
  164  162  159  157  155  153  152  151  151  152  153  155  158  161  164  167
  169  171  172  171  169  166  161  156  149  143  136  130  125  120  117  115
  115  115  116  117  119  121  122  124  125  125  126  126  126  127  128  129
  130  132  134  137  139  142  145  148  150  153  156  158  160  162  164  166
  167  168  169  169  169  168  167  166  164                                   
    75.0-180.0 180.0   5.0 450.0                            LAT/LON1/LON2/DLON/H
  175  171  167  163  159  154  151  148  145  144  145  146  149  152  156  160
  164  167  169  170  168  164  159  152  144  136  128  121  115  110  107  106
  107  109  111  115  118  121  124  126  127  128  128  129  129  129  130  132
  134  137  140  143  147  151  154  157  161  164  167  169  172  175  177  179
  181  182  183  183  183  182  180  178  175                                   
    72.5-180.0 180.0   5.0 450.0                            LAT/LON1/LON2/DLON/H
  190  185  180  173  167  160  153  148  143  139  138  138  139  142  147  152
  157  161  164  165  164  161  155  148  139  129  120  112  106  102  100  100
  102  106  111  116  121  125  129  131  133  134  134  134  135  135  136  139
  141  145  149  154  158  162  166  170  173  176  179  181  184  187  190  192
  195  197  198  199  199  198  196  194  190                                   
    70.0-180.0 180.0   5.0 450.0                            LAT/LON1/LON2/DLON/H
  207  202  195  187  179  170  160  152  144  138  134  132  132  133  137  142
  147  152  156  158  158  154  149  141  132  122  113  105   99   96   95   97
  100  106  112  119  126  131  136  139  141  142  142  142  142  143  145  147
  151  156  161  166  171  175  179  182  184  187  189  191  193  196  200  203
  206  209  211  213  214  214  213  210  207                                   
    67.5-180.0 180.0   5.0 450.0                            LAT/LON1/LON2/DLON/H
  222  218  211  203  193  182  171  160  150  141  134  130  127  127  129  132
  137  141  145  147  147  144  139  131  123  113  105   98   93   91   92   95
  100  107  115  123  131  137  142  146  149  150  150  150  150  151  154  157
  162  167  173  178  183  187  190  192  193  194  195  196  198  201  204  208
  212  215  218  221  223  225  225  225  222                                   
    65.0-180.0 180.0   5.0 450.0                            LAT/LON1/LON2/DLON/H
  233  230  225  217  206  194  182  170  159  149  140  133  128  124  123  124
  126  129  132  133  132  130  125  119  111  104   97   91   88   87   89   94
  100  108  117  126  134  141  147  152  155  156  157  157  158  160  162  166
  172  177  183  189  193  196  198  198  197  197  196  196  198  200  204  207
  211  215  218  222  226  229  232  234  233                                   
    62.5-180.0 180.0   5.0 450.0                            LAT/LON1/LON2/DLON/H
  239  238  234  227  217  205  193  181  170  159  150  141  133  127  122  119
  118  118  118  117  116  113  110  105  100   94   89   86   84   85   88   93
  100  108  117  126  135  143  150  155  159  162  163  164  165  167  170  174
  180  185  191  196  200  202  202  200  198  196  194  193  194  196  199  202
  206  209  212  216  221  226  231  236  239                                   
    60.0-180.0 180.0   5.0 450.0                            LAT/LON1/LON2/DLON/H
  239  241  239  233  223  213  201  191  181  172  163  153  144  134  126  119
  114  110  107  104  101   98   95   93   90   87   84   83   83   84   88   93
   99  107  115  124  133  142  150  157  162  165  167  169  170  173  176  181
  186  191  196  200  203  204  203  201  197  194  191  190  190  192  194  197
  199  201  203  206  211  217  225  233  239                                   
    57.5-180.0 180.0   5.0 450.0                            LAT/LON1/LON2/DLON/H
  235  240  240  235  227  217  208  200  193  186  179  169  159  147  135  124
  115  107  100   95   91   88   86   85   85   84   84   84   84   86   89   93
   99  105  113  121  130  140  149  158  164  168  171  173  175  178  181  186
  191  195  200  203  205  205  204  201  197  194  191  189  190  191  193  194
  194  193  193  195  199  206  216  227  235                                   
    55.0-180.0 180.0   5.0 450.0                            LAT/LON1/LON2/DLON/H
  232  239  240  236  228  220  212  208  204  201  196  187  176  162  148  134
  121  110  101   94   89   86   85   86   88   89   89   89   89   90   92   96
  100  105  110  118  127  138  148  158  165  171  174  176  179  182  186  191
  196  200  204  207  208  209  208  205  201  198  195  194  194  195  196  196
  194  190  187  186  189  196  208  220  232                                   
    52.5-180.0 180.0   5.0 450.0                            LAT/LON1/LON2/DLON/H
  229  238  240  237  229  222  217  215  215  215  213  206  194  180  164  148
  133  121  110  102   96   93   93   96   99  100  101  100   98   98   98  100
  102  105  110  116  125  136  148  159  168  173  177  180  183  187  192  198
  203  207  211  213  215  216  215  214  211  208  205  204  204  205  205  203
  199  193  187  183  184  191  202  216  229                                   
    50.0-180.0 180.0   5.0 450.0                            LAT/LON1/LON2/DLON/H
  230  240  242  239  232  225  222  223  226  229  229  223  212  197  180  164
  149  136  125  117  112  110  111  114  117  118  117  114  110  108  106  107
  107  109  111  116  125  136  149  161  170  177  181  185  189  194  200  207
  213  218  222  225  227  228  229  228  226  223  220  218  218  218  218  215
  209  201  193  187  185  191  202  216  230                                   
    47.5-180.0 180.0   5.0 450.0                            LAT/LON1/LON2/DLON/H
  234  244  247  243  236  231  229  232  238  243  244  239  228  213  196  180
  166  154  145  138  134  132  134  137  139  139  135  130  123  119  116  115
  114  114  114  118  125  137  150  163  174  181  186  191  196  203  211  220
  227  233  237  240  243  245  247  246  244  240  237  234  232  231  230  226
  220  212  203  195  192  196  206  220  234                                   
    45.0-180.0 180.0   5.0 450.0                            LAT/LON1/LON2/DLON/H
  241  250  252  249  242  238  238  242  249  255  257  252  242  227  210  195
  183  173  166  161  158  157  159  161  162  160  153  145  136  129  125  123
  122  120  119  121  127  138  152  166  178  186  193  199  206  215  225  235
  244  251  256  259  262  265  267  266  264  259  253  247  243  241  239  236
  231  223  214  207  203  206  215  228  241                                   
    42.5-180.0 180.0   5.0 450.0                            LAT/LON1/LON2/DLON/H
  250  257  259  255  249  246  247  252  259  265  266  262  252  238  222  208
  197  190  186  183  181  180  182  183  182  178  169  158  147  139  135  132
  130  127  124  124  129  140  154  169  181  191  200  208  217  227  239  251
  262  270  275  279  281  284  286  285  282  275  266  257  250  246  243  241
  238  233  227  221  218  219  227  238  250                                   
    40.0-180.0 180.0   5.0 450.0                            LAT/LON1/LON2/DLON/H
  260  266  267  263  257  254  256  261  268  272  273  268  259  246  231  218
  208  203  201  199  199  198  199  200  197  191  180  168  157  148  143  140
  137  133  129  127  131  141  155  171  185  196  207  217  228  240  253  266
  278  287  293  295  297  299  301  301  296  288  276  264  254  247  244  243
  243  241  239  236  235  236  242  251  260                                   
    37.5-180.0 180.0   5.0 450.0                            LAT/LON1/LON2/DLON/H
  275  278  277  272  266  263  264  268  273  276  275  271  263  251  238  225
  217  212  211  211  210  210  211  211  208  201  190  177  165  157  151  147
  143  138  132  129  132  141  156  172  187  201  213  225  237  250  264  278
  290  300  305  307  307  309  311  312  307  298  284  269  257  249  245  246
  248  251  253  254  255  257  262  268  275                                   
    35.0-180.0 180.0   5.0 450.0                            LAT/LON1/LON2/DLON/H
  294  295  292  285  278  273  273  274  276  276  275  271  265  255  242  231
  222  218  217  217  217  217  218  218  215  209  198  186  175  166  159  154
  148  142  135  131  132  141  155  172  188  203  217  231  244  257  270  285
  298  307  311  311  311  312  315  317  315  306  292  277  263  254  251  253
  258  265  271  276  280  284  287  291  294                                   
    32.5-180.0 180.0   5.0 450.0                            LAT/LON1/LON2/DLON/H
  321  319  313  304  294  287  283  281  278  275  272  269  265  257  246  235
  226  222  221  220  220  221  223  224  222  217  208  198  187  176  167  159
  151  143  136  131  131  139  153  170  186  203  218  233  247  260  273  287
  300  309  312  310  308  310  315  320  321  315  303  289  275  267  265  268
  276  286  295  304  311  316  319  321  321                                   
    30.0-180.0 180.0   5.0 450.0                            LAT/LON1/LON2/DLON/H
  356  351  342  330  317  305  296  289  281  275  270  267  265  259  249  238
  230  225  224  223  223  225  228  231  231  227  220  211  200  187  175  162
  152  142  134  129  129  136  149  165  182  199  215  232  246  258  271  285
  299  307  309  305  303  305  313  322  327  326  318  307  296  289  288  294
  303  315  327  338  348  355  358  358  356                                   
    27.5-180.0 180.0   5.0 450.0                            LAT/LON1/LON2/DLON/H
  396  389  378  363  346  329  314  301  288  277  270  266  264  260  251  241
  234  229  227  226  227  230  236  241  243  240  233  224  212  197  180  163
  149  139  130  125  124  131  143  158  174  191  208  226  241  254  267  282
  296  305  305  300  297  301  311  325  335  340  337  330  323  319  320  327
  338  350  363  377  389  398  401  400  396                                   
    25.0-180.0 180.0   5.0 450.0                            LAT/LON1/LON2/DLON/H
  438  431  419  402  381  359  337  317  299  283  273  268  265  260  252  244
  238  234  232  231  232  237  245  252  254  251  245  235  222  203  181  160
  143  132  124  118  117  123  134  148  163  179  198  217  234  248  263  279
  295  304  304  298  294  300  314  331  346  355  358  357  353  352  356  365
  376  388  401  415  430  440  445  443  438                                   
    22.5-180.0 180.0   5.0 450.0                            LAT/LON1/LON2/DLON/H
  477  471  460  443  419  391  364  338  314  295  281  272  267  260  253  246
  241  239  238  237  238  244  254  261  263  259  251  240  224  202  176  152
  134  122  114  109  108  113  122  135  149  165  185  206  226  243  260  279
  296  306  306  300  297  305  321  341  359  372  379  382  383  385  391  401
  413  424  436  450  465  477  483  482  477                                   
    20.0-180.0 180.0   5.0 450.0                            LAT/LON1/LON2/DLON/H
  508  504  496  479  454  422  390  360  333  309  292  279  269  260  252  246
  244  243  242  240  242  248  258  265  265  258  247  234  217  194  166  140
  122  111  104   99   97  101  110  121  134  151  172  197  220  240  260  282
  301  312  313  307  306  316  334  355  373  388  398  404  407  411  419  430
  441  451  462  475  491  504  511  511  508                                   
    17.5-180.0 180.0   5.0 450.0                            LAT/LON1/LON2/DLON/H
  527  527  522  508  482  449  413  380  351  326  304  287  272  259  249  245
  244  245  243  240  241  247  256  262  259  248  233  219  201  177  150  125
  108   99   93   89   87   89   97  108  120  138  161  188  215  239  263  287
  308  320  322  318  320  332  352  372  388  402  413  420  425  430  438  449
  460  469  477  489  505  519  526  528  527                                   
    15.0-180.0 180.0   5.0 450.0                            LAT/LON1/LON2/DLON/H
  535  537  537  525  501  467  430  396  366  340  316  294  274  256  245  241
  242  243  240  235  234  239  247  249  242  227  210  194  177  155  131  109
   95   89   85   80   78   80   86   96  109  126  152  182  212  240  266  291
  314  327  331  331  336  352  372  390  403  414  424  431  436  440  448  459
  469  476  483  493  508  521  529  532  535                                   
    12.5-180.0 180.0   5.0 450.0                            LAT/LON1/LON2/DLON/H
  532  538  541  533  510  476  440  406  377  350  324  298  273  253  239  235
  236  236  232  225  221  224  229  229  218  200  180  164  149  132  112   95
   85   82   80   76   73   73   79   88  100  118  145  177  210  240  267  293
  316  331  337  341  352  371  392  408  417  425  432  439  443  446  453  462
  471  477  482  490  503  516  524  527  532                                   
    10.0-180.0 180.0   5.0 450.0                            LAT/LON1/LON2/DLON/H
  524  533  538  532  511  478  443  411  382  356  328  299  271  247  233  228
  228  226  219  210  204  205  208  204  191  170  150  135  123  110   96   85
   80   79   79   76   72   72   76   84   95  112  139  173  207  237  264  289
  312  329  338  348  364  387  409  423  429  434  440  446  449  451  456  464
  471  475  478  485  496  506  513  518  524                                   
     7.5-180.0 180.0   5.0 450.0                            LAT/LON1/LON2/DLON/H
  516  526  532  527  507  476  443  412  384  357  328  297  266  241  226  220
  218  214  205  193  186  185  185  180  165  144  125  111  102   95   86   80
