IONEX/Новая папка/esag1680.22i
     1.0            IONOSPHERE MAPS     GPS                 IONEX VERSION / TYPE
PAR2IONEX           ESA/ESOC            20-JUN-22 22:30     PGM / RUN BY / DATE 
ESOC'S GLOBAL IONOSPHERE MAPS FOR DAY 168, 2022             DESCRIPTION         
SH: SPHERICAL HARMONIC MODEL FROM 279 STATS; N = 15, M = 15 DESCRIPTION         
  2022     6    17     0     0     0                        EPOCH OF FIRST MAP  
  2022     6    18     0     0     0                        EPOCH OF LAST MAP   
  7200                                                      INTERVAL            
    13                                                      # OF MAPS IN FILE   
  NONE                                                      MAPPING FUNCTION    
    10.0                                                    ELEVATION CUTOFF    
One-way carrier phase leveled to code                       OBSERVABLES USED    
   279                                                      # OF STATIONS       
    51                                                      # OF SATELLITES     
  6371.0                                                    BASE RADIUS         
     2                                                      MAP DIMENSION       
   450.0 450.0   0.0                                        HGT1 / HGT2 / DHGT  
    87.5 -87.5  -2.5                                        LAT1 / LAT2 / DLAT  
  -180.0 180.0   5.0                                        LON1 / LON2 / DLON  
    -1                                                      EXPONENT            
TEC/RMS values in 0.1 TECU; 9999, if no value available     COMMENT             
                                                            END OF HEADER       
[from data line 1287]
     4                                                      START OF TEC MAP    
  2022     6    17     6     0     0                        EPOCH OF CURRENT MAP
    87.5-180.0 180.0   5.0 450.0                            LAT/LON1/LON2/DLON/H
  158  159  159  159  160  160  161  161  162  162  163  163  163  163  164  164
  164  164  164  163  163  163  162  162  162  161  161  160  160  159  159  158
  158  158  157  157  157  156  156  156  156  156  156  155  155  155  155  155
  155  155  155  155  155  155  155  156  156  156  156  156  156  156  156  156
  156  156  157  157  157  157  158  158  158                                   
    85.0-180.0 180.0   5.0 450.0                            LAT/LON1/LON2/DLON/H
  154  155  155  156  157  158  159  161  162  163  164  165  166  166  167  167
  167  167  166  166  165  164  163  162  161  159  158  157  156  155  154  153
  152  152  151  151  151  150  150  150  150  150  151  151  151  151  151  152
  152  152  152  153  153  153  154  154  154  154  154  154  154  154  154  154
  154  154  153  153  153  153  154  154  154                                   
    82.5-180.0 180.0   5.0 450.0                            LAT/LON1/LON2/DLON/H
  150  150  150  151  152  154  155  157  159  161  163  164  166  167  168  168
  168  168  167  166  164  163  161  158  156  154  152  150  148  147  145  144
  144  143  143  143  143  143  144  144  144  145  146  146  147  148  148  149
  150  151  152  153  153  154  155  156  156  157  157  157  157  157  157  156
  155  154  154  153  152  151  150  150  150                                   
    80.0-180.0 180.0   5.0 450.0                            LAT/LON1/LON2/DLON/H
  147  146  145  145  146  147  149  151  154  157  159  162  164  166  167  168
  168  167  166  164  162  159  156  153  149  146  143  141  138  137  135  135
  134  134  135  135  136  137  138  139  140  141  142  143  144  146  147  149
  150  152  153  155  157  159  160  162  163  165  166  166  167  167  166  165
  164  162  160  158  155  153  151  149  147                                   
    77.5-180.0 180.0   5.0 450.0                            LAT/LON1/LON2/DLON/H
  148  145  143  142  141  142  143  145  148  151  154  157  159  162  163  165
  165  165  163  161  158  155  151  147  142  138  135  132  129  128  127  127
  127  128  129  131  132  134  135  137  138  139  141  142  144  146  148  150
  152  155  158  161  163  166  169  172  175  177  179  181  182  182  182  181
  180  177  174  170  166  161  157  152  148                                   
    75.0-180.0 180.0   5.0 450.0                            LAT/LON1/LON2/DLON/H
  155  149  145  141  139  138  138  139  141  144  147  150  153  155  158  159
  160  160  159  157  154  150  146  141  136  132  128  125  122  121  121  122
  124  126  128  131  133  135  136  137  139  140  141  143  145  147  150  153
  157  160  164  168  172  176  180  184  187  191  194  197  199  201  202  201
  200  197  194  189  183  176  169  162  155                                   
    72.5-180.0 180.0   5.0 450.0                            LAT/LON1/LON2/DLON/H
  167  158  151  145  140  137  136  135  136  137  139  141  144  147  150  152
  154  154  154  153  150  146  142  137  131  127  123  120  118  118  119  122
  125  128  131  135  137  139  140  141  142  143  144  146  148  151  154  158
  162  167  171  176  180  185  190  194  199  203  208  211  215  218  220  221
  220  219  215  210  203  195  186  176  167                                   
    70.0-180.0 180.0   5.0 450.0                            LAT/LON1/LON2/DLON/H
  181  170  160  152  145  140  136  134  132  132  132  133  135  138  140  143
  145  147  147  147  145  141  137  132  127  122  119  116  116  117  120  124
  128  133  138  141  144  146  146  146  146  147  148  149  152  155  159  164
  169  174  178  183  188  192  197  202  207  211  216  220  224  228  231  234
  236  236  234  230  223  215  204  193  181                                   
    67.5-180.0 180.0   5.0 450.0                            LAT/LON1/LON2/DLON/H
  195  183  171  162  153  146  141  136  132  129  126  126  126  128  130  133
  136  138  139  138  137  134  130  125  121  117  114  113  113  116  120  126
  133  139  145  149  152  153  153  152  151  151  152  154  157  161  165  171
  176  180  185  189  193  197  201  205  209  213  217  221  225  229  234  238
  242  245  245  243  239  231  220  208  195                                   
    65.0-180.0 180.0   5.0 450.0                            LAT/LON1/LON2/DLON/H
  207  195  183  173  164  156  148  141  134  128  123  119  118  118  119  122
  124  126  127  127  126  123  120  116  112  109  107  107  109  114  120  128
  136  144  150  155  158  159  159  157  156  155  156  158  162  167  172  177
  183  187  191  194  197  199  202  204  207  209  212  214  218  222  227  232
  238  244  247  248  246  240  231  220  207                                   
    62.5-180.0 180.0   5.0 450.0                            LAT/LON1/LON2/DLON/H
  215  204  193  184  176  167  159  150  140  130  122  115  111  110  110  111
  112  113  114  113  112  110  107  103  100   98   98   99  103  109  118  127
  137  146  154  159  163  164  163  161  160  159  160  163  167  173  179  185
  190  193  196  197  199  200  201  202  202  203  204  205  206  209  214  219
  227  234  241  245  246  243  236  226  215                                   
    60.0-180.0 180.0   5.0 450.0                            LAT/LON1/LON2/DLON/H
  218  209  201  194  188  181  172  161  148  136  124  114  108  104  102  101
  101  100  100   98   96   94   92   89   87   87   88   91   96  104  114  125
  136  146  155  161  165  166  165  164  163  162  164  168  174  180  187  193
  197  200  201  201  201  201  201  200  200  199  198  196  196  197  199  204
  211  220  228  235  239  238  234  227  218                                   
    57.5-180.0 180.0   5.0 450.0                            LAT/LON1/LON2/DLON/H
  219  213  208  204  200  195  186  175  160  145  130  117  108  101   97   94
   92   89   87   84   82   80   78   77   76   77   79   84   91  100  111  123
  135  146  155  161  165  167  167  166  166  166  169  174  181  188  196  202
  206  208  208  207  206  205  203  202  201  199  197  194  191  190  190  193
  199  206  215  223  229  231  229  225  219                                   
    55.0-180.0 180.0   5.0 450.0                            LAT/LON1/LON2/DLON/H
  218  215  214  214  213  210  202  190  175  157  140  124  113  104   97   92
   86   82   78   74   72   71   70   69   70   71   75   81   89   99  111  123
  135  146  154  161  166  168  169  169  170  171  175  181  189  198  206  212
  217  218  218  216  214  212  211  209  208  206  203  199  195  192  190  190
  193  198  205  213  219  223  223  221  218                                   
    52.5-180.0 180.0   5.0 450.0                            LAT/LON1/LON2/DLON/H
  217  218  220  223  225  225  219  208  191  172  153  136  123  112  103   95
   87   80   75   72   70   69   69   69   70   72   76   83   91  102  114  126
  138  148  156  162  167  171  173  174  175  178  182  189  198  208  218  225
  229  231  230  228  226  224  223  222  220  218  215  212  208  203  199  196
  196  198  202  208  213  217  218  218  217                                   
    50.0-180.0 180.0   5.0 450.0                            LAT/LON1/LON2/DLON/H
  219  222  227  232  237  239  235  225  209  190  170  153  138  125  114  104
   95   86   80   77   76   76   77   77   78   80   83   90   98  109  121  132
  143  152  160  166  171  175  179  181  183  186  191  199  210  221  231  240
  245  246  246  244  242  240  238  237  236  234  232  229  225  220  215  210
  206  204  205  208  211  214  216  218  219                                   
    47.5-180.0 180.0   5.0 450.0                            LAT/LON1/LON2/DLON/H
  223  228  234  241  248  251  249  241  226  208  189  172  156  143  131  119
  108   99   93   91   91   92   93   93   92   92   95  100  108  118  129  140
  151  159  166  172  178  183  187  190  193  196  202  211  223  235  247  256
  262  264  264  262  260  258  256  254  252  250  248  245  242  238  233  227
  221  216  213  213  214  216  218  220  223                                   
    45.0-180.0 180.0   5.0 450.0                            LAT/LON1/LON2/DLON/H
  229  235  241  249  255  259  259  253  241  225  208  191  177  164  152  139
  127  118  112  111  112  114  114  112  109  107  107  111  118  127  137  148
  158  166  173  179  186  192  197  201  204  208  215  224  237  251  263  274
  280  283  283  281  278  276  273  270  267  264  261  259  256  254  250  244
  237  230  225  221  220  221  223  226  229                                   
    42.5-180.0 180.0   5.0 450.0                            LAT/LON1/LON2/DLON/H
  238  243  248  254  260  264  265  261  252  239  224  209  197  185  173  161
  149  140  135  134  136  138  137  132  126  121  118  120  125  133  143  153
  163  172  179  187  194  202  208  213  217  221  228  239  252  267  280  291
  298  301  301  299  296  293  290  286  281  276  271  268  266  265  263  259
  253  245  238  232  229  229  230  233  238                                   
    40.0-180.0 180.0   5.0 450.0                            LAT/LON1/LON2/DLON/H
  247  251  255  258  260  263  264  263  256  246  235  223  213  203  194  183
  172  163  158  157  159  160  157  150  140  131  126  126  129  136  145  155
  165  174  183  192  202  211  219  225  229  234  242  253  267  282  296  307
  314  318  318  316  312  309  305  300  294  288  281  276  274  274  274  273
  268  261  253  246  241  239  240  243  247                                   
    37.5-180.0 180.0   5.0 450.0                            LAT/LON1/LON2/DLON/H
  259  261  262  260  259  259  259  259  255  248  239  231  224  217  210  202
  192  183  178  177  178  177  173  163  150  139  132  129  131  136  143  152
  162  173  184  196  207  219  229  236  241  246  255  267  282  296  310  320
  327  331  331  329  326  324  321  316  310  303  295  288  284  285  287  288
  286  280  272  263  257  254  253  255  259                                   
    35.0-180.0 180.0   5.0 450.0                            LAT/LON1/LON2/DLON/H
  273  273  269  263  257  253  252  251  248  243  237  232  228  225  222  216
  209  201  195  192  191  190  184  172  158  145  136  132  132  134  138  146
  156  168  181  195  210  224  236  245  251  257  267  280  294  309  321  331
  337  340  341  340  339  338  338  336  332  325  316  308  304  304  307  311
  311  306  298  289  280  274  271  272  273                                   
    32.5-180.0 180.0   5.0 450.0                            LAT/LON1/LON2/DLON/H
  291  287  279  268  257  248  244  242  239  235  230  227  226  227  227  225
  221  214  207  202  200  197  191  180  165  151  142  137  134  133  134  139
  148  160  175  192  209  226  241  251  258  267  278  291  305  318  329  338
  344  347  348  348  350  353  357  360  360  356  349  341  335  335  339  345
  346  342  334  323  312  302  296  293  291                                   
    30.0-180.0 180.0   5.0 450.0                            LAT/LON1/LON2/DLON/H
  313  305  293  277  261  248  240  235  230  225  221  220  221  224  228  230
  228  223  215  209  205  202  197  187  173  160  151  145  140  135  131  131
  138  151  167  185  205  225  242  254  263  274  286  301  314  325  335  342
  348  352  354  356  362  370  379  388  394  396  392  384  379  378  383  389
  392  388  378  365  351  338  327  319  313                                   
    27.5-180.0 180.0   5.0 450.0                            LAT/LON1/LON2/DLON/H
  338  326  310  290  270  252  240  232  224  218  213  212  214  218  224  230
  232  229  221  213  208  205  202  195  183  171  163  156  148  139  129  125
  129  140  156  176  198  221  240  254  266  279  293  308  321  331  339  346
  352  356  360  365  374  388  403  418  431  438  439  434  429  429  435  441
  444  440  429  414  397  379  363  349  338                                   
    25.0-180.0 180.0   5.0 450.0                            LAT/LON1/LON2/DLON/H
  366  350  330  307  283  263  247  234  224  215  209  206  208  212  219  228
  234  233  226  216  210  208  208  203  194  184  175  168  158  144  129  120
  120  129  145  166  190  214  236  253  267  282  298  314  327  335  343  350
  357  362  367  375  388  406  426  446  464  477  483  482  479  479  485  492
  495  490  478  463  444  422  401  382  366                                   
    22.5-180.0 180.0   5.0 450.0                            LAT/LON1/LON2/DLON/H
  393  373  351  325  300  277  258  242  228  217  209  206  205  207  214  224
  233  235  229  219  212  211  212  211  204  194  185  177  165  147  128  114
  111  118  133  154  179  206  230  249  266  283  302  319  331  340  348  357
  365  371  378  388  404  424  446  469  490  507  516  518  517  519  526  533
  536  531  520  505  486  463  438  414  393                                   
    20.0-180.0 180.0   5.0 450.0                            LAT/LON1/LON2/DLON/H
  417  394  369  343  316  292  271  253  236  223  214  209  205  204  209  219
  231  236  231  220  212  211  214  215  209  199  189  180  166  146  124  107
  102  107  122  143  169  197  224  245  264  284  305  323  335  344  354  365
  375  383  390  402  419  441  462  483  504  521  533  537  537  540  548  557
  560  556  547  534  518  496  469  442  417                                   
    17.5-180.0 180.0   5.0 450.0                            LAT/LON1/LON2/DLON/H
  436  410  383  356  330  306  284  263  245  231  222  215  209  203  204  213
  226  233  230  219  209  208  211  212  206  195  185  174  160  139  116   99
   92   97  111  132  160  190  218  242  263  285  307  326  339  349  360  374
  387  396  404  416  434  454  473  489  506  521  532  536  537  541  550  559
  563  561  555  548  537  518  492  463  436                                   
    15.0-180.0 180.0   5.0 450.0                            LAT/LON1/LON2/DLON/H
  448  420  393  365  339  315  293  271  252  238  229  222  212  203  199  206
  219  228  225  213  203  200  203  203  196  183  171  160  146  127  106   89
   83   88  102  124  152  183  213  239  262  285  308  328  342  353  366  383
  398  409  417  430  447  465  479  489  499  509  517  520  521  524  533  542
  548  548  547  546  541  528  505  477  448                                   
    12.5-180.0 180.0   5.0 450.0                            LAT/LON1/LON2/DLON/H
  454  426  397  369  343  319  296  274  254  241  234  226  215  201  193  197
  209  218  216  204  192  187  188  187  179  165  151  140  128  112   94   80
   76   81   96  117  146  179  210  237  261  285  309  328  342  354  370  389
  407  418  428  440  457  472  481  484  487  492  496  497  495  498  506  515
  521  523  527  532  534  527  508  482  454                                   
    10.0-180.0 180.0   5.0 450.0                            LAT/LON1/LON2/DLON/H
  455  427  398  369  343  319  295  272  253  240  233  226  214  197  186  186
  196  205  203  190  177  171  171  168  159  144  130  119  109   97   83   73
   71   77   92  113  143  176  208  235  259  283  307  326  340  353  370  391
  410  423  433  446  462  475  480  478  475  476  477  475  472  473  478  486
  491  495  502  513  521  519  505  482  455                                   
     7.5-180.0 180.0   5.0 450.0                            LAT/LON1/LON2/DLON/H
  454  427  398  368  341  316  292  268  248  235  229  222  209  192  178  175
  182  189  187  175  161  154  152  149  140  124  110  101   94   85   76   69
