IONEX/Новая папка/jplg1680.22i
     1.0            IONOSPHERE MAPS     GPS                 IONEX VERSION / TYPE
GIM V3.0            JPL - GNISD         20-jun-2022 00:55   PGM / RUN BY / DATE 
JPL'S GLOBAL IONOSPHERE MAPS YEAR 2022 DAY 168              COMMENT             
Global Ionospheric Maps (GIM) are generated on an hourly    DESCRIPTION         
and daily basis at JPL using data from up to 100 GPS sites  DESCRIPTION         
of the IGS and others institutions.                         DESCRIPTION         
The vertical TEC is modeled in a solar-geomagnetic          DESCRIPTION         
reference frame using bi-cubic splines on a spherical grid. DESCRIPTION         
A Kalman filter is used to solve simultaneously for         DESCRIPTION         
instrumental biases and VTEC on the grid (as stochastic     DESCRIPTION         
parameters).                                                DESCRIPTION         
Contact Address:  gpsiono@cobra.jpl.nasa.gov .              DESCRIPTION         
  2022     6    17     0     0     0                        EPOCH OF FIRST MAP  
  2022     6    18     0     0     0                        EPOCH OF LAST MAP   
  7200                                                      INTERVAL            
    13                                                      # OF MAPS IN FILE   
  NONE                                                      MAPPING FUNCTION    
    10.0                                                    ELEVATION CUTOFF    
One-way carrier phase leveled to code                       OBSERVABLES USED    
   170                                                      # OF STATIONS       
  6371.0                                                    BASE RADIUS         
     2                                                      MAP DIMENSION       
   450.0 450.0   0.0                                        HGT1 / HGT2 / DHGT  
    87.5 -87.5  -2.5                                        LAT1 / LAT2 / DLAT  
  -180.0 180.0   5.0                                        LON1 / LON2 / DLON  
    -1                                                      EXPONENT            
TEC/RMS values in 0.1 TECU; 9999, if no value available     COMMENT             
                                                            END OF HEADER       
[from data line 858]
     3                                                      START OF TEC MAP    
  2022     6    17     4     0     0                        EPOCH OF CURRENT MAP
    87.5-180.0 180.0   5.0 450.0                            LAT/LON1/LON2/DLON/H
  175  174  174  174  173  173  173  172  172  171  171  171  170  170  170  169
  169  169  168  168  168  167  167  167  166  166  166  165  165  165  164  164
  164  163  163  163  163  163  162  162  162  162  162  163  163  163  163  164
  164  165  165  166  166  167  168  168  169  170  170  171  172  172  173  173
  174  174  174  175  175  175  175  175  175
    85.0-180.0 180.0   5.0 450.0                            LAT/LON1/LON2/DLON/H
  185  185  184  182  181  180  179  177  176  175  174  173  173  172  171  171
  171  170  170  169  169  169  168  168  167  166  165  165  164  163  162  162
  161  160  159  159  158  158  157  157  157  157  157  157  157  157  158  159
  160  161  162  163  165  166  168  169  171  173  175  176  178  180  181  182
  184  185  185  186  186  187  186  186  185
    82.5-180.0 180.0   5.0 450.0                            LAT/LON1/LON2/DLON/H
  199  197  195  193  190  187  184  181  179  177  175  174  173  173  173  173
  173  172  172  172  171  171  170  169  168  166  165  163  162  161  159  158
  157  155  154  153  153  152  151  151  150  150  150  150  151  152  153  154
  155  157  159  161  163  166  168  171  174  177  180  182  185  188  191  193
  195  197  199  200  201  202  201  200  199
    80.0-180.0 180.0   5.0 450.0                            LAT/LON1/LON2/DLON/H
  213  210  206  202  197  192  187  183  179  176  174  173  173  173  173  174
  174  175  175  175  174  173  172  170  167  165  162  160  158  155  153  152
  150  149  148  147  147  146  145  145  144  144  144  145  146  147  148  150
  152  154  157  160  163  166  170  173  177  181  184  188  192  196  200  203
  207  210  213  215  216  217  217  215  213
    77.5-180.0 180.0   5.0 450.0                            LAT/LON1/LON2/DLON/H
  225  221  215  208  201  194  187  182  177  174  172  172  172  173  175  176
  178  178  179  178  177  175  172  168  165  161  157  153  150  147  145  144
  143  142  141  141  141  141  140  140  140  140  141  141  143  144  146  148
  151  154  157  161  164  168  172  176  180  184  188  193  197  201  206  210
  215  219  223  226  229  230  230  229  225
    75.0-180.0 180.0   5.0 450.0                            LAT/LON1/LON2/DLON/H
  234  229  221  213  204  195  187  180  175  172  170  170  172  174  176  178
  180  181  181  180  178  175  170  165  160  154  149  144  141  138  136  135
  134  135  135  136  137  137  138  138  139  139  140  141  143  145  148  151
  154  157  161  165  169  173  176  180  184  188  191  195  199  203  208  212
  217  223  227  232  235  238  239  238  234
    72.5-180.0 180.0   5.0 450.0                            LAT/LON1/LON2/DLON/H
  240  234  227  217  207  197  187  180  174  170  169  168  170  172  174  177
  179  180  181  180  177  172  167  160  154  147  141  136  132  129  127  126
  127  129  131  133  135  136  138  139  140  142  143  145  148  151  154  157
  161  164  168  171  175  178  182  185  187  190  193  196  199  202  206  211
  216  221  227  232  237  241  243  243  240
    70.0-180.0 180.0   5.0 450.0                            LAT/LON1/LON2/DLON/H
  244  239  232  223  212  201  191  182  175  170  167  166  165  166  168  171
  174  176  176  175  172  167  161  154  146  139  133  128  125  122  121  121
  123  125  128  132  135  138  141  143  145  148  151  154  157  160  163  167
  170  173  176  179  182  184  186  188  190  191  193  195  197  199  202  206
  211  216  222  229  235  240  244  245  244
    67.5-180.0 180.0   5.0 450.0                            LAT/LON1/LON2/DLON/H
  247  244  239  231  221  210  199  189  181  173  168  163  160  159  160  161
  164  166  167  166  163  158  152  145  138  132  127  123  121  119  119  120
  121  124  128  133  137  142  146  149  153  156  160  164  168  171  174  177
  180  182  184  186  188  189  190  191  191  191  192  193  194  195  198  201
  205  210  217  224  231  238  243  247  247
    65.0-180.0 180.0   5.0 450.0                            LAT/LON1/LON2/DLON/H
  250  249  246  240  233  224  214  203  192  182  172  164  157  153  151  151
  152  153  154  153  150  146  141  135  130  125  122  120  119  119  119  120
  122  126  130  136  142  147  153  157  161  166  170  175  179  182  185  187
  188  189  190  191  191  192  191  191  190  190  190  190  191  192  194  196
  200  205  212  219  227  235  242  247  250
    62.5-180.0 180.0   5.0 450.0                            LAT/LON1/LON2/DLON/H
  250  253  253  250  246  239  231  221  210  197  184  171  160  152  146  142
  141  141  140  139  137  134  130  126  123  120  119  119  119  120  121  122
  124  127  133  140  147  154  160  165  170  175  179  184  188  191  193  193
  194  193  193  193  193  192  191  190  189  188  187  187  188  189  191  193
  197  202  208  216  224  233  240  246  250
    60.0-180.0 180.0   5.0 450.0                            LAT/LON1/LON2/DLON/H
  247  252  255  257  257  254  249  241  231  217  202  187  172  158  148  141
  136  133  130  129  126  124  122  120  119  118  118  119  121  122  122  123
  125  129  135  143  152  160  167  172  177  181  185  190  193  196  197  197
  197  196  195  194  193  192  191  189  187  186  185  185  186  187  189  191
  195  200  206  214  222  229  236  242  247
    57.5-180.0 180.0   5.0 450.0                            LAT/LON1/LON2/DLON/H
  240  246  252  257  261  263  263  259  251  239  224  208  191  175  161  149
  140  133  128  125  122  121  120  120  121  121  122  123  123  124  123  123
  125  129  137  146  156  165  172  177  181  184  188  192  196  198  200  200
  199  198  197  196  195  193  191  189  187  186  185  185  185  186  188  191
  194  199  205  212  219  226  231  236  240
    55.0-180.0 180.0   5.0 450.0                            LAT/LON1/LON2/DLON/H
  232  237  244  251  258  264  268  269  266  258  246  231  215  197  181  167
  154  144  136  131  128  127  128  129  130  131  130  130  128  126  125  124
  125  129  137  147  157  167  174  179  182  184  187  191  196  200  202  202
  202  201  201  200  199  197  195  193  191  189  188  187  187  187  188  191
  194  199  204  211  217  221  225  228  232
    52.5-180.0 180.0   5.0 450.0                            LAT/LON1/LON2/DLON/H
  223  228  234  242  249  257  264  270  273  271  264  253  239  223  206  190
  175  162  153  146  143  142  144  147  148  146  144  140  136  132  128  126
  126  130  137  146  156  166  173  178  180  182  186  191  196  202  205  207
  208  208  209  208  207  205  202  200  197  195  193  191  189  189  190  192
  195  198  203  209  214  217  219  221  223
    50.0-180.0 180.0   5.0 450.0                            LAT/LON1/LON2/DLON/H
  219  222  226  232  239  247  256  265  272  276  275  269  259  246  230  214
  198  185  174  167  164  164  166  169  169  166  161  154  147  140  134  131
  130  132  137  144  153  162  170  176  178  181  185  191  199  206  212  215
  218  219  220  220  218  215  212  209  206  203  199  196  193  192  193  194
  196  199  203  208  212  215  216  217  219
    47.5-180.0 180.0   5.0 450.0                            LAT/LON1/LON2/DLON/H
  220  222  223  226  231  238  247  257  267  275  279  278  273  264  251  236
  221  207  197  190  187  187  190  193  192  188  180  170  160  151  144  139
  136  136  138  143  150  159  167  174  177  181  186  194  204  214  221  227
  230  233  234  234  231  228  224  220  216  212  207  203  199  197  197  198
  200  202  206  210  214  216  218  219  220
    45.0-180.0 180.0   5.0 450.0                            LAT/LON1/LON2/DLON/H
  229  229  228  228  231  236  243  252  262  272  279  283  281  275  265  252
  239  227  217  211  208  209  211  214  213  207  198  187  176  166  158  152
  147  144  143  144  149  157  166  173  178  183  191  201  212  224  233  240
  245  248  250  249  246  242  237  232  227  222  216  210  205  202  202  204
  207  209  212  216  220  223  226  228  229
    42.5-180.0 180.0   5.0 450.0                            LAT/LON1/LON2/DLON/H
  243  242  239  238  239  243  247  254  262  271  280  286  286  282  274  263
  252  241  232  227  225  225  228  230  229  223  214  203  192  183  175  167
  160  154  150  149  152  159  167  175  182  189  198  210  223  235  245  253
  260  264  266  265  261  256  250  244  238  231  224  217  212  209  210  213
  217  222  226  229  234  237  241  243  243
    40.0-180.0 180.0   5.0 450.0                            LAT/LON1/LON2/DLON/H
  263  260  256  254  255  258  262  264  269  276  283  289  290  287  280  270
  259  250  243  239  238  238  239  241  240  236  228  218  209  200  192  183
  174  166  160  158  159  165  172  180  187  196  207  220  234  247  257  266
  274  280  282  281  276  270  264  257  250  242  233  226  220  218  220  225
  232  240  246  251  255  259  262  264  263
    37.5-180.0 180.0   5.0 450.0                            LAT/LON1/LON2/DLON/H
  287  282  277  275  277  281  283  282  282  286  291  295  295  290  282  273
  263  255  250  248  248  248  249  250  250  247  241  233  224  215  206  197
  187  179  173  170  170  174  180  187  195  204  216  230  244  257  268  278
  287  293  296  294  289  283  277  271  264  255  246  237  231  230  233  241
  252  263  273  280  285  288  290  290  287
    35.0-180.0 180.0   5.0 450.0                            LAT/LON1/LON2/DLON/H
  314  307  301  300  305  310  310  306  301  301  303  304  301  293  283  273
  263  257  254  255  257  257  258  259  260  258  253  246  237  228  218  208
  198  190  185  182  182  183  188  195  204  214  226  240  254  266  277  287
  296  303  306  304  300  295  291  287  281  273  263  252  245  244  251  262
  276  291  303  312  318  322  323  321  314
    32.5-180.0 180.0   5.0 450.0                            LAT/LON1/LON2/DLON/H
  344  334  328  328  335  342  342  334  325  320  318  315  308  297  284  271
  261  255  255  260  265  268  269  270  272  271  267  259  248  236  224  213
  204  197  194  192  191  192  196  204  214  224  236  248  261  273  283  292
  300  307  310  309  306  305  305  305  302  296  285  272  262  263  273  287
  304  321  336  347  354  357  357  353  344
    30.0-180.0 180.0   5.0 450.0                            LAT/LON1/LON2/DLON/H
  376  365  359  360  368  376  377  367  353  343  336  328  316  301  285  269
  258  253  255  265  275  280  282  283  285  284  278  268  254  239  225  213
  203  197  197  198  196  196  201  211  222  233  242  254  265  276  284  292
  299  304  307  307  308  312  319  325  327  323  312  295  284  286  299  316
  334  352  368  381  389  393  392  386  376
    27.5-180.0 180.0   5.0 450.0                            LAT/LON1/LON2/DLON/H
  410  400  395  397  405  413  413  401  384  369  356  343  327  308  288  269
  256  251  256  269  284  293  295  296  296  294  285  272  254  235  218  204
  193  188  190  195  195  195  201  214  227  237  245  254  264  274  281  286
  291  295  297  300  307  318  331  344  351  351  339  320  307  311  328  347
  364  381  398  411  421  426  426  420  410
    25.0-180.0 180.0   5.0 450.0                            LAT/LON1/LON2/DLON/H
  447  440  437  439  445  452  450  436  416  395  377  359  339  317  294  273
  259  254  259  275  293  303  306  305  302  296  283  266  245  223  204  187
  173  168  175  185  188  188  195  210  225  234  240  248  257  267  273  277
  280  283  287  293  306  323  342  360  372  374  364  344  330  337  357  377
  393  408  424  438  448  454  457  454  447
    22.5-180.0 180.0   5.0 450.0                            LAT/LON1/LON2/DLON/H
  484  484  485  486  489  492  486  469  445  420  396  374  353  330  305  283
  268  262  266  281  299  311  312  307  299  287  269  247  224  201  181  162
  146  141  153  169  176  177  184  200  214  222  227  235  246  256  263  267
  269  273  279  290  308  329  352  373  386  390  382  364  353  362  384  404
  418  431  445  459  470  478  483  485  484
    20.0-180.0 180.0   5.0 450.0                            LAT/LON1/LON2/DLON/H
  517  526  533  534  533  529  518  497  469  440  412  388  365  342  317  296
  282  275  277  288  304  314  312  300  284  265  241  216  192  171  153  134
  116  112  128  150  160  162  168  181  194  201  207  218  232  245  254  259
  263  269  279  295  316  339  362  380  392  396  391  380  374  385  407  426
  438  448  460  474  485  495  503  510  517
    17.5-180.0 180.0   5.0 450.0                            LAT/LON1/LON2/DLON/H
  540  559  573  577  572  562  544  518  487  454  423  397  374  352  329  309
  296  289  288  293  304  311  305  286  261  233  205  179  156  139  124  107
   89   86  105  130  143  144  147  157  167  175  184  199  218  235  248  257
  264  275  289  309  331  353  371  384  393  397  397  393  394  407  426  442
  452  459  469  480  492  503  513  525  540
    15.0-180.0 180.0   5.0 450.0                            LAT/LON1/LON2/DLON/H
  548  576  599  607  602  587  563  532  497  462  428  400  377  356  335  319
  308  300  295  296  301  303  292  265  231  197  166  140  121  108   98   85
   70   68   88  113  125  125  125  131  139  147  161  183  208  230  247  260
  272  287  307  329  351  369  382  389  394  400  404  408  414  427  442  454
  461  465  472  481  492  503  513  527  548
    12.5-180.0 180.0   5.0 450.0                            LAT/LON1/LON2/DLON/H
  539  573  603  619  617  602  575  540  502  464  427  397  373  353  334  320
  311  304  297  293  293  290  273  240  200  163  130  107   93   85   80   72
   61   61   78   99  109  107  105  107  113  124  143  171  203  229  249  265
  282  303  327  351  373  388  395  397  401  409  419  427  436  446  456  463
  467  469  472  478  488  498  505  516  539
    10.0-180.0 180.0   5.0 450.0                            LAT/LON1/LON2/DLON/H
  520  554  588  610  616  605  580  544  505  463  424  391  365  344  326  313
  305  298  290  283  279  271  249  212  171  133  103   85   76   73   71   67
   61   61   74   89   95   93   89   89   94  106  130  165  201  230  251  270
  291  316  343  371  393  407  411  411  417  431  445  455  461  464  467  470
  472  472  472  475  482  490  493  500  520
     7.5-180.0 180.0   5.0 450.0                            LAT/LON1/LON2/DLON/H
  499  529  563  589  601  598  579  546  506  463  421  385  357  334  315  301
  292  284  276  269  261  248  222  185  145  111   86   73   69   68   68   67
   65   66   74   82   85   83   79   77   82   95  121  160  200  230  251  271
  294  322  353  383  408  424  429  430  441  462  480  486  485  480  476  475
  476  475  474  474  478  483  482  484  499
     5.0-180.0 180.0   5.0 450.0                            LAT/LON1/LON2/DLON/H
  485  507  536  563  581  586  574  546  508  464  421  383  352  327  305  289
  276  267  259  252  242  224  195  159  124   95   76   69   68   69   69   70
   70   72   75   77   79   78   75   72   75   88  115  154  195  225  246  265
  289  318  352  387  416  436  443  448  465  493  513  513  502  488  479  476
  477  477  476  475  477  480  479  477  485
     2.5-180.0 180.0   5.0 450.0                            LAT/LON1/LON2/DLON/H
  487  499  519  542  562  573  569  546  510  468  425  386  354  325  300  280
  264  251  243  237  224  202  172  139  109   86   73   69   71   72   73   73
   75   75   75   74   75   75   73   70   71   83  108  146  186  214  234  253
  277  307  344  382  415  439  451  458  480  514  534  527  506  486  472  469
  472  475  475  475  476  480  483  483  487
