IONEX/Новая папка/jplg1680.22i
     1.0            IONOSPHERE MAPS     GPS                 IONEX VERSION / TYPE
GIM V3.0            JPL - GNISD         20-jun-2022 00:55   PGM / RUN BY / DATE 
JPL'S GLOBAL IONOSPHERE MAPS YEAR 2022 DAY 168              COMMENT             
Global Ionospheric Maps (GIM) are generated on an hourly    DESCRIPTION         
and daily basis at JPL using data from up to 100 GPS sites  DESCRIPTION         
of the IGS and others institutions.                         DESCRIPTION         
The vertical TEC is modeled in a solar-geomagnetic          DESCRIPTION         
reference frame using bi-cubic splines on a spherical grid. DESCRIPTION         
A Kalman filter is used to solve simultaneously for         DESCRIPTION         
instrumental biases and VTEC on the grid (as stochastic     DESCRIPTION         
parameters).                                                DESCRIPTION         
Contact Address:  gpsiono@cobra.jpl.nasa.gov .              DESCRIPTION         
  2022     6    17     0     0     0                        EPOCH OF FIRST MAP  
  2022     6    18     0     0     0                        EPOCH OF LAST MAP   
  7200                                                      INTERVAL            
    13                                                      # OF MAPS IN FILE   
  NONE                                                      MAPPING FUNCTION    
    10.0                                                    ELEVATION CUTOFF    
One-way carrier phase leveled to code                       OBSERVABLES USED    
   170                                                      # OF STATIONS       
  6371.0                                                    BASE RADIUS         
     2                                                      MAP DIMENSION       
   450.0 450.0   0.0                                        HGT1 / HGT2 / DHGT  
    87.5 -87.5  -2.5                                        LAT1 / LAT2 / DLAT  
  -180.0 180.0   5.0                                        LON1 / LON2 / DLON  
    -1                                                      EXPONENT            
TEC/RMS values in 0.1 TECU; 9999, if no value available     COMMENT             
                                                            END OF HEADER       
[from data line 4719]
    12                                                      START OF TEC MAP    
  2022     6    17    22     0     0                        EPOCH OF CURRENT MAP
    87.5-180.0 180.0   5.0 450.0                            LAT/LON1/LON2/DLON/H
  144  144  144  144  144  144  144  145  145  145  146  146  146  147  147  147
  147  148  148  148  148  148  148  148  148  148  148  148  147  147  147  146
  146  146  145  145  145  144  144  144  144  143  143  143  143  143  143  143
  143  143  143  143  143  143  143  143  143  143  143  143  143  143  143  143
  143  143  143  143  143  143  144  144  144
    85.0-180.0 180.0   5.0 450.0                            LAT/LON1/LON2/DLON/H
  146  146  146  146  147  147  147  148  149  149  150  151  152  153  154  155
  156  156  157  157  157  158  158  157  157  157  156  156  155  154  153  153
  152  151  150  149  148  148  147  146  146  145  145  145  145  145  145  145
  145  145  145  145  146  146  146  147  147  147  147  148  148  148  148  148
  148  148  148  147  147  147  147  147  146
    82.5-180.0 180.0   5.0 450.0                            LAT/LON1/LON2/DLON/H
  151  150  150  150  150  151  151  152  154  155  157  158  160  162  163  165
  166  167  168  168  169  169  168  168  167  166  166  164  163  162  160  159
  157  156  154  153  151  150  149  149  148  148  147  147  147  148  148  148
  148  149  149  150  150  151  152  152  153  153  154  154  155  155  155  155
  155  154  154  153  153  152  152  151  151
    80.0-180.0 180.0   5.0 450.0                            LAT/LON1/LON2/DLON/H
  156  155  155  154  155  155  156  158  160  162  164  167  169  171  174  176
  177  178  179  179  179  179  178  177  176  175  173  171  169  167  165  163
  160  158  156  154  152  151  150  149  149  149  149  149  150  150  151  152
  152  153  154  155  156  156  157  158  159  160  161  161  162  162  162  162
  162  162  161  160  160  159  158  157  156
    77.5-180.0 180.0   5.0 450.0                            LAT/LON1/LON2/DLON/H
  162  161  160  159  160  160  162  164  166  169  172  175  179  182  184  187
  188  189  189  189  188  187  185  183  181  179  177  175  172  170  167  165
  162  159  156  153  151  149  148  147  147  148  149  150  151  152  153  155
  156  157  158  159  160  161  162  163  164  165  166  166  167  168  168  168
  168  168  168  167  166  165  164  163  162
    75.0-180.0 180.0   5.0 450.0                            LAT/LON1/LON2/DLON/H
  168  166  165  164  165  165  167  170  173  177  181  185  189  192  195  197
  197  197  197  195  193  190  188  185  182  179  177  175  173  171  168  166
  162  159  155  152  149  147  145  145  145  146  148  149  151  153  155  157
  158  159  160  162  163  164  165  166  167  168  169  170  170  171  172  172
  173  173  173  173  173  172  171  170  168
    72.5-180.0 180.0   5.0 450.0                            LAT/LON1/LON2/DLON/H
  174  172  171  170  170  171  173  176  180  185  189  194  198  202  204  205
  205  203  201  199  195  192  188  184  181  178  176  174  173  171  169  166
  163  159  155  151  148  145  144  143  144  145  147  150  152  154  156  158
  159  160  161  162  164  165  166  167  168  169  170  171  172  173  174  175
  176  177  178  179  179  179  178  176  174
    70.0-180.0 180.0   5.0 450.0                            LAT/LON1/LON2/DLON/H
  181  178  176  175  175  176  179  183  187  192  198  203  207  210  211  211
  210  208  205  201  197  193  189  184  180  177  175  174  173  172  171  168
  165  161  157  153  149  147  145  144  145  147  149  151  154  155  157  158
  159  159  160  162  163  164  165  167  168  169  171  172  173  174  175  177
  179  181  183  185  186  186  185  183  181
    67.5-180.0 180.0   5.0 450.0                            LAT/LON1/LON2/DLON/H
  187  184  182  181  181  183  185  189  194  199  205  210  214  216  216  216
  214  211  208  204  200  196  192  187  182  178  176  175  176  176  175  173
  170  166  162  158  155  152  151  151  151  153  154  155  156  157  157  157
  157  157  158  159  160  161  163  165  167  168  170  172  173  175  177  180
  182  185  188  190  192  192  192  189  187
    65.0-180.0 180.0   5.0 450.0                            LAT/LON1/LON2/DLON/H
  193  190  188  187  188  189  192  196  200  205  210  215  218  220  220  219
  217  215  212  209  205  202  198  193  187  183  180  180  181  182  182  181
  178  174  171  167  165  163  162  161  161  161  161  161  160  158  156  155
  153  152  152  153  155  156  159  161  164  167  169  172  174  177  180  183
  186  189  192  195  197  198  197  195  193
    62.5-180.0 180.0   5.0 450.0                            LAT/LON1/LON2/DLON/H
  198  196  194  194  195  197  199  201  205  209  213  217  220  222  222  221
  220  218  216  214  212  210  207  202  196  191  187  187  189  190  191  190
  188  186  183  181  179  177  176  175  173  171  169  167  163  159  155  150
  147  146  145  146  148  150  153  157  161  165  168  172  176  180  184  188
  191  194  197  199  201  202  202  200  198
    60.0-180.0 180.0   5.0 450.0                            LAT/LON1/LON2/DLON/H
  203  202  201  202  203  205  206  207  208  211  214  217  220  222  222  222
  222  221  220  220  219  218  216  212  205  200  196  195  197  200  201  202
  201  199  197  196  194  193  191  188  184  180  175  171  165  158  151  145
  140  138  137  138  140  143  148  153  158  163  168  173  178  184  189  193
  197  199  202  203  205  206  205  204  203
    57.5-180.0 180.0   5.0 450.0                            LAT/LON1/LON2/DLON/H
  209  209  209  211  213  214  214  213  212  212  214  216  218  220  222  222
  223  223  224  224  225  225  224  220  214  208  204  204  206  209  212  214
  214  213  212  210  209  207  203  198  192  185  178  172  165  156  147  139
  133  130  129  130  133  137  143  149  156  162  169  175  182  189  195  200
  203  206  207  208  209  210  210  209  209
    55.0-180.0 180.0   5.0 450.0                            LAT/LON1/LON2/DLON/H
  217  218  220  222  225  226  225  221  218  215  215  216  218  219  221  222
  223  224  225  227  228  229  228  224  219  213  210  211  214  218  223  226
  227  226  225  223  220  217  211  203  194  185  178  171  163  154  144  135
  128  125  124  125  128  133  139  147  155  163  171  178  187  195  202  208
  211  213  214  214  215  216  216  216  217
    52.5-180.0 180.0   5.0 450.0                            LAT/LON1/LON2/DLON/H
  229  230  233  236  239  241  238  233  226  221  219  218  219  220  221  222
  223  224  225  226  228  229  229  226  221  217  215  217  222  227  233  237
  238  238  235  231  227  221  213  203  193  183  175  169  162  153  143  133
  126  123  123  124  127  131  138  147  156  165  174  183  193  202  210  217
  221  222  223  224  224  225  226  227  229
    50.0-180.0 180.0   5.0 450.0                            LAT/LON1/LON2/DLON/H
  245  247  250  254  257  257  254  247  238  231  227  224  223  223  223  223
  223  223  224  225  227  228  228  226  222  219  220  223  230  237  243  247
  249  246  241  235  228  221  212  201  189  180  173  168  163  155  144  135
  129  126  126  126  128  132  138  148  159  169  179  190  200  210  220  227
  231  234  235  236  238  240  242  244  245
    47.5-180.0 180.0   5.0 450.0                            LAT/LON1/LON2/DLON/H
  267  270  272  275  277  277  272  264  254  246  240  235  232  230  228  226
  225  224  224  224  226  227  228  227  225  224  226  231  238  246  253  257
  257  253  245  235  227  219  209  198  186  177  172  170  166  159  149  140
  134  132  132  131  132  134  140  150  162  174  186  197  209  220  230  238
  243  246  249  251  255  259  262  265  267
    45.0-180.0 180.0   5.0 450.0                            LAT/LON1/LON2/DLON/H
  294  296  298  299  299  297  292  283  273  264  257  251  246  241  236  232
  228  226  224  225  226  229  231  232  232  233  236  241  249  257  264  267
  265  258  248  237  227  218  208  196  186  179  175  175  173  167  157  147
  141  140  140  139  137  138  144  154  167  180  194  206  218  230  241  249
  256  260  263  268  273  280  286  290  294
    42.5-180.0 180.0   5.0 450.0                            LAT/LON1/LON2/DLON/H
  323  326  327  326  323  319  313  305  296  287  280  272  264  256  249  241
  235  230  228  228  230  235  239  243  246  248  250  254  262  270  275  277
  274  266  253  241  230  220  210  199  189  183  181  182  181  176  166  156
  150  149  149  148  144  143  148  158  172  187  202  216  229  241  252  262
  269  274  278  284  292  302  310  318  323
    40.0-180.0 180.0   5.0 450.0                            LAT/LON1/LON2/DLON/H
  352  357  358  355  349  342  335  329  322  315  307  298  287  276  264  253
  244  237  233  233  237  244  252  259  264  266  267  270  276  283  287  288
  284  275  263  250  239  229  216  204  194  189  188  190  191  187  177  167
  160  159  159  157  152  149  152  162  176  193  210  226  240  252  263  274
  282  287  292  299  310  323  335  345  352
    37.5-180.0 180.0   5.0 450.0                            LAT/LON1/LON2/DLON/H
  381  388  389  384  376  367  360  355  351  346  339  329  315  299  282  267
  255  247  242  243  248  257  268  278  285  287  287  287  292  298  300  299
  294  287  276  265  253  240  225  210  199  195  195  199  201  198  188  177
  169  167  167  164  159  154  156  165  179  197  217  235  249  261  273  284
  293  298  303  312  326  343  358  371  381
    35.0-180.0 180.0   5.0 450.0                            LAT/LON1/LON2/DLON/H
  408  417  420  415  405  394  388  384  382  381  375  363  346  325  303  283
  269  260  255  255  261  273  286  298  307  308  306  305  308  312  313  310
  305  300  291  280  266  250  232  215  203  199  201  207  210  208  198  186
  177  173  173  170  163  158  158  166  180  199  220  240  256  269  281  292
  300  306  312  323  340  359  378  394  408
    32.5-180.0 180.0   5.0 450.0                            LAT/LON1/LON2/DLON/H
  430  444  450  447  436  425  418  415  416  417  413  401  381  356  328  303
  287  276  271  271  278  290  305  318  327  328  324  322  324  327  325  319
  314  311  304  291  274  255  234  216  204  201  205  212  216  214  205  192
  182  177  175  172  165  159  158  164  177  196  218  241  259  273  285  295
  303  309  316  329  349  372  394  413  430
    30.0-180.0 180.0   5.0 450.0                            LAT/LON1/LON2/DLON/H
  448  466  477  476  468  458  451  449  451  454  452  441  420  390  357  328
  310  298  292  290  297  309  323  336  344  344  340  337  338  339  334  325
  319  317  311  295  273  250  230  212  202  200  205  212  216  215  206  193
  182  175  172  169  162  156  155  160  172  189  213  238  259  274  285  294
  301  307  316  332  354  379  404  426  448
    27.5-180.0 180.0   5.0 450.0                            LAT/LON1/LON2/DLON/H
  458  481  497  502  498  490  483  481  485  490  491  482  461  429  392  361
  340  327  319  316  319  330  342  353  359  358  352  348  348  346  337  325
  318  316  309  288  260  236  218  205  197  197  202  208  210  208  199  187
  176  169  165  162  156  151  149  153  163  180  203  231  255  272  283  290
  295  300  312  330  354  380  406  432  458
    25.0-180.0 180.0   5.0 450.0                            LAT/LON1/LON2/DLON/H
  460  487  509  521  522  517  511  510  515  523  527  523  505  474  437  402
  379  365  354  347  347  353  362  369  372  369  362  356  353  347  333  317
  308  307  300  274  242  219  205  196  191  192  195  197  196  192  185  175
  166  159  155  151  147  143  142  145  154  168  192  222  250  268  279  284
  287  292  306  326  351  376  403  431  460
    22.5-180.0 180.0   5.0 450.0                            LAT/LON1/LON2/DLON/H
  456  485  510  529  539  538  533  532  539  549  559  561  550  524  489  455
  429  412  398  386  380  380  383  385  384  378  369  360  352  340  321  301
  291  292  286  259  225  203  194  189  186  187  186  182  176  172  167  160
  153  147  142  139  136  134  133  136  143  156  179  211  242  263  274  278
  279  284  299  321  345  370  397  426  456
    20.0-180.0 180.0   5.0 450.0                            LAT/LON1/LON2/DLON/H
  450  479  506  530  546  548  544  544  554  568  584  593  590  572  543  512
  487  467  450  432  418  410  404  400  394  386  373  360  346  328  304  281
  272  276  273  248  216  199  191  186  184  184  178  168  158  154  151  146
  139  133  129  127  124  123  124  127  133  144  167  200  233  257  270  273
  273  278  294  316  340  365  391  421  450
    17.5-180.0 180.0   5.0 450.0                            LAT/LON1/LON2/DLON/H
  447  473  500  527  546  550  545  546  558  577  598  615  621  613  593  567
  543  524  504  481  459  441  426  414  404  392  376  358  338  315  288  264
  255  262  264  246  223  210  201  191  186  184  176  160  148  143  141  135
  128  121  117  115  113  112  114  118  124  134  156  189  224  251  266  271
  271  275  291  313  338  363  390  418  447
    15.0-180.0 180.0   5.0 450.0                            LAT/LON1/LON2/DLON/H
  449  473  497  524  543  546  539  539  553  575  600  623  637  639  629  611
  592  575  554  526  496  470  447  427  412  397  378  356  332  305  277  253
  244  254  263  255  243  234  220  202  193  191  181  164  151  146  142  132
  119  110  106  105  103  102  105  111  116  125  146  179  216  244  262  269
  270  275  290  312  339  366  395  423  449
    12.5-180.0 180.0   5.0 450.0                            LAT/LON1/LON2/DLON/H
  461  482  501  523  539  538  529  529  543  565  592  618  636  646  645  637
  626  614  593  562  527  494  464  439  419  401  381  356  330  303  276  253
  243  253  266  270  268  263  244  219  206  204  197  182  171  164  154  136
  116  102   98   97   95   94   99  106  112  120  139  171  207  238  259  268
  271  276  290  313  342  373  405  435  461
    10.0-180.0 180.0   5.0 450.0                            LAT/LON1/LON2/DLON/H
  479  499  514  527  535  530  519  518  532  553  578  603  622  635  642  643
  641  635  617  585  547  511  477  448  425  406  384  360  334  308  283  261
  249  255  270  282  290  290  268  239  225  224  221  210  200  188  170  144
  116   98   93   92   89   90   96  105  112  120  136  166  201  232  256  268
  273  278  291  314  346  381  417  451  479
     7.5-180.0 180.0   5.0 450.0                            LAT/LON1/LON2/DLON/H
  499  521  531  535  534  525  513  512  524  542  563  583  600  614  624  632
  639  640  625  592  554  519  485  454  430  410  389  365  340  316  294  271
  255  256  271  287  302  304  284  257  245  246  244  238  228  213  187  153
  121  100   93   90   87   88   96  107  115  122  136  163  195  227  252  267
  274  281  294  316  349  388  429  467  499
     5.0-180.0 180.0   5.0 450.0                            LAT/LON1/LON2/DLON/H
  518  544  552  547  537  523  511  511  522  536  551  565  577  588  600  612
  625  631  619  588  552  520  488  458  433  413  392  369  344  322  300  277
  257  252  263  280  297  302  288  269  261  261  260  256  247  228  197  161
  128  106   97   91   87   88   97  110  119  125  137  160  190  221  248  265
  275  283  296  318  350  391  435  479  518
     2.5-180.0 180.0   5.0 450.0                            LAT/LON1/LON2/DLON/H
  533  566  575  564  545  526  514  515  524  535  545  553  559  565  574  586
  602  611  601  574  543  515  487  460  436  415  393  368  342  319  296  271
  248  239  246  261  277  285  278  269  265  263  260  256  247  227  196  163
  134  115  102   94   88   89   98  112  121  127  137  156  183  214  243  263
  275  285  298  319  349  390  436  486  533
