IONEX/Новая папка/jplg1680.22i
     1.0            IONOSPHERE MAPS     GPS                 IONEX VERSION / TYPE
GIM V3.0            JPL - GNISD         20-jun-2022 00:55   PGM / RUN BY / DATE 
JPL'S GLOBAL IONOSPHERE MAPS YEAR 2022 DAY 168              COMMENT             
Global Ionospheric Maps (GIM) are generated on an hourly    DESCRIPTION         
and daily basis at JPL using data from up to 100 GPS sites  DESCRIPTION         
of the IGS and others institutions.                         DESCRIPTION         
The vertical TEC is modeled in a solar-geomagnetic          DESCRIPTION         
reference frame using bi-cubic splines on a spherical grid. DESCRIPTION         
A Kalman filter is used to solve simultaneously for         DESCRIPTION         
instrumental biases and VTEC on the grid (as stochastic     DESCRIPTION         
parameters).                                                DESCRIPTION         
Contact Address:  gpsiono@cobra.jpl.nasa.gov .              DESCRIPTION         
  2022     6    17     0     0     0                        EPOCH OF FIRST MAP  
  2022     6    18     0     0     0                        EPOCH OF LAST MAP   
  7200                                                      INTERVAL            
    13                                                      # OF MAPS IN FILE   
  NONE                                                      MAPPING FUNCTION    
    10.0                                                    ELEVATION CUTOFF    
One-way carrier phase leveled to code                       OBSERVABLES USED    
   170                                                      # OF STATIONS       
  6371.0                                                    BASE RADIUS         
     2                                                      MAP DIMENSION       
   450.0 450.0   0.0                                        HGT1 / HGT2 / DHGT  
    87.5 -87.5  -2.5                                        LAT1 / LAT2 / DLAT  
  -180.0 180.0   5.0                                        LON1 / LON2 / DLON  
    -1                                                      EXPONENT            
TEC/RMS values in 0.1 TECU; 9999, if no value available     COMMENT             
                                                            END OF HEADER       
[from data line 3861]
    10                                                      START OF TEC MAP    
  2022     6    17    18     0     0                        EPOCH OF CURRENT MAP
    87.5-180.0 180.0   5.0 450.0                            LAT/LON1/LON2/DLON/H
  179  179  179  180  180  180  181  181  181  181  182  182  182  182  182  183
  183  183  183  183  182  182  182  182  182  182  181  181  181  180  180  180
  179  179  178  178  178  178  177  177  177  177  177  177  177  177  177  177
  177  177  177  177  177  177  177  177  177  177  177  177  177  177  177  177
  177  177  177  178  178  178  178  178  179
    85.0-180.0 180.0   5.0 450.0                            LAT/LON1/LON2/DLON/H
  175  176  177  178  178  179  180  181  181  182  183  183  184  184  184  185
  185  185  185  185  185  184  184  183  183  182  181  180  179  178  177  176
  176  175  174  173  173  172  172  171  171  171  171  171  171  171  171  171
  171  172  172  172  172  173  173  173  173  173  173  173  173  173  173  173
  173  173  173  173  173  174  174  175  175
    82.5-180.0 180.0   5.0 450.0                            LAT/LON1/LON2/DLON/H
  172  173  174  176  177  178  179  181  182  183  184  184  185  186  186  187
  187  187  187  187  187  186  185  184  183  182  180  179  177  176  174  173
  171  170  169  168  167  166  165  165  164  164  164  164  164  164  164  164
  165  166  166  167  167  168  168  168  169  169  169  168  168  168  168  168
  168  168  168  168  169  169  170  171  172
    80.0-180.0 180.0   5.0 450.0                            LAT/LON1/LON2/DLON/H
  170  171  173  174  176  177  179  180  181  183  184  185  186  187  188  188
  189  189  190  190  189  189  188  186  185  183  180  178  176  174  172  170
  168  167  165  164  163  162  161  160  159  159  158  158  158  158  158  158
  159  159  160  161  161  162  163  163  164  164  164  164  164  164  164  163
  163  164  164  164  165  166  167  168  170
    77.5-180.0 180.0   5.0 450.0                            LAT/LON1/LON2/DLON/H
  170  171  173  174  176  177  178  180  181  182  184  185  186  188  189  190
  191  192  193  193  193  192  191  189  187  184  181  178  175  172  169  167
  165  164  163  162  161  160  159  158  158  157  156  155  155  154  154  154
  154  154  154  155  155  156  157  157  158  159  159  160  160  160  161  161
  161  162  162  163  164  165  167  168  170
    75.0-180.0 180.0   5.0 450.0                            LAT/LON1/LON2/DLON/H
  173  174  175  176  177  178  179  180  181  182  184  185  187  189  190  192
  194  195  196  197  198  197  196  193  191  187  183  179  175  172  168  166
  164  162  161  161  160  160  160  159  158  157  156  156  155  154  154  153
  152  151  150  149  149  149  150  151  152  153  155  156  157  159  160  161
  162  164  165  166  167  168  170  171  173
    72.5-180.0 180.0   5.0 450.0                            LAT/LON1/LON2/DLON/H
  180  181  181  181  181  181  181  182  182  183  185  186  188  190  192  194
  196  198  200  201  202  202  200  198  195  191  186  182  178  174  170  167
  165  163  162  162  162  162  161  161  160  160  159  159  158  158  157  155
  153  150  148  146  144  144  144  145  146  148  150  153  155  158  160  163
  165  168  170  172  174  175  177  178  180
    70.0-180.0 180.0   5.0 450.0                            LAT/LON1/LON2/DLON/H
  190  191  191  190  188  186  185  184  184  185  186  187  189  190  192  194
  196  199  201  204  205  205  204  202  198  194  190  186  182  178  174  171
  168  166  165  164  164  164  164  164  164  163  163  163  164  164  163  160
  157  153  148  144  141  139  139  140  142  144  147  150  154  157  161  165
  169  173  176  180  183  185  187  189  190
    67.5-180.0 180.0   5.0 450.0                            LAT/LON1/LON2/DLON/H
  203  203  202  200  197  194  191  189  188  187  188  188  189  190  191  193
  195  198  201  204  206  206  206  204  201  197  193  189  186  183  181  177
  175  172  170  169  168  168  168  167  167  167  167  168  169  170  169  167
  162  157  150  145  140  137  136  137  138  141  144  148  151  156  161  166
  171  177  183  188  192  196  199  201  203
    65.0-180.0 180.0   5.0 450.0                            LAT/LON1/LON2/DLON/H
  216  216  215  212  207  202  198  194  192  191  191  190  190  190  190  190
  192  194  198  201  203  205  205  204  201  198  195  193  191  189  187  185
  182  178  176  174  172  172  171  171  170  170  171  173  175  176  176  173
  168  161  154  147  141  137  136  136  137  139  142  145  149  153  158  164
  171  179  187  194  200  205  210  213  216
    62.5-180.0 180.0   5.0 450.0                            LAT/LON1/LON2/DLON/H
  226  227  226  222  217  211  205  201  198  196  195  193  191  189  188  187
  188  190  193  196  199  201  202  202  200  198  197  196  195  195  194  192
  189  185  181  179  177  176  175  174  174  174  175  177  179  181  181  179
  173  166  157  150  143  139  137  137  137  139  141  143  145  149  153  160
  169  179  189  198  205  212  218  223  226
    60.0-180.0 180.0   5.0 450.0                            LAT/LON1/LON2/DLON/H
  233  235  234  231  225  219  214  209  206  203  200  197  194  190  188  186
  186  187  189  192  195  197  199  199  199  198  198  198  199  200  199  198
  195  190  186  183  181  180  179  179  178  178  179  181  183  185  185  183
  177  169  161  153  147  143  140  139  139  139  140  141  142  144  148  155
  165  176  188  199  208  216  223  229  233
    57.5-180.0 180.0   5.0 450.0                            LAT/LON1/LON2/DLON/H
  236  239  239  237  233  227  222  218  214  210  207  202  198  193  190  187
  185  185  187  189  192  194  196  197  198  198  199  201  203  204  204  203
  200  195  191  188  186  185  184  184  184  183  184  185  187  188  188  186
  180  172  164  156  151  146  144  142  141  141  140  140  139  140  144  151
  161  173  186  198  208  217  224  231  236
    55.0-180.0 180.0   5.0 450.0                            LAT/LON1/LON2/DLON/H
  236  240  242  241  239  235  231  227  223  219  214  209  204  198  194  190
  188  187  187  189  191  194  196  198  199  200  201  204  207  208  209  207
  204  200  197  194  192  191  191  190  190  190  189  190  191  191  191  188
  182  175  167  160  154  150  148  146  144  142  141  139  138  138  141  147
  158  170  183  195  205  215  223  230  236
    52.5-180.0 180.0   5.0 450.0                            LAT/LON1/LON2/DLON/H
  236  241  245  246  245  243  241  237  233  228  222  216  210  204  200  196
  193  191  191  192  194  197  199  200  201  203  205  208  212  214  214  213
  210  206  203  200  199  198  198  198  198  197  196  196  195  195  193  190
  185  177  170  163  158  154  151  149  147  144  142  140  138  138  140  147
  156  167  179  190  200  210  219  228  236
    50.0-180.0 180.0   5.0 450.0                            LAT/LON1/LON2/DLON/H
  235  243  249  252  253  253  251  248  244  238  230  223  217  211  206  202
  200  198  197  197  199  202  204  206  207  208  211  215  218  221  221  219
  217  214  212  210  208  207  207  207  207  206  205  203  201  199  197  193
  187  180  173  167  162  158  156  153  151  148  146  143  141  140  143  148
  156  165  175  184  194  204  215  225  235
    47.5-180.0 180.0   5.0 450.0                            LAT/LON1/LON2/DLON/H
  236  247  256  261  264  264  263  260  255  248  239  230  223  217  213  209
  207  204  203  204  206  208  211  213  214  216  220  224  228  230  230  228
  226  224  222  221  219  218  218  219  219  217  214  211  207  204  201  196
  191  184  177  171  166  163  161  159  158  155  153  150  147  146  148  152
  158  165  171  179  188  199  211  224  236
    45.0-180.0 180.0   5.0 450.0                            LAT/LON1/LON2/DLON/H
  240  255  266  273  277  278  276  273  268  260  249  239  230  224  219  216
  214  211  210  210  212  216  219  222  225  228  232  236  240  242  242  239
  237  236  235  234  232  231  231  232  232  230  226  220  215  211  206  201
  195  189  182  176  172  169  168  168  168  166  164  161  157  155  155  158
  162  166  170  176  184  195  208  224  240
    42.5-180.0 180.0   5.0 450.0                            LAT/LON1/LON2/DLON/H
  246  264  278  288  292  292  291  288  283  275  263  251  240  232  227  224
  221  218  216  216  219  223  229  234  238  242  247  252  256  258  257  255
  253  252  251  249  247  246  246  247  248  245  239  231  224  218  213  207
  201  195  189  183  179  177  178  180  181  181  179  176  171  167  165  167
  169  170  172  176  183  194  209  227  246
    40.0-180.0 180.0   5.0 450.0                            LAT/LON1/LON2/DLON/H
  253  273  291  302  307  307  306  304  301  293  281  267  255  245  239  235
  232  228  224  224  226  231  239  247  254  259  265  270  275  277  276  274
  273  271  269  266  263  262  263  265  265  261  253  243  235  228  221  216
  209  203  196  191  187  186  188  192  196  198  197  193  186  180  177  176
  177  178  178  181  187  198  212  231  253
    37.5-180.0 180.0   5.0 450.0                            LAT/LON1/LON2/DLON/H
  260  282  301  314  320  320  319  321  321  316  304  290  275  264  257  252
  248  241  236  233  235  242  251  262  271  278  284  290  296  299  300  299
  298  296  291  285  281  280  281  283  283  277  267  256  246  239  232  225
  218  211  204  198  194  193  197  204  211  215  214  209  201  192  187  186
  186  186  186  188  194  205  219  238  260
    35.0-180.0 180.0   5.0 450.0                            LAT/LON1/LON2/DLON/H
  265  288  309  322  328  329  330  336  341  341  331  318  303  291  282  277
  270  261  252  248  248  255  266  278  288  296  303  311  319  324  327  329
  329  326  318  308  302  301  302  303  302  295  282  269  258  250  242  234
  226  218  210  203  199  199  204  213  222  228  228  222  212  201  194  192
  193  193  193  196  202  212  226  244  265
    32.5-180.0 180.0   5.0 450.0                            LAT/LON1/LON2/DLON/H
  268  291  312  325  330  332  337  348  360  364  360  349  337  325  316  309
  301  288  275  267  266  271  283  296  306  314  322  332  343  352  359  363
  365  361  350  336  328  325  325  325  321  311  296  281  269  259  249  240
  231  221  212  205  199  199  206  217  228  235  236  229  217  205  197  195
  196  197  198  200  206  216  229  246  268
    30.0-180.0 180.0   5.0 450.0                            LAT/LON1/LON2/DLON/H
  266  290  310  322  326  330  339  356  373  385  387  382  374  364  356  349
  338  322  305  292  288  292  303  315  325  331  341  354  369  383  393  401
  404  400  387  370  359  355  352  348  340  327  309  291  276  264  252  241
  230  220  209  201  195  195  203  216  229  236  237  229  216  203  194  192
  193  195  197  198  203  213  227  244  266
    27.5-180.0 180.0   5.0 450.0                            LAT/LON1/LON2/DLON/H
  260  285  305  315  319  324  337  358  381  400  412  416  413  407  400  393
  381  361  340  323  315  316  325  336  344  350  361  378  399  417  431  439
  444  441  429  411  397  388  380  371  357  340  319  298  279  263  248  234
  222  212  202  193  188  189  197  211  225  232  232  224  210  196  187  184
  186  189  189  189  192  201  216  236  260
    25.0-180.0 180.0   5.0 450.0                            LAT/LON1/LON2/DLON/H
  250  277  296  305  309  317  333  357  384  410  432  447  453  452  448  441
  427  405  379  358  345  343  350  359  365  371  384  406  432  456  471  479
  483  484  473  455  437  423  408  391  372  350  325  300  277  256  236  221
  210  201  191  184  180  182  191  206  219  225  224  215  200  186  176  173
  175  178  177  174  175  182  198  221  250
    22.5-180.0 180.0   5.0 450.0                            LAT/LON1/LON2/DLON/H
  236  265  284  294  299  309  327  354  384  416  448  475  491  498  497  490
  475  450  422  397  379  372  375  382  388  396  413  440  471  498  513  518
  521  523  516  497  475  454  431  406  381  355  328  299  272  245  222  204
  194  188  181  175  174  178  188  201  212  216  213  203  187  172  162  159
  161  164  162  157  154  161  177  203  236
    20.0-180.0 180.0   5.0 450.0                            LAT/LON1/LON2/DLON/H
  220  251  272  282  290  302  322  350  382  418  458  496  524  538  542  536
  521  496  467  438  415  402  401  406  413  424  446  478  514  543  555  555
  554  557  552  533  506  477  447  415  384  356  328  297  265  234  207  189
  180  175  172  170  172  179  189  199  205  206  201  189  172  157  147  143
  145  148  146  139  135  140  156  185  220
    17.5-180.0 180.0   5.0 450.0                            LAT/LON1/LON2/DLON/H
  205  237  258  271  281  296  319  347  378  416  462  509  546  568  577  574
  560  538  509  477  450  432  427  430  439  455  481  516  554  584  593  588
  582  584  578  556  524  489  453  416  383  355  327  295  260  226  196  177
  168  166  166  168  175  184  193  198  199  195  187  174  157  142  131  126
  128  131  130  124  120  124  140  169  205
    15.0-180.0 180.0   5.0 450.0                            LAT/LON1/LON2/DLON/H
  191  222  245  261  275  293  318  345  375  410  458  509  553  582  596  598
  589  570  544  511  480  459  450  453  464  484  512  549  587  616  623  613
  603  600  591  565  529  491  452  415  382  355  329  296  260  223  192  170
  161  159  162  169  180  190  197  198  193  184  174  159  143  128  117  111
  112  115  116  112  110  115  130  156  191
    12.5-180.0 180.0   5.0 450.0                            LAT/LON1/LON2/DLON/H
  179  209  233  252  271  292  318  346  372  404  448  499  543  576  596  605
  602  588  566  536  504  480  469  472  486  509  538  572  608  635  641  629
  615  606  591  561  523  485  448  413  383  359  335  302  264  225  192  168
  157  154  159  170  184  195  200  195  185  173  160  146  131  117  106   99
   99  103  105  105  106  112  125  148  179
    10.0-180.0 180.0   5.0 450.0                            LAT/LON1/LON2/DLON/H
  168  196  223  246  269  293  322  350  373  400  438  484  524  555  578  592
  596  589  572  546  518  495  483  486  503  526  552  582  613  637  644  634
  617  602  581  549  512  477  444  414  390  369  345  310  269  228  193  167
  153  149  156  170  185  195  197  189  176  161  148  135  123  111  100   93
   92   95   98  101  105  112  124  143  168
     7.5-180.0 180.0   5.0 450.0                            LAT/LON1/LON2/DLON/H
  160  186  215  242  269  298  329  358  381  404  435  471  503  529  550  569
  578  575  563  544  522  502  491  496  515  537  558  580  605  625  634  627
  610  590  563  530  496  467  442  420  400  380  353  315  272  228  191  163
  147  143  151  166  181  189  188  179  164  150  137  127  119  110  100   92
   90   93   96  100  106  114  125  139  160
     5.0-180.0 180.0   5.0 450.0                            LAT/LON1/LON2/DLON/H
  154  179  209  240  271  304  338  371  398  421  444  469  489  505  522  541
  552  553  545  533  518  503  496  503  523  543  557  572  589  605  613  610
  593  568  538  507  480  458  440  424  407  385  353  312  265  220  182  154
  137  134  143  160  174  179  175  165  152  138  126  120  118  113  103   95
   93   95   98  102  108  116  125  136  154
     2.5-180.0 180.0   5.0 450.0                            LAT/LON1/LON2/DLON/H
  151  176  207  240  274  311  350  388  422  448  469  484  491  494  501  515
  525  527  523  517  509  501  498  508  529  546  554  560  569  579  585  582
  565  537  507  481  461  445  432  419  403  377  340  294  246  202  165  139
  125  123  134  150  163  165  159  150  139  126  117  115  117  116  108  101
   99  100  102  105  109  116  125  135  151
