IONEX/Новая папка/jplg1680.22i
     1.0            IONOSPHERE MAPS     GPS                 IONEX VERSION / TYPE
GIM V3.0            JPL - GNISD         20-jun-2022 00:55   PGM / RUN BY / DATE 
JPL'S GLOBAL IONOSPHERE MAPS YEAR 2022 DAY 168              COMMENT             
Global Ionospheric Maps (GIM) are generated on an hourly    DESCRIPTION         
and daily basis at JPL using data from up to 100 GPS sites  DESCRIPTION         
of the IGS and others institutions.                         DESCRIPTION         
The vertical TEC is modeled in a solar-geomagnetic          DESCRIPTION         
reference frame using bi-cubic splines on a spherical grid. DESCRIPTION         
A Kalman filter is used to solve simultaneously for         DESCRIPTION         
instrumental biases and VTEC on the grid (as stochastic     DESCRIPTION         
parameters).                                                DESCRIPTION         
Contact Address:  gpsiono@cobra.jpl.nasa.gov .              DESCRIPTION         
  2022     6    17     0     0     0                        EPOCH OF FIRST MAP  
  2022     6    18     0     0     0                        EPOCH OF LAST MAP   
  7200                                                      INTERVAL            
    13                                                      # OF MAPS IN FILE   
  NONE                                                      MAPPING FUNCTION    
    10.0                                                    ELEVATION CUTOFF    
One-way carrier phase leveled to code                       OBSERVABLES USED    
   170                                                      # OF STATIONS       
  6371.0                                                    BASE RADIUS         
     2                                                      MAP DIMENSION       
   450.0 450.0   0.0                                        HGT1 / HGT2 / DHGT  
    87.5 -87.5  -2.5                                        LAT1 / LAT2 / DLAT  
  -180.0 180.0   5.0                                        LON1 / LON2 / DLON  
    -1                                                      EXPONENT            
TEC/RMS values in 0.1 TECU; 9999, if no value available     COMMENT             
                                                            END OF HEADER       
[from data line 3432]
     9                                                      START OF TEC MAP    
  2022     6    17    16     0     0                        EPOCH OF CURRENT MAP
    87.5-180.0 180.0   5.0 450.0                            LAT/LON1/LON2/DLON/H
  174  175  175  176  176  176  177  177  177  177  177  177  177  177  177  177
  177  177  176  176  176  175  175  175  174  174  173  173  172  172  171  171
  170  170  169  169  168  168  167  167  166  166  166  165  165  165  165  164
  164  164  164  164  164  165  165  165  165  166  166  167  167  168  168  169
  170  170  171  171  172  173  173  174  174
    85.0-180.0 180.0   5.0 450.0                            LAT/LON1/LON2/DLON/H
  176  177  178  178  179  179  180  180  181  181  181  181  181  182  182  182
  181  181  181  180  180  179  179  178  177  176  175  174  173  172  171  170
  169  168  167  167  166  165  164  163  163  162  162  161  160  160  160  159
  159  159  159  158  159  159  159  159  160  161  161  162  163  165  166  167
  168  169  171  172  173  174  175  176  176
    82.5-180.0 180.0   5.0 450.0                            LAT/LON1/LON2/DLON/H
  176  177  177  178  178  179  179  180  181  181  182  182  183  183  184  184
  184  184  184  184  183  183  182  181  180  179  177  176  175  173  172  170
  169  167  166  165  164  163  162  161  160  160  159  158  158  157  157  156
  156  155  155  155  155  155  155  155  156  157  158  159  160  162  163  165
  166  168  170  171  173  174  175  175  176
    80.0-180.0 180.0   5.0 450.0                            LAT/LON1/LON2/DLON/H
  174  174  174  174  175  176  176  177  178  180  181  182  183  184  185  185
  186  186  187  187  187  186  186  185  184  182  180  179  176  174  172  170
  168  167  165  164  162  161  161  160  159  159  158  158  157  156  156  155
  155  154  154  154  154  154  154  154  154  155  155  156  158  159  161  163
  165  167  168  170  171  172  173  173  174
    77.5-180.0 180.0   5.0 450.0                            LAT/LON1/LON2/DLON/H
  170  170  170  170  171  172  173  175  176  178  180  182  183  185  186  187
  188  189  190  190  191  191  190  190  188  187  185  182  180  177  174  171
  169  167  165  163  162  161  161  160  160  159  159  159  159  158  158  157
  157  157  156  156  156  156  156  156  156  156  156  156  157  158  159  161
  163  165  167  168  169  170  170  170  170
    75.0-180.0 180.0   5.0 450.0                            LAT/LON1/LON2/DLON/H
  168  168  168  168  168  170  171  173  175  178  180  182  184  186  188  189
  190  191  192  194  195  195  195  195  194  192  190  187  184  181  177  174
  171  168  166  164  163  162  162  162  162  162  162  162  163  162  162  162
  162  162  162  162  162  163  162  162  161  160  158  157  157  157  158  159
  161  163  165  167  168  169  169  169  168
    72.5-180.0 180.0   5.0 450.0                            LAT/LON1/LON2/DLON/H
  170  169  169  169  169  170  172  174  176  179  181  184  186  188  189  191
  192  193  195  196  198  200  200  200  199  198  196  193  189  185  181  177
  174  171  168  166  165  164  164  164  165  166  167  168  169  169  169  169
  169  169  169  170  170  171  171  169  168  165  162  160  158  157  157  158
  160  162  164  166  168  169  170  170  170
    70.0-180.0 180.0   5.0 450.0                            LAT/LON1/LON2/DLON/H
  175  175  175  174  174  175  175  177  179  181  184  186  188  190  191  192
  192  194  196  199  201  203  204  204  204  202  200  197  194  190  186  182
  178  174  172  169  168  167  167  167  169  171  173  175  177  177  177  177
  176  176  177  178  179  179  179  177  175  171  167  163  160  158  157  158
  159  161  164  167  169  171  173  174  175
    67.5-180.0 180.0   5.0 450.0                            LAT/LON1/LON2/DLON/H
  182  183  184  184  183  183  182  182  183  185  187  189  190  192  192  192
  192  193  196  199  202  204  205  205  205  204  202  200  197  193  190  186
  182  179  176  173  172  171  170  171  173  176  179  182  185  186  186  185
  184  183  184  185  185  186  186  184  181  176  171  166  162  159  158  159
  160  163  165  169  172  175  178  180  182
    65.0-180.0 180.0   5.0 450.0                            LAT/LON1/LON2/DLON/H
  190  193  195  195  195  193  191  190  189  189  190  192  193  193  192  191
  191  192  195  198  201  202  203  204  203  203  202  200  198  196  193  190
  187  184  181  178  177  175  175  175  177  181  185  189  192  193  192  191
  189  188  188  189  190  190  190  188  184  179  174  169  165  162  161  161
  163  165  168  171  175  179  183  186  190
    62.5-180.0 180.0   5.0 450.0                            LAT/LON1/LON2/DLON/H
  196  201  205  207  206  204  201  198  195  194  194  194  194  193  192  191
  190  190  192  195  198  199  199  200  200  200  200  200  199  198  196  194
  191  189  186  184  182  181  180  180  182  186  190  195  197  198  196  194
  192  191  191  191  192  192  191  189  186  181  176  172  168  165  164  165
  166  168  171  174  177  181  185  191  196
    60.0-180.0 180.0   5.0 450.0                            LAT/LON1/LON2/DLON/H
  199  206  212  215  216  213  209  205  201  198  196  196  195  194  193  191
  189  189  190  192  194  195  195  195  196  197  198  199  200  200  199  198
  196  195  193  191  189  187  186  185  187  190  195  199  201  200  197  194
  192  191  191  192  193  193  193  191  187  183  179  174  171  169  168  168
  170  172  174  176  177  180  184  191  199
    57.5-180.0 180.0   5.0 450.0                            LAT/LON1/LON2/DLON/H
  197  206  215  220  222  220  216  210  205  201  199  197  197  196  195  192
  190  189  189  190  191  191  191  192  193  195  198  200  202  203  203  203
  202  200  199  197  196  194  192  191  192  196  200  203  204  201  197  192
  190  190  191  193  194  195  194  193  190  186  181  177  174  172  171  172
  173  174  176  176  176  177  180  187  197
    55.0-180.0 180.0   5.0 450.0                            LAT/LON1/LON2/DLON/H
  191  203  213  220  223  223  219  214  209  205  202  200  199  199  198  196
  193  190  189  189  190  190  190  191  193  196  200  203  206  208  209  209
  208  206  205  204  202  200  198  198  199  202  205  208  207  202  196  191
  189  190  192  195  197  198  198  197  194  190  186  181  177  174  172  173
  174  175  176  174  172  172  174  181  191
    52.5-180.0 180.0   5.0 450.0                            LAT/LON1/LON2/DLON/H
  183  196  207  216  221  223  220  216  212  208  205  204  204  204  203  201
  197  194  192  191  191  191  192  194  197  201  205  209  212  214  215  215
  214  213  211  209  208  206  204  204  205  208  212  213  211  205  198  193
  191  192  196  200  202  204  205  204  201  196  191  185  180  175  172  172
  173  174  174  172  168  166  167  173  183
    50.0-180.0 180.0   5.0 450.0                            LAT/LON1/LON2/DLON/H
  173  185  198  209  217  220  221  218  215  213  211  210  209  209  209  207
  203  199  196  194  194  195  197  200  205  209  214  218  221  223  223  222
  221  219  217  215  213  211  211  211  213  216  219  220  217  211  203  198
  196  198  202  206  209  212  213  212  209  204  197  190  183  177  173  171
  172  173  172  169  164  160  159  164  173
    47.5-180.0 180.0   5.0 450.0                            LAT/LON1/LON2/DLON/H
  162  172  185  198  210  217  221  221  221  220  220  218  216  215  215  213
  209  205  201  200  200  202  205  209  214  220  225  229  232  233  232  230
  228  225  223  221  219  219  219  220  223  226  228  228  225  219  212  206
  204  206  209  214  217  220  221  220  217  212  205  197  189  181  174  172
  172  172  170  167  161  155  153  155  162
    45.0-180.0 180.0   5.0 450.0                            LAT/LON1/LON2/DLON/H
  150  159  171  186  201  214  222  226  229  230  231  228  225  222  220  219
  216  212  208  207  207  210  215  220  227  233  239  243  245  245  242  239
  236  234  232  230  229  229  230  233  235  237  239  239  236  229  223  217
  215  215  218  222  226  228  229  228  225  219  213  206  197  188  180  175
  174  173  171  167  161  154  149  147  150
    42.5-180.0 180.0   5.0 450.0                            LAT/LON1/LON2/DLON/H
  141  146  157  174  193  211  226  235  240  243  244  240  234  230  227  226
  224  220  217  216  217  221  226  233  241  249  256  260  260  259  256  252
  249  247  245  243  243  244  247  249  251  252  253  252  248  242  236  230
  227  226  228  231  234  236  236  234  231  226  222  217  209  200  190  183
  180  178  176  171  165  156  148  143  141
    40.0-180.0 180.0   5.0 450.0                            LAT/LON1/LON2/DLON/H
  137  138  147  164  187  211  232  247  255  259  259  254  247  240  238  237
  235  231  228  228  229  233  239  247  256  265  273  278  278  276  272  269
  267  266  265  264  264  266  268  270  271  271  270  268  264  258  251  244
  239  237  237  239  241  242  241  239  236  232  230  228  224  214  202  193
  189  187  184  180  173  163  153  143  137
    37.5-180.0 180.0   5.0 450.0                            LAT/LON1/LON2/DLON/H
  140  136  142  159  183  212  240  260  272  276  275  270  262  256  253  252
  250  246  243  242  244  247  253  261  270  281  291  297  298  297  294  292
  292  293  293  292  291  293  296  297  297  295  293  290  284  276  267  259
  252  247  245  245  247  247  245  243  239  237  237  239  238  229  216  205
  199  196  194  190  184  175  163  151  140
    35.0-180.0 180.0   5.0 450.0                            LAT/LON1/LON2/DLON/H
  151  143  145  159  183  215  247  273  287  292  292  288  282  277  275  273
  270  266  262  261  261  263  267  274  285  297  309  317  321  321  320  321
  324  328  330  327  325  326  328  330  329  326  322  316  308  297  285  274
  264  256  252  251  251  250  248  245  242  240  243  248  250  242  228  215
  207  203  202  200  196  187  176  163  151
    32.5-180.0 180.0   5.0 450.0                            LAT/LON1/LON2/DLON/H
  164  155  155  165  186  217  252  282  300  308  310  308  304  302  302  301
  296  291  286  283  281  280  282  287  297  310  325  337  345  349  352  356
  363  371  373  369  364  363  365  368  367  363  355  346  334  320  304  289
  275  264  257  253  253  252  250  247  244  243  247  255  258  251  236  221
  211  207  206  205  203  197  187  176  164
    30.0-180.0 180.0   5.0 450.0                            LAT/LON1/LON2/DLON/H
  175  168  165  172  190  218  253  286  309  321  327  329  329  331  333  331
  327  320  315  309  303  298  296  299  308  323  340  357  370  380  387  396
  409  420  422  416  408  404  406  409  409  402  391  378  361  342  322  302
  285  270  259  253  252  252  251  248  245  244  248  257  262  255  239  222
  210  204  203  203  203  199  193  185  175
    27.5-180.0 180.0   5.0 450.0                            LAT/LON1/LON2/DLON/H
  181  176  174  179  192  216  249  285  312  331  343  349  354  359  364  364
  359  352  345  337  327  317  311  312  321  337  357  378  397  412  425  441
  459  474  476  467  454  446  446  449  448  438  424  407  387  363  338  315
  293  274  259  251  250  251  251  249  245  244  248  257  262  254  236  217
  203  195  193  193  193  191  188  185  181
    25.0-180.0 180.0   5.0 450.0                            LAT/LON1/LON2/DLON/H
  178  178  178  182  192  212  243  279  312  338  356  368  377  386  393  395
  391  384  376  366  352  337  329  328  337  355  378  402  426  447  466  488
  513  532  533  519  500  485  481  482  480  468  452  432  409  381  352  325
  300  277  258  248  247  250  250  248  245  243  246  255  259  249  230  208
  192  181  178  178  177  175  174  176  178
    22.5-180.0 180.0   5.0 450.0                            LAT/LON1/LON2/DLON/H
  167  171  175  181  189  206  234  272  309  341  366  384  396  408  418  422
  421  415  407  394  376  359  349  349  360  379  404  430  456  482  508  537
  568  588  586  565  539  517  506  504  499  487  469  449  425  394  362  332
  305  279  257  246  245  248  249  247  243  240  243  251  253  241  219  196
  177  166  161  160  157  154  155  161  167
    20.0-180.0 180.0   5.0 450.0                            LAT/LON1/LON2/DLON/H
  153  161  168  175  184  200  226  263  303  340  371  394  410  425  438  445
  447  443  435  420  401  383  373  376  389  410  436  461  488  516  548  583
  618  637  630  602  568  538  519  511  504  492  477  459  435  403  369  337
  308  280  258  246  245  248  248  245  241  237  238  245  246  231  206  180
  161  149  145  143  139  135  136  144  153
    17.5-180.0 180.0   5.0 450.0                            LAT/LON1/LON2/DLON/H
  139  149  158  167  177  193  218  253  293  333  369  397  417  435  450  462
  467  466  458  443  423  406  399  406  423  445  470  493  518  547  583  622
  657  674  659  622  580  543  518  505  498  489  477  462  440  407  372  339
  309  281  260  249  247  248  247  243  237  232  233  239  237  218  190  164
  145  135  132  131  127  122  122  129  139
    15.0-180.0 180.0   5.0 450.0                            LAT/LON1/LON2/DLON/H
  130  138  147  158  169  185  209  242  280  320  359  391  415  436  455  470
  479  482  476  461  442  427  425  436  456  479  502  522  543  572  610  649
  682  691  668  624  577  536  508  493  486  480  472  460  438  406  371  338
  308  281  262  252  250  249  246  241  233  227  227  230  226  205  174  148
  131  123  122  123  120  117  117  122  130
    12.5-180.0 180.0   5.0 450.0                            LAT/LON1/LON2/DLON/H
  126  131  138  148  160  176  199  229  264  303  342  376  405  429  450  467
  481  489  485  471  455  445  447  463  485  508  527  543  562  590  626  663
  688  688  658  610  563  524  497  482  476  473  466  453  430  399  365  333
  304  279  264  256  253  251  246  238  230  222  219  220  214  191  161  135
  120  114  116  119  119  118  118  122  126
    10.0-180.0 180.0   5.0 450.0                            LAT/LON1/LON2/DLON/H
  126  127  131  139  150  165  186  214  246  283  322  358  389  415  437  455
  473  485  484  473  462  457  463  482  505  526  542  555  570  597  632  663
  679  671  636  588  544  511  488  477  473  470  461  443  417  385  354  323
  296  274  263  258  255  251  245  237  227  217  211  208  200  179  151  128
  115  110  113  118  121  122  123  125  126
     7.5-180.0 180.0   5.0 450.0                            LAT/LON1/LON2/DLON/H
  126  124  125  129  138  151  171  197  229  264  303  339  372  399  420  438
  458  473  476  468  461  462  474  494  516  533  546  557  571  596  627  651
  659  644  607  563  527  504  489  482  477  470  454  429  398  366  337  309
  283  266  258  257  254  250  243  235  223  211  201  194  185  167  145  127
  115  112  114  119  124  127  128  128  126
     5.0-180.0 180.0   5.0 450.0                            LAT/LON1/LON2/DLON/H
  126  121  119  121  126  136  154  181  213  250  288  324  357  384  404  421
  442  459  464  460  457  464  479  500  520  534  544  552  564  586  613  630
  630  612  577  541  516  503  496  490  483  468  444  411  373  340  313  288
  266  252  250  251  250  245  239  230  218  203  189  179  169  157  143  130
  120  116  117  121  126  129  130  129  126
     2.5-180.0 180.0   5.0 450.0                            LAT/LON1/LON2/DLON/H
  122  117  114  113  116  123  139  166  201  240  279  316  349  374  393  409
  429  447  453  451  452  464  482  502  520  531  537  543  552  570  589  600
  596  578  549  522  506  502  500  494  482  460  426  385  343  309  284  262
  244  235  236  240  240  235  229  221  208  191  175  162  154  148  142  134
  127  122  121  123  125  127  127  126  122
