IONEX/Новая папка/jprg1680.22i
     1.0            IONOSPHERE MAPS     GPS                 IONEX VERSION / TYPE
GIM V3.0            JPL - GNISD         18-jun-2022 05:54   PGM / RUN BY / DATE 
JPL'S GLOBAL IONOSPHERE MAPS YEAR 2022 DAY 168              COMMENT             
Global Ionospheric Maps (GIM) are generated on an hourly    DESCRIPTION         
and daily basis at JPL using data from up to 100 GPS sites  DESCRIPTION         
of the IGS and others institutions.                         DESCRIPTION         
The vertical TEC is modeled in a solar-geomagnetic          DESCRIPTION         
reference frame using bi-cubic splines on a spherical grid. DESCRIPTION         
A Kalman filter is used to solve simultaneously for         DESCRIPTION         
instrumental biases and VTEC on the grid (as stochastic     DESCRIPTION         
parameters).                                                DESCRIPTION         
Contact Address:  gpsiono@cobra.jpl.nasa.gov .              DESCRIPTION         
  2022     6    17     0     0     0                        EPOCH OF FIRST MAP  
  2022     6    18     0     0     0                        EPOCH OF LAST MAP   
  7200                                                      INTERVAL            
    13                                                      # OF MAPS IN FILE   
  NONE                                                      MAPPING FUNCTION    
    10.0                                                    ELEVATION CUTOFF    
One-way carrier phase leveled to code                       OBSERVABLES USED    
   170                                                      # OF STATIONS       
  6371.0                                                    BASE RADIUS         
     2                                                      MAP DIMENSION       
   450.0 450.0   0.0                                        HGT1 / HGT2 / DHGT  
    87.5 -87.5  -2.5                                        LAT1 / LAT2 / DLAT  
  -180.0 180.0   5.0                                        LON1 / LON2 / DLON  
    -1                                                      EXPONENT            
TEC/RMS values in 0.1 TECU; 9999, if no value available     COMMENT             
                                                            END OF HEADER       
[from data line 5148]
    13                                                      START OF TEC MAP    
  2022     6    18     0     0     0                        EPOCH OF CURRENT MAP
    87.5-180.0 180.0   5.0 450.0                            LAT/LON1/LON2/DLON/H
  155  156  156  157  157  158  158  159  159  159  159  159  159  159  159  159
  159  158  158  157  157  156  155  155  154  153  152  152  151  150  149  149
  148  147  147  146  146  145  145  145  145  145  145  145  145  145  145  145
  146  146  146  146  147  147  147  148  148  148  149  149  150  150  150  151
  151  152  152  153  153  154  154  155  155
    85.0-180.0 180.0   5.0 450.0                            LAT/LON1/LON2/DLON/H
  159  160  161  162  164  165  166  167  167  168  169  169  169  169  169  169
  168  168  167  166  164  163  162  160  158  157  155  153  151  150  148  147
  145  144  143  142  141  141  140  140  140  140  141  141  142  142  143  143
  144  145  145  146  146  147  147  148  148  149  149  150  150  151  151  152
  152  153  154  154  155  156  157  158  159
    82.5-180.0 180.0   5.0 450.0                            LAT/LON1/LON2/DLON/H
  162  163  165  167  169  170  172  174  175  177  178  178  179  179  179  179
  178  177  176  174  172  170  168  166  163  161  158  155  152  150  147  145
  143  141  139  138  137  136  136  137  137  138  139  140  141  143  144  145
  146  147  148  148  149  150  150  151  151  152  152  152  153  153  153  154
  154  155  155  156  157  158  159  160  162
    80.0-180.0 180.0   5.0 450.0                            LAT/LON1/LON2/DLON/H
  163  165  167  169  172  174  177  179  181  183  185  186  187  187  187  186
  186  184  183  181  179  176  174  171  167  164  161  157  153  150  146  143
  140  138  136  134  133  133  134  134  136  138  139  141  143  145  147  149
  150  151  152  153  154  154  154  155  155  156  156  157  157  157  157  157
  157  157  157  157  158  159  160  161  163
    77.5-180.0 180.0   5.0 450.0                            LAT/LON1/LON2/DLON/H
  164  166  168  171  174  177  180  183  186  188  190  192  193  193  193  192
  190  189  187  185  182  179  177  174  170  167  163  159  155  151  146  142
  139  136  133  131  130  130  131  133  135  138  141  144  147  150  152  154
  156  157  158  158  159  159  159  160  161  161  162  163  164  164  164  163
  163  162  161  160  160  160  161  162  164
    75.0-180.0 180.0   5.0 450.0                            LAT/LON1/LON2/DLON/H
  165  167  169  172  175  178  182  185  188  191  194  195  196  196  196  195
  193  191  188  185  183  180  177  174  171  168  164  160  156  152  148  143
  139  136  133  130  129  129  130  132  135  139  143  148  152  155  158  161
  162  163  164  164  164  164  164  164  166  167  169  171  172  172  172  171
  170  168  167  165  164  164  164  164  165
    72.5-180.0 180.0   5.0 450.0                            LAT/LON1/LON2/DLON/H
  168  169  171  173  176  179  182  186  190  193  196  198  199  199  198  196
  194  191  188  185  182  179  176  174  171  168  165  161  158  154  150  146
  142  138  135  132  130  130  131  133  137  141  146  152  157  161  164  167
  169  169  169  169  168  168  168  168  170  173  176  178  180  181  181  180
  178  176  173  171  169  168  168  168  168
    70.0-180.0 180.0   5.0 450.0                            LAT/LON1/LON2/DLON/H
  173  173  173  174  176  179  183  186  190  194  197  200  201  201  200  197
  195  192  189  186  182  179  176  173  170  168  166  163  160  157  154  150
  147  143  139  136  134  132  133  135  139  144  150  156  161  166  170  172
  174  174  174  173  172  171  171  172  174  177  181  184  187  189  188  187
  185  182  179  177  175  174  173  173  173
    67.5-180.0 180.0   5.0 450.0                            LAT/LON1/LON2/DLON/H
  177  177  176  176  177  179  182  186  191  195  198  201  202  203  202  200
  197  194  191  188  184  181  177  174  172  169  168  166  164  162  159  156
  153  149  145  142  139  137  137  139  142  147  153  159  165  170  174  176
  177  178  177  175  174  173  173  174  177  181  185  188  191  193  192  191
  188  185  183  180  179  178  178  178  177
    65.0-180.0 180.0   5.0 450.0                            LAT/LON1/LON2/DLON/H
  182  181  180  179  179  180  182  186  190  194  199  202  204  204  204  203
  201  199  197  193  189  185  181  178  175  173  172  170  169  168  165  162
  159  156  152  149  146  144  143  144  146  151  156  162  167  172  175  177
  178  178  178  176  175  174  175  176  179  182  186  189  191  192  192  190
  187  185  183  181  181  181  182  182  182
    62.5-180.0 180.0   5.0 450.0                            LAT/LON1/LON2/DLON/H
  187  186  185  183  181  181  183  185  189  193  198  202  204  206  207  207
  206  205  203  200  197  192  188  184  181  179  177  176  175  174  172  169
  166  163  159  156  153  151  149  149  150  153  157  162  166  170  173  175
  176  176  176  175  175  175  176  177  180  182  185  187  188  188  187  185
  183  180  179  179  180  182  184  186  187
    60.0-180.0 180.0   5.0 450.0                            LAT/LON1/LON2/DLON/H
  192  193  192  189  187  185  185  186  189  192  197  200  204  207  209  210
  211  211  210  208  205  200  196  192  189  186  184  183  182  180  178  176
  172  169  166  163  161  158  156  154  154  154  156  158  161  163  166  168
  170  172  172  173  174  175  176  178  180  182  184  184  184  183  182  179
  177  175  174  175  178  181  186  190  192
    57.5-180.0 180.0   5.0 450.0                            LAT/LON1/LON2/DLON/H
  199  202  202  200  196  192  190  189  190  192  195  199  203  207  210  212
  214  215  215  215  212  209  205  201  197  194  191  190  188  187  184  181
  178  174  171  169  167  164  161  158  155  154  153  152  152  154  156  160
  163  166  168  170  173  175  178  180  181  182  183  182  181  179  177  175
  173  171  171  173  176  182  188  195  199
    55.0-180.0 180.0   5.0 450.0                            LAT/LON1/LON2/DLON/H
  209  214  216  214  210  204  199  195  193  194  196  199  202  206  210  213
  215  217  219  219  218  216  213  210  206  203  199  197  195  192  189  186
  182  178  175  173  171  168  164  160  156  151  148  145  143  144  146  150
  155  159  164  168  173  177  180  181  183  183  183  182  180  179  176  174
  173  172  172  174  178  185  194  202  209
    52.5-180.0 180.0   5.0 450.0                            LAT/LON1/LON2/DLON/H
  222  229  233  233  228  221  213  206  201  198  198  199  202  206  210  213
  215  217  220  222  223  223  221  219  215  211  207  204  201  197  194  189
  185  181  177  175  173  170  166  161  155  149  143  139  135  135  137  142
  148  154  161  168  175  180  183  184  185  185  185  184  183  182  180  179
  179  178  179  181  186  193  202  212  222
    50.0-180.0 180.0   5.0 450.0                            LAT/LON1/LON2/DLON/H
  237  247  253  253  249  241  230  220  212  206  203  202  204  207  210  213
  215  217  220  224  227  229  229  227  224  220  215  210  206  201  196  191
  186  181  178  175  173  170  167  161  155  148  141  135  131  130  133  137
  144  151  160  169  179  185  188  189  189  189  189  189  188  188  189  189
  190  191  192  194  199  207  216  226  237
    47.5-180.0 180.0   5.0 450.0                            LAT/LON1/LON2/DLON/H
  255  266  274  276  272  264  251  238  226  217  211  208  208  210  212  214
  215  217  221  226  231  234  235  235  232  227  222  216  210  204  198  191
  185  180  177  175  173  171  168  163  156  149  142  137  133  131  132  136
  142  150  160  172  184  193  196  197  196  195  195  196  197  199  201  203
  205  207  209  212  217  224  233  244  255
    45.0-180.0 180.0   5.0 450.0                            LAT/LON1/LON2/DLON/H
  276  287  296  300  298  289  275  260  244  231  222  217  215  215  217  217
  217  219  223  229  235  240  242  242  239  234  227  220  213  205  197  191
  185  180  177  176  175  174  171  166  160  153  147  143  139  137  137  139
  144  151  163  177  192  202  207  208  206  205  204  206  208  211  215  219
  223  226  229  233  238  245  254  265  276
    42.5-180.0 180.0   5.0 450.0                            LAT/LON1/LON2/DLON/H
  301  312  321  326  325  317  302  284  266  250  237  229  225  223  223  222
  222  223  227  233  240  245  248  248  246  240  232  223  215  206  198  191
  186  182  180  180  180  180  178  174  167  161  156  152  149  146  145  146
  149  156  167  184  200  214  220  222  220  217  216  218  221  226  232  237
  242  246  250  254  261  269  279  290  301
    40.0-180.0 180.0   5.0 450.0                            LAT/LON1/LON2/DLON/H
  331  342  351  356  356  347  331  312  291  272  256  245  238  234  232  229
  228  228  232  238  245  251  255  255  252  245  237  227  217  208  200  195
  190  188  188  189  191  191  189  183  176  170  166  163  161  158  156  156
  157  162  174  191  210  225  234  237  235  231  229  230  234  241  249  256
  261  265  269  276  284  295  307  319  331
    37.5-180.0 180.0   5.0 450.0                            LAT/LON1/LON2/DLON/H
  370  381  389  393  391  381  363  342  320  298  280  266  256  248  242  238
  235  235  238  244  251  258  261  262  258  251  242  232  222  213  207  203
  201  200  201  203  205  204  200  194  187  181  178  177  174  171  169  167
  167  170  180  197  217  234  246  251  249  244  241  242  247  255  264  272
  277  282  287  295  307  322  339  355  370
    35.0-180.0 180.0   5.0 450.0                            LAT/LON1/LON2/DLON/H
  414  428  435  435  430  417  398  375  351  328  308  291  277  265  255  247
  243  242  245  250  257  264  269  269  266  259  250  239  230  223  219  218
  217  217  217  218  218  215  209  203  196  192  191  190  188  185  182  179
  176  177  184  200  219  238  252  259  258  252  249  250  257  266  276  284
  290  295  302  312  328  348  372  395  414
    32.5-180.0 180.0   5.0 450.0                            LAT/LON1/LON2/DLON/H
  461  479  485  483  473  456  434  410  385  362  340  321  303  285  270  258
  252  250  252  256  264  272  277  279  276  269  260  250  241  236  235  236
  235  233  231  228  225  220  213  207  203  202  203  202  199  195  191  188
  183  180  185  197  215  235  250  259  259  255  252  255  262  273  283  291
  297  304  313  326  345  372  404  435  461
    30.0-180.0 180.0   5.0 450.0                            LAT/LON1/LON2/DLON/H
  505  528  535  530  516  494  470  445  421  398  377  356  334  311  289  273
  264  261  260  263  271  280  287  289  287  281  272  262  254  250  250  252
  250  245  237  230  222  215  208  205  205  207  210  210  206  201  196  191
  184  178  178  188  203  223  240  251  254  252  251  255  264  275  284  292
  299  308  319  334  357  390  430  470  505
    27.5-180.0 180.0   5.0 450.0                            LAT/LON1/LON2/DLON/H
  539  568  578  572  554  530  504  481  459  438  418  396  371  342  314  294
  282  275  273  275  282  290  298  301  299  292  282  272  263  259  260  261
  257  246  232  218  207  199  196  196  201  207  212  212  207  200  194  187
  178  169  166  172  186  205  224  238  245  246  248  253  264  274  282  288
  296  307  321  338  363  400  447  496  539
    25.0-180.0 180.0   5.0 450.0                            LAT/LON1/LON2/DLON/H
  559  595  609  603  585  560  534  512  494  478  461  441  414  381  348  322
  306  297  293  293  298  305  311  313  310  301  288  277  268  262  260  258
  250  235  215  195  183  178  178  183  190  199  205  205  199  191  184  176
  166  156  150  153  165  184  205  223  235  241  245  253  264  274  279  284
  292  306  321  338  364  404  454  509  559
    22.5-180.0 180.0   5.0 450.0                            LAT/LON1/LON2/DLON/H
  566  606  624  621  604  580  556  538  525  515  504  487  462  427  390  360
  340  329  322  321  322  324  326  325  318  304  288  274  263  255  249  242
  233  216  192  171  159  156  160  166  174  183  188  188  183  176  170  162
  151  140  132  132  144  164  188  211  228  239  246  255  266  274  278  282
  290  304  321  338  364  404  455  512  566
    20.0-180.0 180.0   5.0 450.0                            LAT/LON1/LON2/DLON/H
  561  603  625  626  611  589  569  555  548  545  541  530  508  475  436  404
  382  369  362  358  355  349  342  335  323  302  279  263  251  240  230  221
  212  195  172  151  141  141  146  150  155  160  165  166  163  158  153  145
  134  123  115  113  125  147  175  203  226  242  252  262  271  278  281  283
  291  306  322  341  365  402  451  507  561
    17.5-180.0 180.0   5.0 450.0                            LAT/LON1/LON2/DLON/H
  549  591  614  619  607  588  571  562  561  566  570  567  551  521  483  450
  427  414  406  401  391  375  359  343  323  295  266  247  235  223  210  201
  193  180  160  143  136  138  139  138  136  137  141  143  143  140  136  128
  118  107   99   97  109  134  167  200  229  249  262  272  280  285  287  289
  296  310  327  347  371  404  447  497  549
    15.0-180.0 180.0   5.0 450.0                            LAT/LON1/LON2/DLON/H
  531  570  596  604  596  580  566  560  564  575  587  593  584  559  525  494
  472  458  450  442  424  398  371  347  320  284  250  229  218  207  195  188
  184  177  164  152  147  146  141  131  122  119  121  124  125  125  122  115
  105   94   85   84   97  125  161  199  232  257  273  283  289  293  295  297
  303  315  334  357  381  409  444  486  531
    12.5-180.0 180.0   5.0 450.0                            LAT/LON1/LON2/DLON/H
  510  545  571  582  579  567  556  553  559  575  594  607  606  586  557  532
  513  498  487  474  449  412  376  345  312  272  235  214  204  196  189  187
  189  186  178  171  167  161  149  132  117  111  110  112  115  115  111  103
   93   83   75   74   88  118  157  198  236  264  282  293  299  301  303  304
  309  321  342  368  393  416  442  474  510
    10.0-180.0 180.0   5.0 450.0                            LAT/LON1/LON2/DLON/H
  492  521  545  559  559  552  546  544  552  569  592  611  616  602  580  560
  544  528  511  491  458  414  370  334  300  260  224  203  196  192  191  196
  202  202  198  194  188  178  161  141  124  116  112  110  110  109  104   95
   85   75   68   69   83  114  154  196  236  267  289  302  307  308  309  310
  313  324  348  378  404  424  443  465  492
     7.5-180.0 180.0   5.0 450.0                            LAT/LON1/LON2/DLON/H
  481  503  523  537  541  539  537  537  544  560  584  606  616  608  592  580
  567  547  523  494  452  402  354  317  284  248  216  198  192  191  197  208
  216  217  214  211  204  191  172  154  140  130  121  114  110  106  100   90
   80   70   65   67   82  112  150  192  232  266  292  307  312  313  313  313
  314  325  351  385  414  431  445  462  481
     5.0-180.0 180.0   5.0 450.0                            LAT/LON1/LON2/DLON/H
  482  498  512  522  526  528  530  532  538  550  572  594  607  604  596  591
  580  557  524  485  436  381  332  296  267  238  212  196  191  192  202  217
  225  224  220  215  207  194  179  167  157  147  133  121  113  107   99   89
   78   69   65   68   83  111  147  186  225  261  289  307  314  315  314  313
  312  322  350  388  418  437  452  468  482
     2.5-180.0 180.0   5.0 450.0                            LAT/LON1/LON2/DLON/H
  503  512  517  518  519  521  526  529  532  541  557  576  590  593  592  592
  584  557  518  469  414  358  310  276  253  231  211  197  190  191  201  215
  221  217  212  206  198  188  179  173  169  160  143  127  117  109  100   89
   78   70   67   71   85  109  141  178  215  251  282  302  310  312  311  309
  307  316  345  385  418  440  462  486  503
