IONEX/Новая папка/jprg1680.22i
     1.0            IONOSPHERE MAPS     GPS                 IONEX VERSION / TYPE
GIM V3.0            JPL - GNISD         18-jun-2022 05:54   PGM / RUN BY / DATE 
JPL'S GLOBAL IONOSPHERE MAPS YEAR 2022 DAY 168              COMMENT             
Global Ionospheric Maps (GIM) are generated on an hourly    DESCRIPTION         
and daily basis at JPL using data from up to 100 GPS sites  DESCRIPTION         
of the IGS and others institutions.                         DESCRIPTION         
The vertical TEC is modeled in a solar-geomagnetic          DESCRIPTION         
reference frame using bi-cubic splines on a spherical grid. DESCRIPTION         
A Kalman filter is used to solve simultaneously for         DESCRIPTION         
instrumental biases and VTEC on the grid (as stochastic     DESCRIPTION         
parameters).                                                DESCRIPTION         
Contact Address:  gpsiono@cobra.jpl.nasa.gov .              DESCRIPTION         
  2022     6    17     0     0     0                        EPOCH OF FIRST MAP  
  2022     6    18     0     0     0                        EPOCH OF LAST MAP   
  7200                                                      INTERVAL            
    13                                                      # OF MAPS IN FILE   
  NONE                                                      MAPPING FUNCTION    
    10.0                                                    ELEVATION CUTOFF    
One-way carrier phase leveled to code                       OBSERVABLES USED    
   170                                                      # OF STATIONS       
  6371.0                                                    BASE RADIUS         
     2                                                      MAP DIMENSION       
   450.0 450.0   0.0                                        HGT1 / HGT2 / DHGT  
    87.5 -87.5  -2.5                                        LAT1 / LAT2 / DLAT  
  -180.0 180.0   5.0                                        LON1 / LON2 / DLON  
    -1                                                      EXPONENT            
TEC/RMS values in 0.1 TECU; 9999, if no value available     COMMENT             
                                                            END OF HEADER       
[from data line 858]
     3                                                      START OF TEC MAP    
  2022     6    17     4     0     0                        EPOCH OF CURRENT MAP
    87.5-180.0 180.0   5.0 450.0                            LAT/LON1/LON2/DLON/H
  174  174  174  173  173  173  173  173  172  172  172  172  172  171  171  171
  171  170  170  170  170  169  169  169  169  168  168  168  168  167  167  167
  167  166  166  166  166  166  166  166  166  166  166  166  166  166  166  166
  167  167  167  168  168  168  169  169  170  170  171  171  171  172  172  172
  173  173  173  173  173  174  174  174  174
    85.0-180.0 180.0   5.0 450.0                            LAT/LON1/LON2/DLON/H
  181  180  180  179  179  178  177  176  176  175  175  174  174  173  173  173
  172  172  172  171  171  170  170  169  169  168  167  167  166  165  164  164
  163  162  162  161  161  160  160  160  160  160  160  160  161  161  162  162
  163  164  165  166  167  168  169  170  171  172  173  174  175  176  176  177
  178  179  180  180  181  181  181  181  181
    82.5-180.0 180.0   5.0 450.0                            LAT/LON1/LON2/DLON/H
  190  189  188  186  184  183  181  179  178  177  176  175  175  174  174  174
  174  174  173  173  172  172  171  170  168  167  166  164  162  161  160  158
  157  156  155  154  154  153  153  153  153  153  153  154  154  155  156  158
  159  160  162  164  165  167  169  170  172  174  175  177  179  181  182  184
  186  187  188  189  190  190  191  190  190
    80.0-180.0 180.0   5.0 450.0                            LAT/LON1/LON2/DLON/H
  199  198  195  192  189  186  183  180  178  176  175  174  174  174  175  175
  176  176  176  175  174  173  171  169  167  164  162  159  157  155  153  151
  150  149  148  147  146  146  145  145  145  145  146  147  148  149  151  153
  155  158  160  162  165  167  169  172  174  176  179  181  184  186  189  191
  193  196  198  199  200  201  201  201  199
    77.5-180.0 180.0   5.0 450.0                            LAT/LON1/LON2/DLON/H
  208  205  201  196  192  187  182  178  176  174  173  173  173  175  176  177
  178  179  179  178  176  174  171  167  164  160  156  152  149  147  145  143
  142  141  141  141  140  140  139  139  139  140  140  142  143  146  148  151
  154  157  160  163  166  168  171  174  177  180  183  185  188  191  194  198
  201  203  206  208  210  211  211  210  208
    75.0-180.0 180.0   5.0 450.0                            LAT/LON1/LON2/DLON/H
  216  211  206  200  194  187  181  177  173  171  171  171  173  175  177  179
  180  181  181  180  177  174  169  164  159  153  148  144  140  137  135  134
  134  134  135  136  136  136  137  137  137  138  139  140  143  145  149  152
  155  159  162  166  169  172  175  177  180  183  186  189  192  196  199  202
  206  209  212  215  217  219  219  218  216
    72.5-180.0 180.0   5.0 450.0                            LAT/LON1/LON2/DLON/H
  222  218  212  205  197  189  182  176  172  169  168  169  170  172  175  177
  179  180  180  179  176  172  166  160  153  147  141  136  131  128  127  127
  127  129  131  133  135  136  137  138  139  140  142  144  147  151  154  158
  161  165  168  171  174  176  179  181  184  187  189  192  195  198  202  205
  208  211  215  218  221  224  225  224  222
    70.0-180.0 180.0   5.0 450.0                            LAT/LON1/LON2/DLON/H
  228  225  220  212  204  195  187  179  173  169  166  165  165  167  169  171
  174  176  176  175  172  167  160  153  146  140  134  129  125  123  122  122
  124  126  129  132  135  138  140  142  144  146  149  153  156  160  164  167
  170  173  175  177  179  181  183  185  187  189  192  194  197  199  202  205
  208  212  216  220  224  227  229  230  228
    67.5-180.0 180.0   5.0 450.0                            LAT/LON1/LON2/DLON/H
  235  234  230  224  216  207  197  188  179  172  166  162  160  159  160  162
  164  166  167  166  163  158  152  145  139  133  128  124  121  120  120  120
  123  126  130  134  138  142  145  148  152  155  159  164  168  172  175  178
  180  181  183  184  185  186  186  187  189  190  192  194  196  199  201  204
  207  210  215  219  224  229  233  235  235
    65.0-180.0 180.0   5.0 450.0                            LAT/LON1/LON2/DLON/H
  242  243  242  238  232  224  214  203  191  180  171  163  157  153  151  151
  152  154  154  153  150  146  141  135  130  126  123  121  120  119  120  121
  123  127  132  138  143  148  153  156  161  165  170  175  180  183  186  188
  189  189  189  189  189  189  188  188  189  190  191  192  194  196  198  201
  204  208  213  218  224  230  235  239  242
    62.5-180.0 180.0   5.0 450.0                            LAT/LON1/LON2/DLON/H
  246  250  252  252  249  243  234  222  210  196  183  170  160  152  146  143
  142  142  141  140  137  133  129  126  123  121  120  119  120  120  121  122
  125  129  135  142  149  155  160  165  169  174  179  185  189  193  195  196
  196  195  194  193  192  191  190  189  188  188  188  189  190  192  194  197
  200  205  211  217  224  230  236  241  246
    60.0-180.0 180.0   5.0 450.0                            LAT/LON1/LON2/DLON/H
  244  251  257  261  262  259  253  243  231  217  202  186  171  159  149  142
  137  134  132  129  126  123  121  120  119  119  119  120  121  121  122  123
  126  130  137  145  154  161  167  172  176  180  185  191  195  198  200  200
  200  199  197  196  194  193  191  189  188  187  186  186  187  188  190  193
  197  202  209  216  222  228  234  239  244
    57.5-180.0 180.0   5.0 450.0                            LAT/LON1/LON2/DLON/H
  238  245  253  261  266  269  267  261  252  239  224  208  191  175  161  150
  141  134  129  125  122  120  119  119  120  121  122  123  123  123  123  123
  126  130  138  148  158  166  172  177  180  184  188  193  197  201  203  203
  203  202  201  199  198  195  193  190  188  186  185  184  184  185  187  190
  194  200  207  214  220  225  229  233  238
    55.0-180.0 180.0   5.0 450.0                            LAT/LON1/LON2/DLON/H
  228  235  243  252  261  268  272  272  268  259  247  232  215  198  182  167
  154  144  137  131  128  126  127  128  130  130  130  129  128  126  124  124
  125  130  138  148  159  168  175  179  181  184  187  192  197  202  205  206
  207  206  206  204  202  200  197  194  191  188  186  184  184  184  185  188
  192  198  204  211  217  220  222  224  228
    52.5-180.0 180.0   5.0 450.0                            LAT/LON1/LON2/DLON/H
  218  223  230  240  249  259  267  273  275  272  265  254  239  223  206  190
  175  162  153  147  144  143  144  146  147  146  143  140  135  131  128  126
  126  130  137  147  157  167  174  178  181  183  186  191  198  204  208  210
  212  213  213  212  210  207  203  199  196  193  190  187  185  185  186  188
  191  196  202  209  214  216  216  216  218
    50.0-180.0 180.0   5.0 450.0                            LAT/LON1/LON2/DLON/H
  213  215  220  227  236  247  257  267  274  277  276  270  259  246  230  213
  198  184  174  168  165  165  167  168  168  165  160  153  146  139  134  130
  130  132  137  144  154  163  171  176  179  181  185  192  200  208  214  218
  221  223  224  223  220  216  211  207  203  199  195  191  189  187  188  189
  192  196  201  207  211  213  213  213  213
    47.5-180.0 180.0   5.0 450.0                            LAT/LON1/LON2/DLON/H
  215  215  216  219  226  236  248  259  269  276  280  278  273  263  250  235
  220  207  197  190  187  188  191  192  191  186  179  170  160  151  144  139
  137  136  139  143  150  160  168  174  178  181  187  195  205  215  223  228
  232  235  236  235  232  227  222  216  211  206  201  197  194  192  192  193
  195  199  203  208  212  214  215  215  215
    45.0-180.0 180.0   5.0 450.0                            LAT/LON1/LON2/DLON/H
  225  223  221  221  225  233  243  254  264  274  280  283  280  274  264  252
  239  227  217  210  207  209  212  214  212  206  197  187  176  167  159  152
  147  144  143  144  149  157  166  174  179  184  191  202  214  225  234  240
  245  249  251  250  246  240  233  227  221  215  209  203  200  198  197  199
  202  206  210  214  218  221  223  224  225
    42.5-180.0 180.0   5.0 450.0                            LAT/LON1/LON2/DLON/H
  241  238  234  232  234  240  247  255  264  273  281  285  285  281  273  264
  253  243  233  225  221  223  226  229  228  222  214  204  194  184  175  167
  160  155  151  149  152  159  167  175  182  189  198  210  224  236  246  253
  259  264  266  264  260  253  246  239  232  224  217  211  206  204  205  208
  213  218  223  227  231  235  238  241  241
    40.0-180.0 180.0   5.0 450.0                            LAT/LON1/LON2/DLON/H
  263  259  253  250  252  257  262  266  271  277  285  289  290  286  280  272
  263  254  244  235  230  232  236  239  239  235  229  220  211  201  192  183
  174  167  161  158  159  164  172  179  187  195  206  220  235  248  258  266
  273  279  281  279  274  267  260  253  244  235  226  219  215  213  215  220
  228  237  244  249  253  257  260  263  263
    37.5-180.0 180.0   5.0 450.0                            LAT/LON1/LON2/DLON/H
  288  282  275  272  275  280  283  284  284  288  293  297  296  291  284  276
  269  261  251  241  237  239  243  248  249  247  242  235  227  217  207  197
  187  179  174  170  170  173  179  186  193  203  216  230  245  258  269  277
  285  292  295  293  287  281  275  267  259  249  239  230  225  224  228  237
  248  260  271  278  283  286  289  290  288
    35.0-180.0 180.0   5.0 450.0                            LAT/LON1/LON2/DLON/H
  314  306  299  298  302  309  311  307  304  304  306  308  305  297  287  278
  270  262  254  246  244  246  251  256  259  259  255  249  239  228  217  206
  197  190  186  183  182  183  188  194  202  213  226  240  254  267  277  286
  295  302  305  303  298  293  289  284  277  267  256  245  238  238  245  257
  272  288  301  311  317  320  321  320  314
    32.5-180.0 180.0   5.0 450.0                            LAT/LON1/LON2/DLON/H
  342  332  325  325  332  341  342  336  328  323  322  321  315  304  290  277
  267  260  254  251  252  257  262  267  271  272  268  260  249  235  222  211
  202  197  194  193  192  192  196  202  212  223  236  249  261  272  282  290
  299  306  309  307  305  303  304  303  299  291  279  264  254  255  266  281
  299  318  334  345  352  356  355  351  342
    30.0-180.0 180.0   5.0 450.0                            LAT/LON1/LON2/DLON/H
  373  361  355  356  364  375  377  368  355  346  340  335  325  311  293  275
  262  256  253  256  263  270  276  281  285  286  280  268  253  236  220  208
  200  196  196  198  198  198  201  210  221  232  243  254  265  274  283  290
  297  303  306  306  307  311  317  322  324  319  306  287  274  276  291  310
  329  348  365  379  387  391  390  384  373
    27.5-180.0 180.0   5.0 450.0                            LAT/LON1/LON2/DLON/H
  406  395  389  391  400  412  414  403  386  371  359  349  336  319  296  274
  259  252  253  263  276  286  291  295  297  296  286  270  251  230  211  197
  188  185  190  196  198  198  203  213  226  237  246  256  264  272  278  284
  289  294  297  300  306  316  329  341  348  347  334  311  295  299  318  340
  358  376  394  409  419  424  423  417  406
    25.0-180.0 180.0   5.0 450.0                            LAT/LON1/LON2/DLON/H
  443  435  431  432  440  450  451  437  416  395  377  362  347  328  302  277
  260  253  256  270  288  300  305  305  304  298  284  263  240  216  195  178
  166  164  174  187  192  193  199  211  224  235  243  251  258  265  270  274
  277  281  286  293  305  321  340  357  369  371  359  335  318  324  346  369
  387  403  420  435  447  453  455  451  443
    22.5-180.0 180.0   5.0 450.0                            LAT/LON1/LON2/DLON/H
  481  480  480  480  484  489  486  469  443  416  392  374  357  337  312  286
  268  260  264  279  298  311  313  309  302  289  269  245  218  193  170  151
  137  136  152  171  180  182  188  201  214  223  230  239  247  255  261  264
  267  271  278  290  307  328  350  370  384  388  378  356  341  349  374  397
  412  425  441  456  468  477  482  483  481
    20.0-180.0 180.0   5.0 450.0                            LAT/LON1/LON2/DLON/H
  515  524  530  530  529  527  517  495  466  434  405  383  366  346  322  298
  281  274  275  287  305  317  316  304  288  267  241  214  188  163  140  120
  106  106  126  152  165  167  172  183  194  203  211  222  234  244  252  256
  260  267  278  294  315  337  359  377  390  396  390  373  363  374  399  420
  433  443  456  471  484  494  502  509  515
    17.5-180.0 180.0   5.0 450.0                            LAT/LON1/LON2/DLON/H
  540  559  572  574  569  559  542  515  482  446  413  388  371  353  331  311
  296  288  287  294  307  316  310  291  265  236  205  177  153  132  111   92
   78   79  103  132  147  149  151  158  168  177  188  204  221  236  247  254
  262  272  288  307  329  351  368  382  393  399  397  388  385  398  421  439
  449  456  465  478  491  503  514  525  540
    15.0-180.0 180.0   5.0 450.0                            LAT/LON1/LON2/DLON/H
  550  578  600  606  600  584  560  528  491  452  416  389  371  355  336  319
  308  300  295  297  304  309  298  271  236  200  166  140  120  103   86   70
   58   62   86  114  128  129  128  132  140  150  165  187  211  231  247  258
  270  285  305  326  348  367  379  387  395  402  406  405  408  421  440  454
  460  464  470  479  491  503  514  528  550
    12.5-180.0 180.0   5.0 450.0                            LAT/LON1/LON2/DLON/H
  541  575  606  619  616  600  572  536  496  454  415  386  367  350  334  320
  312  305  298  294  296  296  280  247  206  166  131  108   94   82   70   59
   51   55   76  100  111  110  107  108  114  126  146  175  206  231  250  266
  282  301  324  348  370  385  393  396  402  412  420  426  432  443  456  466
  469  469  471  477  487  498  506  517  541
    10.0-180.0 180.0   5.0 450.0                            LAT/LON1/LON2/DLON/H
  522  556  591  612  616  605  578  541  498  454  413  382  359  342  326  313
  305  299  292  285  282  276  255  219  176  137  105   87   78   71   64   57
   52   57   73   89   97   95   90   89   94  108  132  167  203  232  254  273
  293  315  341  367  390  404  409  410  417  431  445  452  457  463  469  474
  474  473  472  474  482  490  494  501  522
     7.5-180.0 180.0   5.0 450.0                            LAT/LON1/LON2/DLON/H
  500  531  565  591  604  601  581  545  501  455  413  378  353  332  315  301
  292  286  278  271  264  251  226  190  151  115   89   76   71   68   64   60
   59   63   73   83   86   84   80   78   82   96  122  160  201  232  256  277
  298  323  352  381  406  422  428  429  439  459  476  482  480  478  478  478
  478  476  474  474  478  483  483  485  500
     5.0-180.0 180.0   5.0 450.0                            LAT/LON1/LON2/DLON/H
  486  509  539  566  586  593  581  548  505  458  415  378  350  327  306  289
  278  270  262  255  243  224  196  163  129  101   81   73   71   70   68   67
   68   71   75   78   79   78   75   72   75   88  114  154  195  228  252  273
  296  322  353  386  415  435  443  446  461  487  505  506  497  487  480  477
  477  477  475  475  477  480  479  477  486
     2.5-180.0 180.0   5.0 450.0                            LAT/LON1/LON2/DLON/H
  487  500  521  545  569  583  579  551  509  464  421  384  354  328  303  282
  267  256  248  239  224  200  170  140  113   92   78   73   74   74   73   73
   74   75   76   75   76   76   73   70   71   82  107  144  185  218  242  263
  286  313  346  383  416  440  451  456  475  505  523  518  501  484  473  469
  470  472  473  474  475  479  483  483  487
