IONEX/Новая папка/jprg1680.22i
     1.0            IONOSPHERE MAPS     GPS                 IONEX VERSION / TYPE
GIM V3.0            JPL - GNISD         18-jun-2022 05:54   PGM / RUN BY / DATE 
JPL'S GLOBAL IONOSPHERE MAPS YEAR 2022 DAY 168              COMMENT             
Global Ionospheric Maps (GIM) are generated on an hourly    DESCRIPTION         
and daily basis at JPL using data from up to 100 GPS sites  DESCRIPTION         
of the IGS and others institutions.                         DESCRIPTION         
The vertical TEC is modeled in a solar-geomagnetic          DESCRIPTION         
reference frame using bi-cubic splines on a spherical grid. DESCRIPTION         
A Kalman filter is used to solve simultaneously for         DESCRIPTION         
instrumental biases and VTEC on the grid (as stochastic     DESCRIPTION         
parameters).                                                DESCRIPTION         
Contact Address:  gpsiono@cobra.jpl.nasa.gov .              DESCRIPTION         
  2022     6    17     0     0     0                        EPOCH OF FIRST MAP  
  2022     6    18     0     0     0                        EPOCH OF LAST MAP   
  7200                                                      INTERVAL            
    13                                                      # OF MAPS IN FILE   
  NONE                                                      MAPPING FUNCTION    
    10.0                                                    ELEVATION CUTOFF    
One-way carrier phase leveled to code                       OBSERVABLES USED    
   170                                                      # OF STATIONS       
  6371.0                                                    BASE RADIUS         
     2                                                      MAP DIMENSION       
   450.0 450.0   0.0                                        HGT1 / HGT2 / DHGT  
    87.5 -87.5  -2.5                                        LAT1 / LAT2 / DLAT  
  -180.0 180.0   5.0                                        LON1 / LON2 / DLON  
    -1                                                      EXPONENT            
TEC/RMS values in 0.1 TECU; 9999, if no value available     COMMENT             
                                                            END OF HEADER       
[from data line 429]
     2                                                      START OF TEC MAP    
  2022     6    17     2     0     0                        EPOCH OF CURRENT MAP
    87.5-180.0 180.0   5.0 450.0                            LAT/LON1/LON2/DLON/H
  186  186  186  186  186  186  186  186  185  185  185  184  184  184  183  183
  182  182  181  181  180  179  179  178  177  177  176  175  175  174  173  173
  172  171  171  170  170  169  169  168  168  168  167  167  167  167  167  167
  168  168  169  169  170  171  171  172  173  174  175  176  177  178  179  180
  181  182  183  184  184  185  185  185  186
    85.0-180.0 180.0   5.0 450.0                            LAT/LON1/LON2/DLON/H
  193  193  193  193  192  191  191  190  189  188  188  187  186  185  185  184
  183  183  182  181  180  180  179  177  176  175  174  173  171  170  169  168
  167  165  164  163  162  161  161  160  159  158  157  157  156  156  156  156
  156  157  158  159  160  162  164  166  168  170  172  175  177  179  182  184
  186  188  189  191  192  192  193  193  193
    82.5-180.0 180.0   5.0 450.0                            LAT/LON1/LON2/DLON/H
  201  201  200  199  198  196  194  193  191  190  188  187  186  185  184  183
  183  182  182  181  180  179  178  176  174  173  171  169  167  165  163  162
  160  159  158  157  156  155  154  153  152  151  150  149  148  147  147  146
  147  147  148  149  151  154  156  159  163  166  170  174  177  181  185  188
  191  194  196  198  199  200  201  201  201
    80.0-180.0 180.0   5.0 450.0                            LAT/LON1/LON2/DLON/H
  209  208  207  206  204  201  199  196  193  191  189  187  185  184  183  182
  182  181  181  180  179  178  176  174  172  169  166  163  161  158  156  154
  153  152  151  150  150  149  149  148  147  146  145  144  143  142  141  141
  141  141  142  144  146  149  152  156  160  164  169  174  178  183  188  192
  196  199  202  204  206  208  209  209  209
    77.5-180.0 180.0   5.0 450.0                            LAT/LON1/LON2/DLON/H
  215  215  214  212  210  207  204  200  196  193  189  186  184  182  181  181
  180  180  180  180  179  178  175  172  169  165  160  157  153  150  147  146
  145  144  144  145  145  146  146  146  145  145  144  143  142  141  140  140
  140  141  142  144  147  150  153  157  161  165  170  175  180  185  190  194
  199  202  206  209  211  213  214  215  215
    75.0-180.0 180.0   5.0 450.0                            LAT/LON1/LON2/DLON/H
  219  220  220  218  216  213  209  205  199  194  189  185  182  180  179  179
  179  180  181  180  179  177  174  170  165  160  155  150  146  142  140  138
  138  139  140  142  144  145  146  146  147  146  146  145  144  144  144  144
  145  147  149  152  154  157  160  163  166  170  174  178  182  186  191  195
  199  202  206  209  212  214  217  218  219
    72.5-180.0 180.0   5.0 450.0                            LAT/LON1/LON2/DLON/H
  219  221  222  222  220  217  213  208  201  195  188  183  179  177  177  178
  179  180  180  180  178  176  172  167  162  156  151  145  141  137  135  134
  135  137  139  142  144  147  148  149  150  150  150  150  150  150  151  153
  155  158  161  164  166  169  170  172  174  176  178  180  183  186  190  193
  196  200  203  206  209  212  214  217  219
    70.0-180.0 180.0   5.0 450.0                            LAT/LON1/LON2/DLON/H
  215  217  220  221  221  219  216  210  203  195  188  182  178  176  176  177
  178  179  178  177  175  173  169  164  158  152  146  142  138  136  134  134
  136  138  141  144  147  150  152  153  154  155  156  156  157  158  160  163
  166  170  174  178  180  181  182  182  181  181  181  182  184  185  188  190
  192  195  197  200  203  206  209  212  215
    67.5-180.0 180.0   5.0 450.0                            LAT/LON1/LON2/DLON/H
  208  212  215  218  219  219  216  211  204  196  188  182  178  177  176  176
  176  175  174  172  170  167  163  158  152  147  142  139  138  137  137  138
  139  141  144  147  150  152  154  156  158  159  161  162  164  167  169  173
  177  182  187  190  192  193  191  189  186  184  183  182  182  183  184  186
  188  190  192  194  197  199  202  205  208
    65.0-180.0 180.0   5.0 450.0                            LAT/LON1/LON2/DLON/H
  203  206  210  214  217  218  217  213  206  198  191  185  181  179  178  176
  174  171  167  164  162  159  155  150  145  141  139  138  139  140  141  142
  144  145  147  149  151  153  155  157  159  162  165  168  170  174  177  181
  186  191  196  199  201  199  196  192  188  184  181  180  180  180  181  182
  183  185  188  190  192  195  197  200  203
    62.5-180.0 180.0   5.0 450.0                            LAT/LON1/LON2/DLON/H
  202  205  209  213  217  219  219  216  211  204  197  191  188  185  182  177
  172  166  161  157  153  150  147  143  139  137  136  138  141  144  146  148
  148  148  148  149  150  151  153  156  159  163  167  170  174  178  182  186
  191  196  200  203  204  202  197  191  186  181  178  177  177  177  178  179
  181  183  186  189  192  195  197  199  202
    60.0-180.0 180.0   5.0 450.0                            LAT/LON1/LON2/DLON/H
  207  209  212  216  220  223  224  222  217  212  207  203  199  194  189  182
  174  165  158  152  148  145  142  140  138  137  138  141  145  149  152  152
  151  150  148  147  147  148  150  153  157  161  166  171  176  180  184  188
  193  198  202  205  205  201  195  188  182  177  174  173  174  174  175  177
  179  183  188  192  197  200  203  205  207
    57.5-180.0 180.0   5.0 450.0                            LAT/LON1/LON2/DLON/H
  218  220  222  225  228  230  230  229  226  222  219  217  213  209  202  193
  182  170  160  153  148  146  145  144  144  145  147  149  153  156  157  156
  153  150  146  144  143  145  147  151  154  159  164  169  175  180  185  189
  193  198  202  204  203  199  192  185  178  174  172  171  172  173  174  176
  180  185  191  198  204  209  213  216  218
    55.0-180.0 180.0   5.0 450.0                            LAT/LON1/LON2/DLON/H
  232  235  237  238  239  238  237  236  234  233  232  231  230  226  219  208
  196  183  172  163  159  157  158  159  161  163  164  164  165  165  163  161
  156  151  145  141  140  142  145  149  152  156  160  166  173  180  185  190
  194  198  201  203  201  197  190  182  176  172  171  172  173  174  175  177
  181  187  196  205  213  220  225  229  232
    52.5-180.0 180.0   5.0 450.0                            LAT/LON1/LON2/DLON/H
  248  251  253  253  251  248  245  242  241  241  243  245  245  243  237  227
  215  202  190  182  178  179  182  185  188  190  189  186  181  177  172  167
  160  153  145  139  138  140  145  149  152  154  157  163  171  180  187  192
  196  199  202  202  200  195  188  181  176  174  174  175  176  177  178  180
  184  191  201  212  222  231  238  243  248
    50.0-180.0 180.0   5.0 450.0                            LAT/LON1/LON2/DLON/H
  262  266  268  267  263  257  252  248  245  246  249  254  257  258  255  247
  236  224  213  205  204  206  211  216  220  222  218  211  201  191  182  175
  167  158  148  140  138  141  147  151  153  153  155  160  170  181  190  196
  200  203  204  204  201  196  190  184  180  179  180  181  182  183  183  184
  188  195  206  218  230  239  248  255  262
    47.5-180.0 180.0   5.0 450.0                            LAT/LON1/LON2/DLON/H
  272  278  281  279  274  268  261  254  250  249  253  258  265  269  269  265
  257  247  237  230  230  234  241  247  252  253  247  237  222  207  194  185
  177  167  155  144  140  144  150  156  156  154  154  159  170  184  196  203
  207  209  209  208  205  201  195  191  189  189  190  191  192  193  192  193
  196  203  214  227  238  247  256  264  272
    45.0-180.0 180.0   5.0 450.0                            LAT/LON1/LON2/DLON/H
  281  288  291  290  285  279  272  265  258  255  257  262  269  276  280  280
  275  267  258  253  253  258  265  272  277  277  272  260  242  223  207  197
  190  180  166  152  146  149  156  161  161  157  154  158  171  187  202  211
  216  217  218  217  214  211  207  204  203  203  204  205  206  206  205  205
  207  215  226  238  249  257  264  273  281
    42.5-180.0 180.0   5.0 450.0                            LAT/LON1/LON2/DLON/H
  291  298  301  301  298  295  290  282  273  267  266  269  276  283  289  292
  289  283  276  271  270  275  281  287  291  292  288  278  260  238  220  209
  203  195  180  164  156  157  163  169  168  162  157  160  173  192  209  219
  225  227  229  230  229  227  225  223  223  223  223  223  223  223  222  222
  225  233  244  256  264  269  275  283  291
    40.0-180.0 180.0   5.0 450.0                            LAT/LON1/LON2/DLON/H
  305  311  314  315  315  315  314  307  297  288  283  283  287  293  299  302
  301  296  289  283  281  284  289  294  298  300  299  291  274  251  231  221
  217  211  196  180  170  169  173  178  176  170  163  164  176  196  215  227
  234  239  243  246  247  247  246  246  246  245  244  243  242  242  243  243
  247  257  269  280  285  287  291  297  305
    37.5-180.0 180.0   5.0 450.0                            LAT/LON1/LON2/DLON/H
  325  330  333  334  337  342  344  340  330  320  312  308  307  308  311  313
  312  306  297  290  287  289  292  296  299  303  305  300  284  261  241  231
  230  226  214  199  188  184  186  188  187  181  172  170  181  200  220  233
  242  249  256  262  266  268  269  269  269  267  264  262  261  262  263  266
  272  284  298  308  312  311  313  318  325
    35.0-180.0 180.0   5.0 450.0                            LAT/LON1/LON2/DLON/H
  352  357  359  362  367  375  380  378  369  358  349  341  335  329  327  325
  321  313  301  293  290  291  294  297  300  305  309  305  291  268  247  238
  240  240  231  218  206  201  199  200  199  194  185  181  188  205  222  236
  247  257  267  276  282  286  288  289  289  286  281  278  277  278  281  287
  296  311  327  339  341  339  340  345  352
    32.5-180.0 180.0   5.0 450.0                            LAT/LON1/LON2/DLON/H
  383  390  393  397  403  412  418  417  409  399  389  379  367  354  345  338
  330  317  302  292  290  293  296  300  304  309  313  309  293  269  248  241
  244  247  242  233  224  217  213  212  213  210  200  192  195  207  223  236
  248  260  273  284  292  297  300  302  302  299  293  289  287  289  295  304
  318  336  355  369  372  370  370  376  383
    30.0-180.0 180.0   5.0 450.0                            LAT/LON1/LON2/DLON/H
  419  427  432  437  444  451  457  455  448  439  429  416  399  380  364  351
  337  319  300  289  290  296  301  305  311  316  317  309  290  264  243  235
  240  246  245  241  237  231  225  224  226  225  214  203  200  208  219  230
  243  257  271  284  293  300  305  308  308  306  300  295  293  296  304  316
  334  356  379  395  401  401  403  409  419
    27.5-180.0 180.0   5.0 450.0                            LAT/LON1/LON2/DLON/H
  455  466  474  480  486  492  494  491  483  474  464  449  428  404  382  364
  344  320  298  287  290  299  306  312  317  320  318  305  281  252  229  220
  224  232  236  239  242  240  234  232  236  235  224  209  202  203  210  220
  232  247  263  277  288  297  304  309  311  309  304  299  297  301  310  325
  347  372  397  417  428  432  436  444  455
    25.0-180.0 180.0   5.0 450.0                            LAT/LON1/LON2/DLON/H
  490  504  515  523  528  532  530  524  515  504  492  475  452  425  399  376
  352  323  298  287  292  303  311  316  319  319  312  292  263  231  205  193
  195  204  214  227  240  242  236  234  238  239  226  209  196  193  197  205
  218  235  252  268  281  292  302  308  311  311  307  304  302  306  316  333
  357  385  412  436  452  461  467  476  490
    22.5-180.0 180.0   5.0 450.0                            LAT/LON1/LON2/DLON/H
  521  539  554  563  568  569  565  557  546  532  515  495  469  441  413  387
  359  328  302  290  296  306  313  314  313  307  294  270  236  200  170  155
  155  166  183  206  228  235  230  227  231  232  219  199  185  179  181  189
  203  221  242  260  276  290  301  309  313  314  312  311  311  314  324  342
  367  395  424  450  471  485  494  505  521
    20.0-180.0 180.0   5.0 450.0                            LAT/LON1/LON2/DLON/H
  546  567  586  597  604  604  599  590  577  559  536  510  482  453  425  397
  367  336  310  299  302  309  311  306  296  283  265  237  201  163  131  114
  113  126  149  180  208  218  214  210  214  215  204  185  170  164  165  173
  189  211  234  256  275  292  305  313  318  320  321  322  324  328  337  353
  376  404  433  461  486  503  515  527  546
    17.5-180.0 180.0   5.0 450.0                            LAT/LON1/LON2/DLON/H
  560  585  607  622  631  634  631  625  611  587  556  524  492  462  433  404
  374  345  321  309  308  309  305  292  272  250  228  200  164  126   95   77
   76   92  119  152  180  191  187  185  191  194  185  168  155  149  150  161
  179  205  232  258  280  299  313  322  326  329  334  338  342  346  353  366
  386  412  440  468  494  513  526  539  560
    15.0-180.0 180.0   5.0 450.0                            LAT/LON1/LON2/DLON/H
  561  588  613  632  646  654  657  656  644  615  576  536  499  467  437  407
  377  350  329  317  311  306  293  272  244  215  190  163  130   96   68   52
   53   70   97  127  150  158  156  157  166  172  166  153  142  137  140  152
  174  202  233  263  288  308  323  333  338  343  350  357  362  365  370  380
  397  420  446  472  496  514  526  540  561
    12.5-180.0 180.0   5.0 450.0                            LAT/LON1/LON2/DLON/H
  549  574  601  625  645  660  672  679  671  640  595  546  503  467  435  405
  375  351  332  318  309  297  277  249  215  181  156  132  105   78   56   46
   48   65   88  109  122  127  127  132  145  155  153  143  133  128  132  146
  170  202  235  267  295  317  334  346  354  362  371  379  383  384  387  394
  407  427  450  473  493  509  520  531  549
    10.0-180.0 180.0   5.0 450.0                            LAT/LON1/LON2/DLON/H
  529  549  574  600  625  648  671  689  688  657  608  554  505  464  430  397
  367  343  325  311  297  280  256  225  188  155  131  111   91   73   61   55
   59   72   88   99  103  103  105  115  132  145  146  138  129  123  126  141
  167  200  236  270  299  323  342  359  373  386  396  402  403  401  402  408
  418  434  453  473  490  503  511  518  529
     7.5-180.0 180.0   5.0 450.0                            LAT/LON1/LON2/DLON/H
  512  523  542  566  592  619  650  680  688  662  613  558  505  461  423  388
  356  330  311  295  279  258  232  200  166  138  118  101   87   78   74   73
   78   87   97   98   95   92   97  110  128  143  145  137  127  119  121  135
  161  195  232  267  297  323  347  371  394  412  422  424  419  413  413  419
  429  441  456  474  489  499  505  507  512
     5.0-180.0 180.0   5.0 450.0                            LAT/LON1/LON2/DLON/H
  505  508  518  535  556  582  617  653  669  651  610  558  506  458  417  379
  344  317  296  277  258  235  208  177  149  128  112   98   89   88   91   94
   99  105  109  106   99   96  101  113  130  144  145  137  125  115  115  128
  152  185  223  258  290  319  348  378  410  435  444  440  429  419  418  426
  436  445  457  475  492  503  507  507  505
     2.5-180.0 180.0   5.0 450.0                            LAT/LON1/LON2/DLON/H
  519  514  513  519  530  550  582  618  638  629  597  556  508  460  416  374
  337  306  283  263  241  216  188  160  138  123  111  100   95   98  105  111
  116  121  123  119  111  108  111  120  134  144  144  135  122  110  108  118
  140  173  211  247  279  310  343  380  419  448  456  447  430  417  416  427
  437  443  454  474  496  511  519  522  519
