IONEX/Новая папка/jprg1680.22i
     1.0            IONOSPHERE MAPS     GPS                 IONEX VERSION / TYPE
GIM V3.0            JPL - GNISD         18-jun-2022 05:54   PGM / RUN BY / DATE 
JPL'S GLOBAL IONOSPHERE MAPS YEAR 2022 DAY 168              COMMENT             
Global Ionospheric Maps (GIM) are generated on an hourly    DESCRIPTION         
and daily basis at JPL using data from up to 100 GPS sites  DESCRIPTION         
of the IGS and others institutions.                         DESCRIPTION         
The vertical TEC is modeled in a solar-geomagnetic          DESCRIPTION         
reference frame using bi-cubic splines on a spherical grid. DESCRIPTION         
A Kalman filter is used to solve simultaneously for         DESCRIPTION         
instrumental biases and VTEC on the grid (as stochastic     DESCRIPTION         
parameters).                                                DESCRIPTION         
Contact Address:  gpsiono@cobra.jpl.nasa.gov .              DESCRIPTION         
  2022     6    17     0     0     0                        EPOCH OF FIRST MAP  
  2022     6    18     0     0     0                        EPOCH OF LAST MAP   
  7200                                                      INTERVAL            
    13                                                      # OF MAPS IN FILE   
  NONE                                                      MAPPING FUNCTION    
    10.0                                                    ELEVATION CUTOFF    
One-way carrier phase leveled to code                       OBSERVABLES USED    
   170                                                      # OF STATIONS       
  6371.0                                                    BASE RADIUS         
     2                                                      MAP DIMENSION       
   450.0 450.0   0.0                                        HGT1 / HGT2 / DHGT  
    87.5 -87.5  -2.5                                        LAT1 / LAT2 / DLAT  
  -180.0 180.0   5.0                                        LON1 / LON2 / DLON  
    -1                                                      EXPONENT            
TEC/RMS values in 0.1 TECU; 9999, if no value available     COMMENT             
                                                            END OF HEADER       
[from data line 3432]
     9                                                      START OF TEC MAP    
  2022     6    17    16     0     0                        EPOCH OF CURRENT MAP
    87.5-180.0 180.0   5.0 450.0                            LAT/LON1/LON2/DLON/H
  174  175  175  176  176  176  177  177  177  177  178  178  178  178  178  177
  177  177  177  177  176  176  176  175  175  174  174  173  173  172  172  171
  171  170  170  170  169  169  168  168  167  167  167  166  166  166  166  165
  165  165  165  165  165  165  165  166  166  166  167  167  167  168  168  169
  170  170  171  171  172  173  173  174  174
    85.0-180.0 180.0   5.0 450.0                            LAT/LON1/LON2/DLON/H
  176  177  178  178  179  180  180  181  181  181  181  182  182  182  182  182
  182  181  181  181  180  180  179  178  177  177  176  175  174  173  172  171
  170  170  169  168  167  166  166  165  164  164  163  163  162  162  161  161
  160  160  160  160  160  160  160  160  160  161  162  162  163  164  165  167
  168  169  170  171  172  173  174  175  176
    82.5-180.0 180.0   5.0 450.0                            LAT/LON1/LON2/DLON/H
  176  177  177  178  179  179  180  181  181  182  182  183  183  184  184  184
  184  184  184  184  183  183  182  181  180  179  178  176  175  174  172  171
  170  168  167  166  165  164  164  163  162  162  161  161  160  160  159  158
  158  157  157  156  156  156  156  156  157  157  158  159  160  162  163  165
  166  168  169  171  172  173  174  175  176
    80.0-180.0 180.0   5.0 450.0                            LAT/LON1/LON2/DLON/H
  174  174  175  175  176  177  178  179  180  181  182  183  184  184  185  186
  186  186  187  187  187  186  185  185  183  182  180  179  177  175  173  171
  169  167  166  164  163  162  162  161  161  161  161  160  160  160  159  159
  158  157  157  156  156  155  155  155  156  156  157  158  159  161  162  164
  165  167  169  170  171  172  173  173  174
    77.5-180.0 180.0   5.0 450.0                            LAT/LON1/LON2/DLON/H
  172  172  172  172  173  173  175  176  177  179  181  182  184  185  186  187
  188  189  189  190  190  190  190  189  188  186  184  182  180  177  174  172
  169  167  165  164  162  161  161  161  161  161  161  162  162  162  162  162
  161  161  160  160  159  159  159  158  159  159  159  160  161  162  163  165
  166  167  168  169  170  171  171  171  172
    75.0-180.0 180.0   5.0 450.0                            LAT/LON1/LON2/DLON/H
  171  171  170  170  171  171  172  174  176  178  180  182  184  186  187  189
  190  191  192  193  194  195  195  195  194  192  190  187  184  181  178  174
  171  168  166  164  163  162  161  161  162  163  164  165  166  166  167  167
  167  167  167  167  166  166  166  165  165  165  165  165  165  166  166  167
  168  168  169  170  170  171  171  171  171
    72.5-180.0 180.0   5.0 450.0                            LAT/LON1/LON2/DLON/H
  173  173  172  172  171  172  172  174  176  178  180  183  185  187  189  190
  192  193  194  196  198  199  200  200  199  198  195  193  189  186  182  178
  174  171  168  166  165  164  163  163  164  166  168  170  172  173  174  175
  175  175  175  175  175  175  174  174  173  172  172  171  170  170  170  170
  170  170  171  172  172  173  174  174  173
    70.0-180.0 180.0   5.0 450.0                            LAT/LON1/LON2/DLON/H
  180  179  179  177  176  176  175  176  177  180  182  185  187  189  191  192
  193  194  196  198  201  203  204  204  203  202  200  197  194  190  186  182
  179  175  172  169  167  166  166  166  168  171  174  177  180  182  183  184
  184  184  184  184  184  183  183  182  181  180  178  177  175  174  173  173
  173  173  173  174  176  177  178  179  180
    67.5-180.0 180.0   5.0 450.0                            LAT/LON1/LON2/DLON/H
  188  189  188  187  185  184  182  181  182  183  185  188  190  191  192  192
  192  194  196  199  202  204  205  205  205  204  202  200  197  194  191  187
  183  180  176  174  171  170  169  170  172  176  180  184  188  191  192  192
  192  192  191  191  190  190  189  188  186  185  183  181  179  177  176  175
  175  175  176  178  180  182  185  187  188
    65.0-180.0 180.0   5.0 450.0                            LAT/LON1/LON2/DLON/H
  197  199  199  199  197  194  191  189  188  188  189  191  192  193  192  192
  191  192  195  198  201  203  203  204  203  203  202  201  199  197  194  191
  188  185  181  179  176  175  174  175  177  181  186  191  195  198  199  199
  198  197  196  195  194  193  191  190  188  186  184  182  180  179  177  177
  177  177  179  181  184  187  191  194  197
    62.5-180.0 180.0   5.0 450.0                            LAT/LON1/LON2/DLON/H
  204  207  209  210  208  205  201  197  194  193  193  194  194  194  193  191
  190  191  193  195  198  199  200  200  200  200  200  200  199  198  197  195
  193  190  187  185  182  180  179  180  182  186  191  197  201  202  202  201
  199  198  197  195  194  192  191  189  187  185  184  182  180  178  177  177
  178  179  181  183  186  190  195  200  204
    60.0-180.0 180.0   5.0 450.0                            LAT/LON1/LON2/DLON/H
  206  212  216  218  217  214  209  205  200  198  196  196  196  195  193  192
  190  190  191  193  195  195  196  196  196  197  199  200  200  200  200  199
  198  196  193  191  189  187  185  185  187  191  197  201  204  204  202  200
  198  196  195  194  193  191  190  188  186  184  182  180  179  177  177  177
  178  180  182  184  187  190  195  200  206
    57.5-180.0 180.0   5.0 450.0                            LAT/LON1/LON2/DLON/H
  203  210  217  221  222  220  216  210  205  202  199  198  198  197  196  194
  191  190  190  191  192  192  192  193  194  196  198  200  202  203  204  204
  203  201  200  198  196  193  192  192  193  197  201  205  206  204  201  197
  195  194  193  193  192  191  189  188  186  184  182  179  177  176  175  176
  177  179  181  183  184  187  191  196  203
    55.0-180.0 180.0   5.0 450.0                            LAT/LON1/LON2/DLON/H
  196  205  213  219  223  223  219  214  209  205  202  201  201  201  200  198
  195  192  191  191  191  191  191  192  194  197  201  204  206  208  209  209
  209  207  206  204  202  200  198  198  199  202  206  209  208  205  200  195
  193  192  193  193  193  193  192  191  189  186  183  179  176  174  173  173
  175  178  179  180  180  181  184  189  196
    52.5-180.0 180.0   5.0 450.0                            LAT/LON1/LON2/DLON/H
  186  195  205  214  220  222  220  216  211  208  206  205  205  205  205  203
  200  196  194  192  192  192  193  195  198  202  206  210  212  214  215  215
  215  214  212  210  208  206  205  205  206  209  212  214  212  207  201  195
  193  193  194  196  197  198  198  197  195  191  187  181  176  172  170  170
  172  175  176  175  174  173  175  179  186
    50.0-180.0 180.0   5.0 450.0                            LAT/LON1/LON2/DLON/H
  174  183  194  206  214  219  219  217  214  212  211  211  211  211  211  209
  205  201  198  196  195  196  198  201  205  210  215  219  221  222  223  222
  221  220  218  216  214  212  212  212  214  217  220  221  218  212  205  199
  197  197  199  202  204  205  206  205  203  198  192  185  178  173  169  168
  169  171  172  170  167  165  165  168  174
    47.5-180.0 180.0   5.0 450.0                            LAT/LON1/LON2/DLON/H
  161  169  181  195  207  215  219  219  218  218  219  219  218  218  217  215
  212  207  203  201  201  202  205  210  215  221  227  231  233  233  232  231
  229  227  224  222  221  220  220  221  224  226  229  229  226  220  213  207
  204  205  207  209  212  214  215  214  211  206  199  191  183  176  170  168
  168  169  168  166  162  158  156  157  161
    45.0-180.0 180.0   5.0 450.0                            LAT/LON1/LON2/DLON/H
  149  155  167  183  199  212  219  223  225  227  229  228  226  224  223  221
  218  214  210  208  208  211  215  221  228  235  241  245  246  246  244  241
  238  236  234  231  230  230  232  234  236  238  239  239  236  230  223  217
  214  214  216  218  221  223  224  223  219  214  207  200  192  183  175  171
  170  170  168  164  159  153  149  147  149
    42.5-180.0 180.0   5.0 450.0                            LAT/LON1/LON2/DLON/H
  140  143  155  172  192  210  223  231  236  240  241  240  236  232  230  228
  225  221  218  217  219  222  227  234  242  250  258  262  263  261  258  255
  252  249  247  245  244  245  248  250  251  252  253  253  250  243  236  230
  226  224  225  227  230  231  231  230  226  221  215  211  204  195  185  179
  176  174  172  167  160  153  146  141  140
    40.0-180.0 180.0   5.0 450.0                            LAT/LON1/LON2/DLON/H
  135  136  145  164  187  211  230  244  251  255  256  253  247  243  240  238
  234  231  229  229  231  236  241  248  257  267  276  281  282  280  276  272
  270  268  266  265  264  266  269  271  271  271  271  269  266  259  251  244
  238  235  235  236  238  239  238  235  231  226  224  222  219  210  199  190
  185  183  180  175  168  159  150  141  135
    37.5-180.0 180.0   5.0 450.0                            LAT/LON1/LON2/DLON/H
  139  135  142  160  185  213  239  258  268  272  272  268  262  258  255  252
  249  245  243  244  247  251  256  263  272  284  294  301  302  301  298  295
  294  294  293  292  291  293  296  298  297  295  293  291  286  278  268  258
  251  246  244  244  245  245  242  239  234  231  231  234  234  226  213  201
  195  192  190  186  179  170  159  148  139
    35.0-180.0 180.0   5.0 450.0                            LAT/LON1/LON2/DLON/H
  149  143  147  161  186  217  247  271  284  289  289  285  281  278  277  274
  270  265  263  263  265  268  272  278  287  300  312  321  325  326  325  324
  326  328  328  326  324  324  328  330  329  326  322  317  310  299  286  274
  263  256  251  250  250  249  246  242  237  235  238  244  246  239  225  211
  204  201  199  196  191  183  172  160  149
    32.5-180.0 180.0   5.0 450.0                            LAT/LON1/LON2/DLON/H
  162  155  156  167  189  219  252  280  297  305  306  304  302  303  305  303
  297  291  288  287  286  286  287  291  300  314  329  341  349  353  355  359
  364  369  370  367  362  361  364  369  369  363  356  347  336  321  304  288
  275  264  257  254  253  252  248  244  240  238  242  250  254  247  232  217
  208  204  203  203  199  193  184  173  162
    30.0-180.0 180.0   5.0 450.0                            LAT/LON1/LON2/DLON/H
  174  168  167  175  192  219  252  283  304  316  322  323  324  330  335  335
  329  322  318  315  310  305  302  303  311  327  345  361  374  383  390  399
  409  418  421  415  407  402  405  410  411  403  392  378  363  343  322  302
  285  270  259  254  253  252  250  246  242  240  245  253  258  250  233  217
  206  201  201  201  200  196  189  182  174
    27.5-180.0 180.0   5.0 450.0                            LAT/LON1/LON2/DLON/H
  179  176  175  181  194  216  247  279  306  324  335  341  346  356  365  367
  362  355  350  344  335  324  317  316  324  341  362  383  400  415  429  444
  461  475  478  470  457  446  445  450  451  441  425  408  388  364  338  315
  293  274  258  251  250  251  250  247  243  242  246  254  257  248  230  211
  198  192  191  192  191  188  185  183  179
    25.0-180.0 180.0   5.0 450.0                            LAT/LON1/LON2/DLON/H
  175  176  178  183  193  211  238  272  303  328  346  357  366  379  391  396
  394  388  383  374  360  345  334  332  341  359  383  407  429  450  472  495
  519  537  540  528  506  487  480  484  484  472  453  432  409  381  352  325
  300  277  257  248  247  249  249  247  244  242  244  251  253  243  222  202
  187  178  176  177  175  172  171  173  175
    22.5-180.0 180.0   5.0 450.0                            LAT/LON1/LON2/DLON/H
  163  169  174  181  189  204  229  262  297  329  354  370  382  396  412  420
  422  419  414  403  385  367  354  353  363  383  409  434  460  487  517  548
  579  600  600  582  551  521  506  505  503  489  470  449  425  394  362  333
  305  279  256  245  244  247  248  246  243  240  242  247  248  234  212  189
  172  162  159  159  156  152  152  157  163
    20.0-180.0 180.0   5.0 450.0                            LAT/LON1/LON2/DLON/H
  148  157  165  174  184  198  220  252  289  326  357  378  392  408  426  438
  445  446  441  429  409  389  378  379  392  414  440  465  492  523  560  599
  634  654  650  623  583  543  519  511  506  493  476  458  435  403  369  338
  309  281  257  245  244  247  247  245  240  236  237  242  241  225  199  174
  156  146  143  142  138  133  133  139  148
    17.5-180.0 180.0   5.0 450.0                            LAT/LON1/LON2/DLON/H
  134  144  154  166  178  192  213  243  280  319  354  379  396  414  434  450
  461  467  463  450  430  411  403  409  425  448  473  497  522  556  598  642
  678  695  682  646  597  549  518  505  498  487  475  460  439  408  373  341
  311  282  260  248  246  247  247  243  237  231  231  236  233  214  184  158
  141  132  130  129  125  120  119  125  134
    15.0-180.0 180.0   5.0 450.0                            LAT/LON1/LON2/DLON/H
  125  133  144  157  171  186  206  234  268  307  344  372  394  414  435  454
  471  481  479  466  448  432  428  439  459  482  505  525  548  583  627  671
  704  712  690  646  592  542  508  492  485  477  469  457  438  407  374  341
  311  284  263  252  249  249  246  240  233  225  224  228  224  202  171  144
  128  121  120  121  119  115  114  118  125
    12.5-180.0 180.0   5.0 450.0                            LAT/LON1/LON2/DLON/H
  122  126  134  147  162  178  197  223  255  292  328  359  384  408  430  451
  472  486  487  475  460  449  450  466  488  510  530  546  567  600  644  684
  709  707  677  628  575  528  496  480  473  468  462  451  430  401  369  338
  308  283  266  257  253  250  245  238  229  219  216  218  214  191  159  133
  118  113  114  117  118  117  116  118  122
    10.0-180.0 180.0   5.0 450.0                            LAT/LON1/LON2/DLON/H
  122  122  127  138  152  167  186  210  240  274  310  343  372  398  421  442
  464  482  485  477  466  461  468  487  510  529  545  558  575  606  647  681
  696  685  649  600  552  513  487  475  470  465  457  441  418  389  360  330
  301  278  265  259  255  251  245  236  225  213  207  207  201  180  150  127
  114  110  112  117  120  122  122  122  122
     7.5-180.0 180.0   5.0 450.0                            LAT/LON1/LON2/DLON/H
  123  120  121  128  139  153  170  195  224  257  292  327  360  388  410  429
  452  472  477  472  466  468  481  501  522  538  550  560  575  603  638  664
  671  653  615  569  531  504  488  480  475  466  451  428  400  371  344  317
  290  270  261  258  255  250  243  234  222  207  197  194  188  170  146  126
  115  112  113  118  123  127  128  127  123
     5.0-180.0 180.0   5.0 450.0                            LAT/LON1/LON2/DLON/H
  124  118  116  120  127  137  153  178  209  244  279  315  350  380  401  418
  440  460  467  465  464  473  489  509  528  540  548  555  567  591  620  638
  637  616  580  543  517  503  495  489  481  466  442  410  375  346  321  297
  273  257  252  252  250  245  238  230  216  199  186  180  173  161  144  130
  121  117  117  121  125  129  130  129  124
     2.5-180.0 180.0   5.0 450.0                            LAT/LON1/LON2/DLON/H
  121  115  111  112  115  122  136  163  197  234  272  310  346  377  397  414
  434  452  460  459  462  476  495  514  529  538  542  546  555  573  593  604
  599  580  550  521  506  502  500  494  482  459  426  385  345  314  292  272
  252  239  238  240  239  235  229  220  206  188  172  164  159  153  144  134
  127  123  122  123  125  127  128  126  121
