IONEX/Новая папка/uhrg1680.22i
     1.0            IONOSPHERE MAPS     MIX                 IONEX VERSION / TYPE
tecrms2ionex_3.awk  gAGE/UPC            06/18/22 2206UT     PGM / RUN BY / DATE
Global ionosphere maps for day 168, 2022 (17- 6-2022)       DESCRIPTION
Contact address: Manuel Hernandez-Pajares                   DESCRIPTION
                 Res. group of Astronomy and Geomatics      DESCRIPTION
                 Technical Univ. of Catalonia (gAGE/UPC)    DESCRIPTION
                 Mod. C3 Campus Nord UPC                    DESCRIPTION
                 E08034-Barcelona, SPAIN                    DESCRIPTION
                 e-mail:  manuel@mat.upc.es                 DESCRIPTION
                                                            DESCRIPTION
  2022     6    17     0     0     0                        EPOCH OF FIRST MAP
  2022     6    18     0     0     0                        EPOCH OF LAST MAP
  3600                                                      INTERVAL
    25                                                      # OF MAPS IN FILE
  COSZ                                                      MAPPING FUNCTION
     0.0                                                    ELEVATION CUTOFF
   231                                                      # OF STATIONS
    38                                                      # OF SATELLITES
  6371.0                                                    BASE RADIUS
     2                                                      MAP DIMENSION
   450.0 450.0   0.0                                        HGT1 / HGT2 / DHGT
    87.5 -87.5  -2.5                                        LAT1 / LAT2 / DLAT
  -180.0 180.0   5.0                                        LON1 / LON2 / DLON
    -1                                                      EXPONENT
TEC values in  0.1 TECUs; 9999 if no value available        COMMENT
DCB values in nanoseconds, reference is Sum_of_SatDCBs = 0  COMMENT
                                                            END OF HEADER
[from data line 6006]
    15                                                      START OF TEC MAP
  2022     6    17    14     0     0                        EPOCH OF CURRENT MAP
    87.5-180.0 180.0   5.0 450.0                            LAT/LON1/LON2/DLON/H
  142  141  139  137  133  135  136  137  139  141  145  150  151  145  148  150
  152  166  175  173  175  171  160  162  161  160  182  185  187  185  184  185
  183  179  181  183  181  181  180  170  169  181  194  185  184  179  181  178
  174  174  176  175  175  171  169  168  168  168  165  166  164  164  164  164
  162  159  156  156  155  153  152  150  149
    85.0-180.0 180.0   5.0 450.0                            LAT/LON1/LON2/DLON/H
  138  137  137  139  144  146  144  143  143  146  147  145  143  144  145  150
  157  169  167  165  168  166  162  163  160  158  164  177  176  174  178  171
  169  174  177  178  175  175  171  165  164  177  200  183  180  177  186  183
  184  186  191  191  191  188  184  177  168  168  166  164  163  162  161  158
  154  150  151  151  149  144  142  139  139
    82.5-180.0 180.0   5.0 450.0                            LAT/LON1/LON2/DLON/H
  137  137  136  144  146  146  144  145  148  149  157  169  179  176  179  172
  174  178  182  180  172  178  177  174  173  177  169  175  174  174  180  173
  171  176  182  194  190  175  171  168  167  181  203  192  185  204  213  202
  201  200  202  202  200  195  188  173  173  171  168  166  161  160  157  153
  151  149  149  145  142  139  138  137  137
    80.0-180.0 180.0   5.0 450.0                            LAT/LON1/LON2/DLON/H
  140  141  141  150  146  146  145  151  153  155  162  177  173  164  174  177
  180  186  190  197  203  203  194  188  189  184  175  176  167  171  184  186
  194  194  178  191  189  191  191  187  181  191  200  194  193  193  199  202
  189  183  179  178  177  180  181  178  174  173  170  168  162  157  156  153
  151  149  147  141  139  138  138  137  136
    77.5-180.0 180.0   5.0 450.0                            LAT/LON1/LON2/DLON/H
  147  148  148  155  154  152  166  164  167  164  168  168  169  163  156  170
  179  191  188  189  195  193  184  189  185  169  178  182  182  188  197  195
  195  188  197  186  191  196  198  188  182  187  188  182  184  184  183  187
  185  178  173  173  175  177  179  178  177  176  173  172  162  159  157  155
  155  150  149  143  142  142  141  139  138
    75.0-180.0 180.0   5.0 450.0                            LAT/LON1/LON2/DLON/H
  152  157  158  160  160  159  173  173  176  175  179  160  166  156  152  156
  161  172  168  189  181  182  182  200  186  176  180  163  176  186  190  190
  194  190  190  186  184  183  176  183  183  184  182  182  189  183  180  185
  188  183  182  182  184  183  185  184  181  179  176  175  169  165  157  157
  156  151  150  147  145  144  142  140  138
    72.5-180.0 180.0   5.0 450.0                            LAT/LON1/LON2/DLON/H
  157  155  156  158  147  165  187  191  191  174  165  167  163  159  145  162
  161  157  163  173  176  179  179  177  175  193  186  179  190  189  185  191
  195  183  176  173  183  190  183  182  177  181  180  177  189  187  179  181
  186  186  186  188  188  191  192  191  187  185  178  179  172  167  163  158
  158  152  151  149  147  146  143  140  137
    70.0-180.0 180.0   5.0 450.0                            LAT/LON1/LON2/DLON/H
  151  154  153  149  149  164  180  191  186  179  184  176  166  162  152  160
  153  157  162  158  173  180  182  190  196  201  201  203  200  192  194  198
  204  199  198  190  176  178  182  178  185  186  182  179  180  175  181  184
  186  188  191  192  191  197  198  198  196  193  180  180  176  175  170  168
  168  162  162  150  148  146  144  139  137
    67.5-180.0 180.0   5.0 450.0                            LAT/LON1/LON2/DLON/H
  150  150  143  142  155  168  181  174  175  172  177  173  166  160  163  156
  162  159  149  151  168  165  176  188  188  197  194  198  192  194  195  193
  199  196  197  199  191  191  187  185  186  186  184  187  177  177  185  187
  192  193  192  194  201  212  209  203  200  194  185  193  191  191  181  177
  175  167  166  162  160  156  153  152  153
    65.0-180.0 180.0   5.0 450.0                            LAT/LON1/LON2/DLON/H
  141  146  163  158  156  188  189  187  182  174  172  169  160  162  163  164
  167  169  163  159  173  165  173  184  177  181  182  184  191  196  194  196
  200  197  194  201  194  192  192  189  190  192  194  187  184  185  189  192
  197  199  193  202  210  212  214  204  194  189  183  199  199  199  196  192
  189  177  182  175  171  155  147  145  149
    62.5-180.0 180.0   5.0 450.0                            LAT/LON1/LON2/DLON/H
  138  149  162  170  174  184  180  185  193  189  182  164  172  164  164  162
  166  168  174  168  163  165  169  174  175  178  172  182  184  192  191  195
  197  196  199  195  194  192  189  194  195  197  191  186  186  185  185  191
  195  197  195  196  187  195  196  191  191  191  186  205  204  201  199  196
  195  195  190  177  170  164  148  142  143
    60.0-180.0 180.0   5.0 450.0                            LAT/LON1/LON2/DLON/H
  140  145  143  161  173  184  193  198  186  193  183  185  172  167  168  166
  168  165  156  159  161  160  163  169  169  175  181  184  188  184  184  193
  194  195  197  195  194  195  193  197  196  196  196  192  190  188  183  182
  188  190  191  189  182  181  183  189  193  193  192  211  208  204  203  199
  200  195  190  177  172  163  157  149  141
    57.5-180.0 180.0   5.0 450.0                            LAT/LON1/LON2/DLON/H
  140  138  143  155  155  155  170  179  189  180  182  183  174  176  174  176
  171  170  163  165  157  157  162  164  166  180  176  182  183  183  192  192
  195  196  197  198  195  195  197  197  197  199  197  194  196  197  195  199
  198  198  198  201  199  191  188  189  195  200  199  215  212  210  208  203
  207  198  194  181  173  167  160  152  148
    55.0-180.0 180.0   5.0 450.0                            LAT/LON1/LON2/DLON/H
  144  145  151  151  144  140  144  149  162  167  173  182  178  179  178  179
  181  172  165  158  162  165  167  168  174  180  173  179  184  188  200  202
  201  196  200  202  203  200  200  201  195  200  199  192  194  204  201  203
  206  200  203  209  200  213  203  202  202  205  223  223  221  216  214  212
  209  197  199  184  176  166  164  157  151
    52.5-180.0 180.0   5.0 450.0                            LAT/LON1/LON2/DLON/H
  147  145  145  141  144  142  140  156  155  159  159  166  168  174  171  175
  172  169  168  166  168  167  164  170  166  169  181  183  188  191  201  205
  206  208  207  208  209  208  207  206  205  204  205  199  192  204  206  205
  209  195  195  201  207  229  232  239  237  236  240  236  233  224  219  217
  210  198  200  177  172  167  162  156  152
    50.0-180.0 180.0   5.0 450.0                            LAT/LON1/LON2/DLON/H
  141  137  136  136  144  146  141  162  170  178  174  171  168  171  171  173
  173  174  174  171  172  168  170  174  172  176  185  181  190  194  210  214
  212  214  215  216  217  223  222  222  218  217  208  206  208  211  214  214
  195  189  198  210  219  228  232  233  238  262  267  253  244  245  230  230
  211  186  188  170  163  161  158  153  150
    47.5-180.0 180.0   5.0 450.0                            LAT/LON1/LON2/DLON/H
  138  135  134  137  147  149  151  154  162  179  185  180  177  183  182  181
  177  178  171  171  169  170  176  175  178  188  192  202  220  213  222  224
  219  222  225  225  232  233  235  237  236  228  224  216  222  215  212  221
  202  202  207  222  221  219  231  241  249  254  256  250  247  246  229  219
  172  176  182  169  164  159  155  151  152
    45.0-180.0 180.0   5.0 450.0                            LAT/LON1/LON2/DLON/H
  140  138  136  137  150  153  156  158  160  201  203  204  192  194  195  195
  192  194  177  180  178  177  181  187  195  206  204  217  216  222  240  227
  223  229  230  210  243  253  259  252  251  250  233  229  218  212  220  216
  220  218  229  219  246  256  254  230  230  260  268  270  251  244  215  201
  190  189  194  177  167  160  154  155  153
    42.5-180.0 180.0   5.0 450.0                            LAT/LON1/LON2/DLON/H
  144  142  139  146  150  152  156  161  167  177  184  200  200  199  196  194
  199  196  194  191  192  193  192  201  207  215  225  235  230  234  234  235
  234  236  263  257  264  263  272  274  278  270  254  245  224  223  228  228
  231  233  241  247  264  266  269  261  254  253  239  242  246  235  230  215
  208  218  210  186  171  160  156  154  152
    40.0-180.0 180.0   5.0 450.0                            LAT/LON1/LON2/DLON/H
  147  145  144  147  147  146  154  161  166  186  220  199  202  201  204  206
  209  212  209  201  195  200  207  207  217  227  247  245  255  259  262  272
  263  266  274  278  287  295  295  298  306  294  280  251  256  244  237  255
  251  262  261  267  263  257  264  252  243  242  239  245  247  229  232  233
  218  209  214  190  168  170  165  158  154
    37.5-180.0 180.0   5.0 450.0                            LAT/LON1/LON2/DLON/H
  149  148  145  144  141  139  143  148  163  189  202  198  200  214  207  221
  220  227  217  217  209  210  210  213  221  242  243  247  266  268  282  293
  299  293  292  309  318  323  324  332  337  317  294  289  276  276  264  282
  288  273  269  272  291  289  284  260  250  234  227  242  238  243  242  246
  223  213  211  193  173  169  164  157  153
    35.0-180.0 180.0   5.0 450.0                            LAT/LON1/LON2/DLON/H
  149  145  146  146  130  124  120  132  152  176  201  216  215  217  220  232
  237  238  229  230  229  227  220  228  237  252  255  265  276  292  303  321
  324  330  340  347  350  364  361  370  375  367  334  313  311  301  302  308
  301  295  298  288  285  286  285  273  254  226  216  260  248  265  264  263
  229  222  211  194  181  169  160  153  148
    32.5-180.0 180.0   5.0 450.0                            LAT/LON1/LON2/DLON/H
  146  146  143  143  130  120  114  114  131  159  215  233  247  243  239  235
  250  258  263  254  243  234  231  237  247  259  268  284  298  327  344  343
  343  367  395  388  384  402  394  398  409  394  376  370  349  338  347  336
  317  308  305  310  294  296  290  273  253  224  223  234  248  259  264  238
  221  212  215  198  185  174  159  148  141
    30.0-180.0 180.0   5.0 450.0                            LAT/LON1/LON2/DLON/H
  150  147  145  141  129  116  109  110  116  149  199  235  236  254  257  261
  271  284  292  265  253  244  239  256  263  274  271  283  315  346  351  347
  367  388  403  440  425  434  454  440  437  417  405  397  395  395  383  356
  355  336  331  331  330  323  302  284  263  228  219  248  273  260  259  243
  203  197  185  185  183  175  161  149  141
    27.5-180.0 180.0   5.0 450.0                            LAT/LON1/LON2/DLON/H
  156  153  151  143  131  117  112  105  109  136  195  207  226  255  271  281
  292  304  298  304  253  249  244  243  248  273  242  275  319  344  368  390
  405  419  428  444  467  453  458  461  455  446  447  427  416  417  381  381
  373  375  371  371  365  348  321  307  267  235  219  234  242  241  218  218
  197  196  192  183  178  174  169  162  145
    25.0-180.0 180.0   5.0 450.0                            LAT/LON1/LON2/DLON/H
  166  163  159  151  141  134  118  109  112  123  181  202  228  261  279  278
  287  304  299  296  240  245  252  240  224  234  251  272  327  355  398  402
  414  432  453  493  516  493  499  483  491  486  490  466  434  413  389  378
  396  400  410  400  396  388  358  360  304  286  274  246  243  229  203  193
  203  190  193  194  190  186  176  164  152
    22.5-180.0 180.0   5.0 450.0                            LAT/LON1/LON2/DLON/H
  174  178  178  172  171  155  133  130  123  140  174  198  225  249  271  286
  301  323  337  335  280  272  261  240  240  253  268  292  335  366  395  415
  482  497  518  555  607  596  570  474  494  502  515  471  440  404  391  403
  419  454  431  412  412  437  413  421  387  351  299  330  238  228  191  165
  178  171  172  188  193  177  166  154  152
    20.0-180.0 180.0   5.0 450.0                            LAT/LON1/LON2/DLON/H
  169  183  192  197  188  182  179  151  141  153  168  194  218  236  255  275
  342  361  345  320  302  270  268  253  258  273  288  316  344  381  407  478
  530  542  558  601  629  646  605  498  506  531  528  489  431  392  397  421
  465  497  471  468  449  462  438  414  384  389  358  268  240  234  202  152
  132  140  146  136  146  150  147  143  139
    17.5-180.0 180.0   5.0 450.0                            LAT/LON1/LON2/DLON/H
  148  163  185  166  171  178  178  154  148  159  171  192  222  236  268  280
  343  346  331  306  302  280  298  277  278  296  308  344  371  403  434  515
  539  528  546  561  577  593  561  494  510  526  511  465  409  392  412  461
  515  506  492  478  474  448  417  407  376  331  321  285  265  206  153  133
  129  114  112  110  108  111  120  113  118
    15.0-180.0 180.0   5.0 450.0                            LAT/LON1/LON2/DLON/H
  128  139  146  138  141  142  152  141  141  149  167  195  228  258  282  297
  327  327  305  295  297  295  281  292  302  312  332  370  395  427  458  524
  523  509  500  504  533  530  522  483  478  484  478  424  412  413  435  478
  515  518  516  502  450  429  402  375  367  352  280  241  217  184  175  162
  127  115  125  108   87   85  100  101  100
    12.5-180.0 180.0   5.0 450.0                            LAT/LON1/LON2/DLON/H
  110  106  104  107  120  121  133  138  143  149  165  199  227  252  275  288
  292  305  289  299  298  308  290  306  316  338  367  396  424  448  476  512
  504  493  481  489  492  477  470  445  448  457  458  427  427  428  443  480
  495  498  486  456  428  423  402  384  346  284  263  250  206  163  179  122
  134  126  128  118  101   90   98  100   92
    10.0-180.0 180.0   5.0 450.0                            LAT/LON1/LON2/DLON/H
  109   91   88   89   97  101  125  135  140  150  160  197  219  244  266  279
  276  277  287  299  316  320  331  331  350  378  408  436  463  478  494  506
  490  481  480  486  463  449  449  447  451  454  463  476  462  452  451  475
  477  466  458  426  393  377  359  328  292  265  263  226  204  187  186  140
  141  128  148  149  120  113  116  106   95
     7.5-180.0 180.0   5.0 450.0                            LAT/LON1/LON2/DLON/H
  119  103  101   93   88  102  114  111  123  134  143  191  209  231  260  271
  268  277  297  317  304  319  332  361  381  402  412  450  471  479  507  535
  489  491  507  505  494  478  461  453  456  469  469  462  478  477  471  458
  454  441  425  403  375  329  299  271  288  280  269  222  202  163  166  149
  136  124  130  148  160  145  127  118  105
     5.0-180.0 180.0   5.0 450.0                            LAT/LON1/LON2/DLON/H
  136  120  109   94   95  101  101   99  109  120  132  157  203  223  247  268
  264  287  311  335  343  348  359  375  406  425  437  446  453  486  513  529
  505  536  562  559  536  535  500  493  490  497  502  489  485  476  457  442
  431  422  401  390  373  303  280  312  300  277  233  242  206  164  167  166
  170  177  190  156  148  169  170  148  140
     2.5-180.0 180.0   5.0 450.0                            LAT/LON1/LON2/DLON/H
  173  144  128   98  100   99   98   93   99  108  119  137  188  214  237  264
  268  293  316  326  331  364  382  404  415  427  435  440  443  450  469  491
  509  531  532  543  565  580  565  546  536  513  509  502  488  446  431  413
  409  415  412  390  377  350  355  305  306  244  235  240  240  178  172  168
  174  182  183  155  157  162  168  165  153
