IONEX/Новая папка/uhrg1680.22i
     1.0            IONOSPHERE MAPS     MIX                 IONEX VERSION / TYPE
tecrms2ionex_3.awk  gAGE/UPC            06/18/22 2206UT     PGM / RUN BY / DATE
Global ionosphere maps for day 168, 2022 (17- 6-2022)       DESCRIPTION
Contact address: Manuel Hernandez-Pajares                   DESCRIPTION
                 Res. group of Astronomy and Geomatics      DESCRIPTION
                 Technical Univ. of Catalonia (gAGE/UPC)    DESCRIPTION
                 Mod. C3 Campus Nord UPC                    DESCRIPTION
                 E08034-Barcelona, SPAIN                    DESCRIPTION
                 e-mail:  manuel@mat.upc.es                 DESCRIPTION
                                                            DESCRIPTION
  2022     6    17     0     0     0                        EPOCH OF FIRST MAP
  2022     6    18     0     0     0                        EPOCH OF LAST MAP
  3600                                                      INTERVAL
    25                                                      # OF MAPS IN FILE
  COSZ                                                      MAPPING FUNCTION
     0.0                                                    ELEVATION CUTOFF
   231                                                      # OF STATIONS
    38                                                      # OF SATELLITES
  6371.0                                                    BASE RADIUS
     2                                                      MAP DIMENSION
   450.0 450.0   0.0                                        HGT1 / HGT2 / DHGT
    87.5 -87.5  -2.5                                        LAT1 / LAT2 / DLAT
  -180.0 180.0   5.0                                        LON1 / LON2 / DLON
    -1                                                      EXPONENT
TEC values in  0.1 TECUs; 9999 if no value available        COMMENT
DCB values in nanoseconds, reference is Sum_of_SatDCBs = 0  COMMENT
                                                            END OF HEADER
[from data line 4719]
    12                                                      START OF TEC MAP
  2022     6    17    11     0     0                        EPOCH OF CURRENT MAP
    87.5-180.0 180.0   5.0 450.0                            LAT/LON1/LON2/DLON/H
  180  181  179  179  180  180  183  184  195  199  201  203  206  205  206  193
  193  194  200  195  188  177  177  179  192  198  197  194  181  182  179  173
  169  183  215  214  213  188  196  197  198  193  200  202  203  198  202  207
  211  211  209  200  194  189  192  191  192  202  221  224  221  217  212  208
  206  201  200  194  189  186  181  176  143
    85.0-180.0 180.0   5.0 450.0                            LAT/LON1/LON2/DLON/H
  183  186  185  185  184  187  188  187  187  188  191  193  195  193  190  186
  187  190  191  190  194  178  181  199  197  189  181  177  171  172  169  162
  172  173  207  206  196  181  191  194  196  188  199  202  204  200  201  201
  200  197  198  198  194  194  194  191  193  201  213  206  204  203  201  202
  201  198  197  190  187  183  180  146  146
    82.5-180.0 180.0   5.0 450.0                            LAT/LON1/LON2/DLON/H
  179  182  182  182  180  182  180  179  177  170  165  171  182  185  189  179
  176  183  183  183  179  187  192  194  195  185  175  164  167  169  169  179
  190  193  199  193  181  183  192  196  195  189  198  200  194  196  202  197
  190  187  200  216  209  204  198  200  202  199  194  194  196  199  201  200
  195  194  191  181  178  174  174  143  141
    80.0-180.0 180.0   5.0 450.0                            LAT/LON1/LON2/DLON/H
  186  177  176  174  169  167  162  168  165  161  156  154  154  163  174  178
  172  178  184  174  183  182  190  186  178  171  160  160  167  168  166  175
  183  184  173  171  167  181  184  189  187  192  195  197  190  194  187  192
  190  190  206  214  210  207  203  206  205  200  196  196  200  204  200  196
  194  190  187  173  168  161  138  136  136
    77.5-180.0 180.0   5.0 450.0                            LAT/LON1/LON2/DLON/H
  177  178  170  175  162  157  156  154  152  153  149  149  159  162  169  176
  175  162  175  171  180  172  181  163  159  170  173  171  170  167  159  162
  165  175  191  177  182  193  200  191  191  198  194  195  186  178  183  189
  199  197  215  216  210  207  197  207  205  201  199  197  203  207  201  197
  193  190  174  166  161  134  130  129  127
    75.0-180.0 180.0   5.0 450.0                            LAT/LON1/LON2/DLON/H
  172  172  170  169  160  159  151  148  148  143  134  135  148  155  156  163
  159  157  152  159  157  173  171  164  173  168  168  173  172  162  154  162
  170  174  185  184  192  196  195  195  208  204  196  192  191  193  207  213
  198  202  214  219  209  202  199  205  207  202  200  198  203  209  201  199
  197  194  170  160  132  127  123  120  122
    72.5-180.0 180.0   5.0 450.0                            LAT/LON1/LON2/DLON/H
  162  166  163  162  165  152  140  144  148  143  136  135  142  152  152  145
  149  160  150  145  137  151  157  164  163  165  161  155  158  164  156  168
  178  183  190  194  194  200  199  200  197  194  195  200  200  203  208  206
  209  210  214  212  210  202  201  200  210  209  207  208  210  209  205  203
  201  195  166  151  129  122  117  115  112
    70.0-180.0 180.0   5.0 450.0                            LAT/LON1/LON2/DLON/H
  151  157  154  154  155  151  135  134  140  144  137  143  139  141  142  148
  149  150  140  130  131  135  145  151  149  156  159  156  155  158  175  174
  179  181  180  187  191  193  195  198  201  201  204  207  206  205  210  211
  211  211  212  207  205  205  205  203  209  215  215  216  215  212  211  207
  204  198  190  141  128  120  113  108  102
    67.5-180.0 180.0   5.0 450.0                            LAT/LON1/LON2/DLON/H
  139  137  152  150  151  150  140  133  133  134  143  135  132  139  136  138
  144  146  130  123  121  130  139  137  145  151  153  149  155  161  166  176
  176  180  180  188  192  195  195  200  202  205  203  203  205  207  208  211
  210  211  210  205  206  207  205  209  213  218  219  221  220  218  215  213
  211  205  198  148  136  123  113  104   98
    65.0-180.0 180.0   5.0 450.0                            LAT/LON1/LON2/DLON/H
  109  127  144  144  148  144  143  137  135  124  128  134  135  136  142  135
  142  139  140  140  131  132  124  134  131  142  150  151  153  162  172  177
  179  186  186  191  195  197  202  204  207  208  212  206  208  210  209  209
  211  207  208  204  206  207  205  210  216  218  222  225  226  223  221  221
  219  214  207  197  147  135  121  106  100
    62.5-180.0 180.0   5.0 450.0                            LAT/LON1/LON2/DLON/H
  128  124  127  132  131  136  135  139  136  130  128  132  131  131  129  131
  131  141  142  135  130  134  142  143  148  149  157  159  157  163  169  164
  184  184  190  192  193  195  200  202  206  210  211  210  208  209  209  213
  207  208  210  205  207  205  206  209  216  220  224  229  229  227  228  226
  226  220  215  208  167  152  136  127  118
    60.0-180.0 180.0   5.0 450.0                            LAT/LON1/LON2/DLON/H
  139  127  114  115  106  102  115  137  137  133  144  134  132  126  128  129
  131  132  133  128  124  135  136  146  153  151  155  157  162  167  174  180
  185  189  192  194  200  198  202  206  210  214  212  213  214  211  214  208
  211  208  208  211  208  209  207  206  213  218  221  223  227  229  229  228
  228  222  218  217  188  173  162  150  140
    57.5-180.0 180.0   5.0 450.0                            LAT/LON1/LON2/DLON/H
  146  136  122  120  102  102   88  111  113  117  134  130  135  131  121  128
  130  137  137  138  140  146  151  144  141  145  151  158  166  167  177  183
  187  188  193  201  202  207  211  216  218  216  215  213  214  214  218  216
  221  215  217  221  215  211  210  205  205  210  216  220  224  226  226  226
  228  225  223  222  219  195  183  172  159
    55.0-180.0 180.0   5.0 450.0                            LAT/LON1/LON2/DLON/H
  153  136  123  125  115  109  106   92   93   88  107  111  123  129  133  132
  139  143  140  141  142  142  144  136  137  141  149  164  169  177  184  190
  195  196  196  200  202  210  216  220  219  217  217  214  217  223  224  230
  228  233  220  213  208  205  215  212  211  214  218  216  220  224  221  224
  226  228  225  225  222  214  200  186  171
    52.5-180.0 180.0   5.0 450.0                            LAT/LON1/LON2/DLON/H
  147  142  139  156  141  121  117  107   96  104   92  101  104  114  130  134
  132  145  139  141  139  140  142  141  143  154  154  164  172  190  190  197
  194  198  200  205  207  214  217  223  223  225  223  220  228  225  229  234
  229  235  218  213  210  209  219  222  222  225  227  231  237  236  220  223
  229  233  229  226  222  214  205  193  175
    50.0-180.0 180.0   5.0 450.0                            LAT/LON1/LON2/DLON/H
  152  148  170  173  153  136  136  115  110  110  100   98   94   90  101  104
  118  112  124  140  134  138  140  141  153  160  167  179  184  199  199  193
  201  202  204  214  217  223  228  229  232  231  232  235  236  233  232  230
  235  242  243  222  218  218  221  231  240  239  241  249  252  245  226  228
  234  238  226  223  218  213  205  195  175
    47.5-180.0 180.0   5.0 450.0                            LAT/LON1/LON2/DLON/H
  155  171  172  174  159  145  133  128  120  117  119  112  108  105   98  105
  106  110  117  119  136  136  141  147  161  168  174  179  193  204  209  198
  196  203  209  215  224  229  235  243  243  243  240  246  243  252  238  240
  233  233  236  229  225  223  230  231  237  245  251  254  259  242  227  235
  234  235  219  225  218  210  202  194  174
    45.0-180.0 180.0   5.0 450.0                            LAT/LON1/LON2/DLON/H
  155  154  173  173  163  152  141  146  155  136  143  136  129  117  115  111
  107  118  113  124  132  146  153  159  171  177  183  190  195  199  215  195
  203  207  214  221  230  239  245  252  257  258  259  258  260  249  253  245
  241  241  232  234  235  235  239  249  249  255  264  262  266  257  258  236
  247  238  229  216  205  200  198  192  179
    42.5-180.0 180.0   5.0 450.0                            LAT/LON1/LON2/DLON/H
  152  148  168  168  156  155  152  167  144  152  152  142  141  134  119  111
  114  113  123  130  142  156  159  171  174  189  194  202  207  214  220  204
  206  215  223  238  247  249  255  265  271  277  278  275  275  273  260  253
  256  264  256  255  257  265  275  270  260  266  270  265  272  254  270  252
  268  258  241  207  202  206  202  189  178
    40.0-180.0 180.0   5.0 450.0                            LAT/LON1/LON2/DLON/H
  150  146  146  160  151  167  161  166  163  167  154  163  156  135  117  105
  103  114  123  139  148  159  165  183  197  205  207  207  218  222  234  235
  240  242  244  254  253  268  274  283  280  282  282  289  289  292  287  279
  272  291  278  272  280  279  277  273  272  266  274  260  260  264  264  269
  271  260  261  231  210  197  191  177  167
    37.5-180.0 180.0   5.0 450.0                            LAT/LON1/LON2/DLON/H
  147  145  144  144  147  172  170  165  162  176  165  151  133  138  124  123
  119  110  124  132  150  153  174  189  200  212  216  224  219  225  233  240
  246  246  257  260  268  274  282  299  297  300  313  314  314  313  305  310
  302  298  304  282  281  282  281  278  284  286  293  286  296  293  291  279
  281  271  262  219  197  184  175  158  157
    35.0-180.0 180.0   5.0 450.0                            LAT/LON1/LON2/DLON/H
  147  146  143  143  141  175  174  170  166  170  164  156  147  136  133  123
  123  120  127  140  148  159  178  189  202  206  223  229  234  251  257  257
  261  269  269  281  287  300  301  309  319  330  327  335  326  334  338  335
  338  321  317  314  308  293  294  284  293  286  286  309  312  305  295  298
  276  264  252  213  178  180  170  157  158
    32.5-180.0 180.0   5.0 450.0                            LAT/LON1/LON2/DLON/H
  145  146  146  148  145  156  170  174  172  160  161  152  169  134  137  114
  114  111  119  136  148  153  182  191  202  214  222  239  250  244  246  280
  281  288  296  304  318  318  309  327  340  352  359  357  361  366  371  363
  369  369  358  345  327  319  330  329  333  342  327  327  322  305  299  293
  276  249  229  211  183  181  173  161  158
    30.0-180.0 180.0   5.0 450.0                            LAT/LON1/LON2/DLON/H
  142  145  157  155  157  158  163  167  163  156  179  161  151  125  121  120
  104  100  114  127  147  156  171  183  208  208  212  240  228  232  262  283
  292  308  310  315  343  354  360  353  366  371  376  374  382  380  383  377
  386  380  378  363  361  354  357  364  354  359  342  335  320  340  321  293
  272  250  218  205  197  188  181  171  163
    27.5-180.0 180.0   5.0 450.0                            LAT/LON1/LON2/DLON/H
  146  156  173  169  162  159  156  145  138  150  151  143  134  129  114  124
  109  102  108  122  144  158  181  171  193  200  196  213  231  240  247  286
  325  317  330  334  350  370  381  375  385  381  379  376  390  383  393  391
  387  392  411  401  421  426  453  469  419  417  409  392  360  340  321  300
  268  241  223  218  208  199  185  175  166
    25.0-180.0 180.0   5.0 450.0                            LAT/LON1/LON2/DLON/H
  173  181  179  184  183  166  158  146  138  131  142  144  141  128  124  115
  110  100  108  122  142  154  172  182  177  180  179  190  239  252  286  312
  298  330  343  352  360  367  401  396  386  387  381  376  386  376  398  404
  410  431  452  516  558  576  607  583  553  521  494  459  455  376  316  290
  256  228  213  228  228  204  200  200  176
    22.5-180.0 180.0   5.0 450.0                            LAT/LON1/LON2/DLON/H
  165  190  198  199  199  200  193  172  145  142  151  146  150  149  113  108
  107   93   94  112  142  161  174  184  184  180  180  190  236  261  294  308
  318  356  363  367  363  381  412  419  388  392  394  397  396  386  412  431
  443  463  507  573  634  683  684  656  579  659  583  564  520  426  421  330
  257  242  197  195  216  220  208  205  181
    20.0-180.0 180.0   5.0 450.0                            LAT/LON1/LON2/DLON/H
  156  153  186  209  211  200  189  178  155  157  161  160  164  147  118  110
  101   93   93  134  152  160  162  174  175  182  183  193  224  267  274  327
  330  331  393  393  389  394  419  427  401  410  420  414  420  420  434  461
  490  510  550  597  649  681  619  636  591  620  634  618  559  509  387  289
  247  223  205  202  192  194  184  199  176
    17.5-180.0 180.0   5.0 450.0                            LAT/LON1/LON2/DLON/H
  143  137  157  191  211  201  182  168  169  167  174  178  185  170  126  106
   99   92  109  140  143  157  168  179  175  183  190  203  220  251  272  306
  359  377  407  420  414  413  427  426  408  416  429  430  445  455  450  513
  531  538  571  608  609  617  575  568  570  561  573  561  490  427  371  326
  296  252  211  188  179  168  169  180  164
    15.0-180.0 180.0   5.0 450.0                            LAT/LON1/LON2/DLON/H
  141  126  139  141  157  183  181  179  177  175  180  187  189  177  148  105
   95   89  117  122  130  141  154  165  177  185  194  213  240  257  288  305
  373  394  410  423  428  426  429  425  429  425  425  428  442  455  470  524
  540  545  568  580  559  564  547  539  532  528  518  484  378  392  359  333
  291  291  241  232  187  178  179  177  156
    12.5-180.0 180.0   5.0 450.0                            LAT/LON1/LON2/DLON/H
  165  142  113  122  128  160  181  180  168  171  178  188  189  169  149  101
   93   86   98  100  111  122  150  159  173  187  206  236  260  280  301  333
  385  406  426  437  438  439  436  435  446  415  421  424  438  446  470  515
  515  510  526  537  542  539  495  498  503  490  458  392  373  351  292  312
  305  283  246  231  225  210  201  175  162
    10.0-180.0 180.0   5.0 450.0                            LAT/LON1/LON2/DLON/H
  183  146  120  129  125  150  157  152  148  172  184  180  169  156  144   96
   84  104   93   98   97  120  142  150  173  190  226  248  280  308  328  340
  389  417  440  450  454  452  453  457  458  427  426  422  433  445  466  488
  485  485  487  514  508  489  460  432  431  411  374  383  344  292  255  277
  294  267  249  227  251  241  224  192  195
     7.5-180.0 180.0   5.0 450.0                            LAT/LON1/LON2/DLON/H
  210  190  172  137  148  140  130  129  162  168  187  185  157  146  132  118
   80   95   92   90   91  107  136  162  174  204  230  260  291  323  350  363
  386  417  446  470  485  486  485  483  462  457  447  439  442  443  458  473
  470  479  496  500  458  449  445  429  415  404  372  333  293  261  242  240
  248  235  242  254  272  265  254  248  238
     5.0-180.0 180.0   5.0 450.0                            LAT/LON1/LON2/DLON/H
  239  226  213  161  150  135  131  131  176  188  193  188  146  137  125  114
   94   92   90   91   96  117  131  152  176  212  246  269  302  317  348  358
  376  409  432  471  509  521  524  513  480  477  482  474  469  495  490  474
  481  484  465  459  454  449  453  441  433  421  397  328  291  263  228  225
  247  238  292  280  275  277  284  281  275
     2.5-180.0 180.0   5.0 450.0                            LAT/LON1/LON2/DLON/H
  282  265  219  186  167  147  142  156  178  210  199  192  169  129  119  109
   92   87   87   85   88  105  128  152  191  214  251  281  299  305  334  354
  375  395  419  457  484  485  494  519  529  513  512  513  519  498  486  498
  507  495  484  480  462  492  458  456  441  433  430  386  285  259  220  245
  284  262  236  260  300  295  301  301  278
