IONEX/Новая папка/uhrg1680.22i
     1.0            IONOSPHERE MAPS     MIX                 IONEX VERSION / TYPE
tecrms2ionex_3.awk  gAGE/UPC            06/18/22 2206UT     PGM / RUN BY / DATE
Global ionosphere maps for day 168, 2022 (17- 6-2022)       DESCRIPTION
Contact address: Manuel Hernandez-Pajares                   DESCRIPTION
                 Res. group of Astronomy and Geomatics      DESCRIPTION
                 Technical Univ. of Catalonia (gAGE/UPC)    DESCRIPTION
                 Mod. C3 Campus Nord UPC                    DESCRIPTION
                 E08034-Barcelona, SPAIN                    DESCRIPTION
                 e-mail:  manuel@mat.upc.es                 DESCRIPTION
                                                            DESCRIPTION
  2022     6    17     0     0     0                        EPOCH OF FIRST MAP
  2022     6    18     0     0     0                        EPOCH OF LAST MAP
  3600                                                      INTERVAL
    25                                                      # OF MAPS IN FILE
  COSZ                                                      MAPPING FUNCTION
     0.0                                                    ELEVATION CUTOFF
   231                                                      # OF STATIONS
    38                                                      # OF SATELLITES
  6371.0                                                    BASE RADIUS
     2                                                      MAP DIMENSION
   450.0 450.0   0.0                                        HGT1 / HGT2 / DHGT
    87.5 -87.5  -2.5                                        LAT1 / LAT2 / DLAT
  -180.0 180.0   5.0                                        LON1 / LON2 / DLON
    -1                                                      EXPONENT
TEC values in  0.1 TECUs; 9999 if no value available        COMMENT
DCB values in nanoseconds, reference is Sum_of_SatDCBs = 0  COMMENT
                                                            END OF HEADER
[from data line 7722]
    19                                                      START OF TEC MAP
  2022     6    17    18     0     0                        EPOCH OF CURRENT MAP
    87.5-180.0 180.0   5.0 450.0                            LAT/LON1/LON2/DLON/H
  185  184  183  181  180  184  189  189  189  187  186  185  185  184  184  183
  181  182  181  182  183  192  184  184  182  182  171  166  160  162  167  161
  168  167  176  181  184  181  179  181  184  181  183  181  172  172  175  175
  170  170  182  185  190  191  191  194  194  188  185  182  179  180  182  184
  187  189  191  193  193  188  187  188  187
    85.0-180.0 180.0   5.0 450.0                            LAT/LON1/LON2/DLON/H
  185  186  184  190  195  194  193  195  197  191  184  179  182  183  184  182
  182  179  178  183  195  192  183  182  178  175  168  162  154  158  160  155
  158  158  159  170  171  169  170  176  175  178  176  172  166  166  167  167
  163  162  174  179  181  185  185  188  190  190  182  181  178  180  181  183
  186  191  194  190  188  187  187  185  186
    82.5-180.0 180.0   5.0 450.0                            LAT/LON1/LON2/DLON/H
  186  185  184  193  195  195  197  199  192  188  185  189  191  192  198  199
  183  183  183  191  200  195  179  172  167  165  163  167  170  164  165  166
  159  155  155  155  159  160  164  170  169  171  169  163  163  162  164  162
  159  158  166  172  175  177  178  183  185  184  179  180  180  180  183  185
  189  189  187  189  188  188  188  186  184
    80.0-180.0 180.0   5.0 450.0                            LAT/LON1/LON2/DLON/H
  183  183  184  194  196  198  197  183  180  181  180  185  187  189  183  192
  185  181  178  184  182  168  166  162  175  172  162  166  164  165  165  161
  160  159  152  150  159  165  167  162  153  158  160  161  157  156  155  155
  156  156  157  162  165  166  170  173  177  179  177  177  178  178  182  187
  189  186  187  192  190  188  190  187  182
    77.5-180.0 180.0   5.0 450.0                            LAT/LON1/LON2/DLON/H
  182  181  182  187  185  189  189  170  170  173  176  180  180  175  178  180
  187  185  179  178  188  179  179  178  163  155  166  156  163  174  167  164
  164  161  158  155  156  154  162  159  154  153  154  153  148  151  151  152
  150  152  159  160  161  163  165  169  171  173  173  173  172  172  180  184
  187  184  184  190  190  189  186  186  182
    75.0-180.0 180.0   5.0 450.0                            LAT/LON1/LON2/DLON/H
  183  181  181  180  180  180  183  179  185  175  179  181  175  183  181  170
  163  184  172  183  167  164  178  183  185  174  168  157  168  170  166  162
  162  159  153  154  148  154  154  150  153  152  152  145  142  144  148  150
  144  150  159  159  157  154  158  164  166  167  167  166  164  157  165  180
  184  179  190  188  188  189  190  186  187
    72.5-180.0 180.0   5.0 450.0                            LAT/LON1/LON2/DLON/H
  190  189  188  189  182  184  187  188  189  186  183  180  178  177  177  189
  180  155  173  190  184  185  171  166  183  178  179  160  168  168  165  161
  161  158  154  151  151  149  148  149  156  152  149  145  142  144  144  146
  147  153  154  156  150  143  143  146  160  158  156  157  156  147  158  168
  183  178  188  190  191  194  196  193  197
    70.0-180.0 180.0   5.0 450.0                            LAT/LON1/LON2/DLON/H
  199  202  204  200  189  190  191  186  184  181  182  181  179  180  184  187
  171  170  188  196  184  196  187  177  176  175  178  175  173  167  167  168
  170  166  159  157  156  159  158  160  156  157  155  151  148  147  145  145
  145  146  153  147  141  134  134  137  155  149  147  145  134  136  143  157
  180  178  187  191  196  203  202  203  205
    67.5-180.0 180.0   5.0 450.0                            LAT/LON1/LON2/DLON/H
  209  216  221  212  207  204  193  186  184  176  180  182  187  179  183  181
  188  180  187  185  197  209  197  184  184  178  180  172  179  171  168  164
  170  173  164  162  160  161  159  161  167  170  169  165  150  156  157  159
  154  150  145  140  136  135  135  134  144  139  136  126  127  131  143  145
  161  177  181  185  193  202  204  209  211
    65.0-180.0 180.0   5.0 450.0                            LAT/LON1/LON2/DLON/H
  216  221  221  221  206  197  197  193  182  178  180  174  179  179  176  182
  191  187  187  192  198  195  191  190  183  185  182  180  178  178  173  171
  172  173  168  164  168  166  158  168  176  172  169  166  166  162  159  157
  158  151  144  142  139  138  138  132  138  132  123  121  123  127  135  138
  143  168  176  181  189  196  204  208  214
    62.5-180.0 180.0   5.0 450.0                            LAT/LON1/LON2/DLON/H
  219  224  226  227  233  224  203  194  195  187  185  176  177  180  178  178
  183  180  182  183  188  186  187  190  190  186  189  186  188  184  184  182
  179  177  174  170  164  162  163  167  165  166  164  166  168  163  167  160
  157  154  152  147  145  142  142  133  133  125  123  123  124  128  129  131
  134  161  168  173  184  189  197  204  212
    60.0-180.0 180.0   5.0 450.0                            LAT/LON1/LON2/DLON/H
  226  230  219  225  222  220  211  204  199  195  194  190  183  184  182  181
  180  178  176  177  177  176  175  174  180  181  183  191  192  184  186  184
  178  178  173  170  169  165  167  167  166  169  161  161  164  169  182  177
  170  160  157  151  149  146  149  134  135  129  125  128  129  126  124  125
  128  151  161  165  174  184  192  198  205
    57.5-180.0 180.0   5.0 450.0                            LAT/LON1/LON2/DLON/H
  235  234  230  230  225  218  212  213  201  202  199  194  185  183  181  182
  179  175  172  176  180  181  180  186  183  185  189  187  190  193  191  186
  184  180  175  175  172  174  175  175  175  168  166  163  166  184  181  180
  164  162  161  159  156  149  150  135  132  133  126  120  125  123  120  121
  126  145  155  162  170  183  191  199  208
    55.0-180.0 180.0   5.0 450.0                            LAT/LON1/LON2/DLON/H
  244  241  238  232  219  215  213  213  196  198  199  194  187  185  184  184
  180  177  173  173  173  177  180  182  179  184  184  195  195  195  194  182
  196  175  177  179  180  180  182  183  171  174  167  169  173  179  180  180
  180  182  173  163  156  154  144  134  132  131  127  123  121  121  119  122
  146  147  152  162  168  177  191  200  207
    52.5-180.0 180.0   5.0 450.0                            LAT/LON1/LON2/DLON/H
  242  244  243  235  231  229  224  216  197  205  199  196  191  187  185  183
  182  174  174  171  177  178  174  180  184  188  190  195  196  199  197  192
  202  193  184  187  189  193  193  191  184  180  182  174  161  175  171  175
  176  174  176  166  157  142  150  134  135  132  136  128  121  121  118  128
  149  151  156  161  168  173  188  200  209
    50.0-180.0 180.0   5.0 450.0                            LAT/LON1/LON2/DLON/H
  241  248  250  244  239  239  235  229  214  213  208  204  203  194  190  183
  181  178  179  180  178  178  181  186  191  191  194  201  200  205  203  191
  192  196  198  196  200  203  202  197  200  195  196  178  181  182  185  176
  164  173  157  149  151  140  143  137  162  148  148  144  142  126  124  148
  156  156  158  157  161  172  184  196  207
    47.5-180.0 180.0   5.0 450.0                            LAT/LON1/LON2/DLON/H
  240  249  253  245  243  243  225  224  228  221  217  215  206  195  191  186
  184  178  179  179  181  187  188  189  193  197  202  207  209  214  214  203
  203  204  207  208  209  212  211  208  209  207  194  189  181  186  190  177
  159  173  165  170  153  140  140  160  166  168  162  151  143  135  140  154
  157  153  149  151  156  168  182  195  201
    45.0-180.0 180.0   5.0 450.0                            LAT/LON1/LON2/DLON/H
  240  249  257  251  241  234  234  232  255  243  233  225  204  199  199  187
  184  188  180  182  185  191  198  199  205  212  213  216  214  211  218  221
  220  213  222  217  222  221  215  221  212  214  208  198  198  197  190  170
  157  165  168  167  156  154  149  156  156  169  162  172  157  141  148  149
  150  147  145  152  162  170  176  185  200
    42.5-180.0 180.0   5.0 450.0                            LAT/LON1/LON2/DLON/H
  239  255  256  253  254  248  247  249  254  258  246  231  215  210  196  195
  194  193  188  193  197  204  207  211  214  220  222  223  222  221  224  229
  234  238  230  232  234  234  229  227  221  213  209  213  192  177  183  178
  176  168  167  162  160  171  174  169  170  162  162  160  173  167  169  180
  172  164  163  157  163  165  167  179  197
    40.0-180.0 180.0   5.0 450.0                            LAT/LON1/LON2/DLON/H
  239  255  257  262  271  275  272  275  264  262  256  234  237  221  211  203
  196  196  198  195  199  206  210  224  225  229  231  245  244  235  249  252
  252  244  249  247  248  247  239  239  238  234  218  209  194  178  184  196
  182  184  179  176  175  177  173  173  167  178  173  151  149  153  166  161
  166  169  154  151  155  157  162  177  195
    37.5-180.0 180.0   5.0 450.0                            LAT/LON1/LON2/DLON/H
  241  265  271  276  307  315  313  298  290  271  263  246  242  225  222  220
  206  205  205  201  204  213  215  224  242  246  243  258  269  278  277  282
  280  269  261  256  256  256  257  252  251  245  235  227  219  207  209  207
  213  199  188  180  179  139  175  156  143  164  180  175  176  178  170  169
  172  172  175  162  153  153  154  178  199
    35.0-180.0 180.0   5.0 450.0                            LAT/LON1/LON2/DLON/H
  249  271  280  290  320  350  349  324  305  292  269  258  256  254  237  234
  230  219  221  214  214  225  228  236  266  278  278  285  285  286  308  324
  314  297  283  279  271  275  270  269  270  261  250  241  226  216  203  204
  211  198  164  165  170  178  178  143  146  167  180  195  194  179  188  184
  167  185  184  163  145  127  145  174  205
    32.5-180.0 180.0   5.0 450.0                            LAT/LON1/LON2/DLON/H
  245  272  291  307  333  356  355  344  338  323  309  288  273  279  267  257
  243  241  238  232  228  233  240  256  283  303  316  329  323  301  302  322
  328  311  311  304  294  286  285  285  286  276  262  253  234  212  210  210
  202  198  175  153  159  171  161  145  163  214  206  205  197  190  183  168
  153  182  172  149  128  131  152  182  212
    30.0-180.0 180.0   5.0 450.0                            LAT/LON1/LON2/DLON/H
  234  259  286  307  329  347  343  350  333  369  373  355  314  310  299  296
  274  272  256  241  248  247  257  281  310  329  358  362  346  313  332  367
  348  362  352  319  313  313  309  309  305  285  270  251  240  220  221  204
  196  173  166  167  159  147  155  153  187  218  213  211  214  187  175  166
  164  164  165  152  144  153  171  191  213
    27.5-180.0 180.0   5.0 450.0                            LAT/LON1/LON2/DLON/H
  228  244  270  292  322  327  318  319  319  348  396  394  375  358  336  328
  319  306  287  275  265  271  279  345  347  351  373  369  358  354  368  380
  392  395  404  361  329  351  326  326  315  300  274  256  239  225  229  208
  200  186  184  183  165  158  155  156  202  206  185  192  208  192  178  187
  170  175  167  165  163  166  183  196  212
    25.0-180.0 180.0   5.0 450.0                            LAT/LON1/LON2/DLON/H
  214  235  256  278  296  308  318  312  317  346  421  445  416  406  394  392
  366  354  318  302  318  294  307  330  347  361  378  391  389  399  418  424
  422  439  439  442  402  356  346  336  327  293  277  251  235  234  231  207
  206  196  188  185  179  173  157  157  193  218  202  185  181  181  161  161
  170  174  171  167  171  171  180  189  197
    22.5-180.0 180.0   5.0 450.0                            LAT/LON1/LON2/DLON/H
  204  230  254  271  288  301  312  318  325  351  443  471  469  465  452  461
  429  410  408  336  327  330  342  340  341  364  360  390  431  457  477  479
  469  523  542  539  496  437  405  365  332  290  264  237  218  214  207  195
  188  187  186  180  168  150  154  168  186  183  195  172  168  169  143  131
  128  133  133  149  142  144  162  163  184
    20.0-180.0 180.0   5.0 450.0                            LAT/LON1/LON2/DLON/H
  192  222  251  267  291  305  310  314  326  348  435  490  494  503  504  502
  536  518  468  458  377  379  379  362  367  367  362  379  497  553  545  543
  565  599  627  634  599  571  516  435  356  303  260  224  208  193  185  168
  153  148  150  147  146  132  137  170  174  200  171  188  156  176  103  108
  109   92   86   95  100  116  130  146  171
    17.5-180.0 180.0   5.0 450.0                            LAT/LON1/LON2/DLON/H
  171  199  235  261  271  288  303  309  324  348  421  482  504  511  510  527
  605  585  468  449  441  400  405  399  400  402  386  427  535  617  598  603
  619  607  617  604  542  516  440  439  384  346  283  195  200  190  177  143
  131  133  131  129  145  133  150  177  169  185  170  189  172  135  120   94
   91  101  101   97   82   94  103  125  152
    15.0-180.0 180.0   5.0 450.0                            LAT/LON1/LON2/DLON/H
  140  175  210  224  239  260  292  311  331  351  408  466  494  511  513  538
  625  539  450  470  449  426  424  411  415  407  413  480  556  593  587  594
  585  556  529  483  477  435  391  380  377  342  235  184  169  199  186  157
  137  135  138  118  118  143  156  172  186  176  162  163  151  151  149   98
   83  103   99   88   77   76   87  106  130
    12.5-180.0 180.0   5.0 450.0                            LAT/LON1/LON2/DLON/H
  124  160  189  204  225  260  296  317  334  350  396  467  485  504  514  534
  530  503  464  453  429  420  427  424  422  406  448  481  491  538  537  529
  525  498  442  433  432  391  362  339  356  327  237  197  202  221  206  175
  150  143  150  165  162  156  173  167  173  168  157  132  129  116  108   84
   74   71   90   89   71   85   85  100  125
    10.0-180.0 180.0   5.0 450.0                            LAT/LON1/LON2/DLON/H
  125  156  177  196  228  279  303  317  334  352  392  433  481  501  505  582
  497  493  472  440  448  450  430  434  444  451  457  483  503  511  505  492
  476  447  427  419  427  388  365  342  319  304  257  241  252  254  221  188
  161  155  154  161  136  144  163  154  147  136  122  122  107  105   97   75
   69   62   79   90   88  102   97  109  121
     7.5-180.0 180.0   5.0 450.0                            LAT/LON1/LON2/DLON/H
  130  156  174  206  237  280  304  317  340  355  389  417  476  494  496  567
  471  475  469  460  443  441  460  465  476  492  506  510  516  511  501  503
  445  444  456  440  421  399  379  351  330  308  303  291  291  270  224  182
  154  144  148  165  143  147  155  137  131  120  111  104  120  101   89   80
   69   82  101   99  110  105  103  120  144
     5.0-180.0 180.0   5.0 450.0                            LAT/LON1/LON2/DLON/H
  153  170  182  215  245  279  297  316  333  365  373  412  462  490  491  461
  457  471  482  466  469  474  499  495  508  533  537  538  533  515  516  533
  503  498  523  515  490  440  427  395  346  326  307  293  284  259  203  163
  126  111  121  119  154  150  145  127  117  114  105  109  116  110  115   76
   63   66   65   70  109  112  122  139  159
     2.5-180.0 180.0   5.0 450.0                            LAT/LON1/LON2/DLON/H
  119  141  182  221  255  287  304  316  333  376  378  398  459  471  487  439
  446  471  487  492  497  465  483  465  487  526  525  525  531  548  566  581
  500  550  576  549  483  460  434  419  397  337  297  299  250  211  186  127
  101   88   91   95   97  112  126  127  121  120  105  110  108  112  113   70
   63   74   67   74  104  108  110  113  152
