IONEX/Новая папка/uhrg1680.22i
     1.0            IONOSPHERE MAPS     MIX                 IONEX VERSION / TYPE
tecrms2ionex_3.awk  gAGE/UPC            06/18/22 2206UT     PGM / RUN BY / DATE
Global ionosphere maps for day 168, 2022 (17- 6-2022)       DESCRIPTION
Contact address: Manuel Hernandez-Pajares                   DESCRIPTION
                 Res. group of Astronomy and Geomatics      DESCRIPTION
                 Technical Univ. of Catalonia (gAGE/UPC)    DESCRIPTION
                 Mod. C3 Campus Nord UPC                    DESCRIPTION
                 E08034-Barcelona, SPAIN                    DESCRIPTION
                 e-mail:  manuel@mat.upc.es                 DESCRIPTION
                                                            DESCRIPTION
  2022     6    17     0     0     0                        EPOCH OF FIRST MAP
  2022     6    18     0     0     0                        EPOCH OF LAST MAP
  3600                                                      INTERVAL
    25                                                      # OF MAPS IN FILE
  COSZ                                                      MAPPING FUNCTION
     0.0                                                    ELEVATION CUTOFF
   231                                                      # OF STATIONS
    38                                                      # OF SATELLITES
  6371.0                                                    BASE RADIUS
     2                                                      MAP DIMENSION
   450.0 450.0   0.0                                        HGT1 / HGT2 / DHGT
    87.5 -87.5  -2.5                                        LAT1 / LAT2 / DLAT
  -180.0 180.0   5.0                                        LON1 / LON2 / DLON
    -1                                                      EXPONENT
TEC values in  0.1 TECUs; 9999 if no value available        COMMENT
DCB values in nanoseconds, reference is Sum_of_SatDCBs = 0  COMMENT
                                                            END OF HEADER
[from data line 1716]
     5                                                      START OF TEC MAP
  2022     6    17     4     0     0                        EPOCH OF CURRENT MAP
    87.5-180.0 180.0   5.0 450.0                            LAT/LON1/LON2/DLON/H
  151  149  142  142  139  140  145  153  150  145  144  147  149  156  166  155
  134  130  131  130  132  142  152  146  148  154  155  161  162  164  154  150
  147  147  159  156  164  158  145  155  141  142  138  139  143  138  138  145
  146  148  150  158  161  158  153  154  160  163  170  172  174  178  182  180
  179  176  174  173  169  147  144  141  141
    85.0-180.0 180.0   5.0 450.0                            LAT/LON1/LON2/DLON/H
  151  145  135  136  134  137  143  150  146  144  144  145  150  155  165  163
  162  151  152  145  154  153  150  167  157  150  163  162  165  159  153  144
  140  146  149  160  149  141  154  142  142  142  135  133  141  125  125  138
  137  144  155  158  151  145  150  155  157  162  169  170  173  176  177  177
  175  174  172  169  147  145  142  141  140
    82.5-180.0 180.0   5.0 450.0                            LAT/LON1/LON2/DLON/H
  162  159  150  152  151  154  159  165  158  155  154  155  156  157  157  166
  167  169  161  151  164  160  162  161  159  154  151  150  154  143  148  143
  151  146  152  152  144  137  137  147  158  150  142  145  141  129  119  121
  123  131  142  138  139  142  145  147  150  156  162  165  166  169  174  175
  176  178  178  176  155  155  155  152  150
    80.0-180.0 180.0   5.0 450.0                            LAT/LON1/LON2/DLON/H
  194  176  168  161  157  159  163  157  153  153  153  154  160  171  157  155
  147  148  160  161  168  169  162  161  154  154  150  161  157  150  147  150
  142  154  149  149  137  134  127  132  132  133  125  132  131  119  115  116
  121  126  132  131  137  142  144  151  152  155  162  161  166  170  173  176
  180  183  183  185  170  172  168  169  168
    77.5-180.0 180.0   5.0 450.0                            LAT/LON1/LON2/DLON/H
  209  203  178  170  163  161  163  158  159  157  168  173  162  159  154  153
  158  162  161  162  168  158  144  149  159  145  145  147  140  137  147  149
  138  134  133  139  132  120  124  120  118  127  135  122  119  117  115  114
  120  128  129  130  135  151  157  160  163  166  172  164  169  172  177  181
  184  189  190  192  183  183  187  186  182
    75.0-180.0 180.0   5.0 450.0                            LAT/LON1/LON2/DLON/H
  227  214  201  184  171  161  164  162  166  156  162  165  165  160  160  149
  144  152  159  162  163  156  145  146  139  143  145  130  120  123  129  132
  130  124  118  114  120  111  112  111  114  119  123  119  119  123  125  124
  124  130  133  136  146  158  168  173  175  178  177  169  172  174  180  184
  187  191  192  183  189  195  199  197  197
    72.5-180.0 180.0   5.0 450.0                            LAT/LON1/LON2/DLON/H
  247  240  217  206  181  171  166  162  148  149  155  159  154  158  149  135
  143  149  163  150  152  159  146  133  131  135  133  122  119  121  123  131
  128  110  101  123  103  111  120  117  121  121  122  120  122  128  133  137
  134  135  146  153  160  171  183  187  188  185  182  170  174  176  182  184
  187  190  195  182  188  195  198  202  203
    70.0-180.0 180.0   5.0 450.0                            LAT/LON1/LON2/DLON/H
  263  261  248  226  209  188  174  164  171  150  148  151  145  158  158  146
  163  150  141  144  139  142  135  126  130  127  112  107  104  111  102  102
  102  101  102  105  107  118  129  134  126  140  120  123  128  139  155  162
  152  155  162  168  177  188  190  195  195  191  161  162  163  165  168  170
  177  180  184  182  182  186  191  193  197
    67.5-180.0 180.0   5.0 450.0                            LAT/LON1/LON2/DLON/H
  252  249  248  236  229  206  187  172  173  157  151  146  144  158  157  152
  148  146  140  143  137  127  124  118  123  109  106  100   96  100   95  106
  104  105  109  112  118  126  134  139  134  134  138  141  142  143  171  170
  165  169  175  182  187  192  193  196  196  194  161  163  164  166  168  171
  176  179  182  179  178  179  180  180  187
    65.0-180.0 180.0   5.0 450.0                            LAT/LON1/LON2/DLON/H
  223  224  217  225  237  229  197  183  174  169  155  148  141  148  148  138
  137  148  139  130  122  111  109  106  107  107  101   93   99   98  100  108
  106  109  120  133  135  135  145  147  147  153  145  148  157  156  163  163
  169  174  177  184  190  193  193  197  194  190  159  162  164  166  168  173
  178  180  181  180  176  176  175  175  182
    62.5-180.0 180.0   5.0 450.0                            LAT/LON1/LON2/DLON/H
  206  207  209  208  208  230  239  216  196  182  153  154  147  145  132  135
  133  134  125  131  120  117  120  113  117  110   99   94   92  104  114  106
  115  122  124  136  141  148  155  158  155  157  160  163  166  169  173  174
  174  174  181  188  190  194  196  194  189  186  156  160  162  166  170  173
  178  179  181  179  176  176  175  177  183
    60.0-180.0 180.0   5.0 450.0                            LAT/LON1/LON2/DLON/H
  203  202  204  213  218  225  234  231  220  194  172  164  157  154  137  136
  132  131  122  122  123  115  103  111  117  108  111  113  111  104  111  118
  123  119  120  132  142  152  148  159  160  163  165  168  171  173  180  180
  186  180  183  185  190  200  197  195  189  180  154  159  163  168  172  175
  180  180  180  149  172  176  177  181  187
    57.5-180.0 180.0   5.0 450.0                            LAT/LON1/LON2/DLON/H
  205  206  206  209  223  228  224  236  226  225  199  177  158  152  143  142
  131  134  123  123  114  109  119  118  107  104  109  111  110  113  114  117
  122  114  127  135  144  154  162  160  160  164  160  168  174  177  179  183
  189  196  200  197  205  207  202  200  194  175  158  162  167  171  176  186
  181  181  180  151  170  178  184  187  193
    55.0-180.0 180.0   5.0 450.0                            LAT/LON1/LON2/DLON/H
  212  213  217  227  221  217  214  226  240  225  230  212  181  157  127  127
  134  126  130  128  125  126  125  117  118  102  118  130  114  116  117  106
  107  113  128  133  143  153  155  153  159  157  162  165  170  172  177  179
  195  208  226  214  198  197  205  204  200  167  184  180  166  169  188  197
  192  190  186  156  162  177  194  199  199
    52.5-180.0 180.0   5.0 450.0                            LAT/LON1/LON2/DLON/H
  221  222  225  228  224  217  212  224  237  244  248  241  226  199  177  162
  136  119  115  120  110  117  110  113  120  115  122  127  115  119  116  103
  112  107  123  129  140  152  155  155  157  163  165  168  171  176  181  205
  210  201  205  203  198  200  200  200  197  202  185  171  170  168  169  190
  198  193  174  165  171  182  191  197  207
    50.0-180.0 180.0   5.0 450.0                            LAT/LON1/LON2/DLON/H
  224  226  231  236  232  233  210  214  237  249  254  248  239  221  207  188
  178  160  150  139  134  145  147  140  137  131  128  131  128  125  129  113
  110  106  116  132  138  146  151  157  156  163  168  174  181  177  190  192
  218  208  219  208  206  204  196  212  213  204  212  196  195  189  176  189
  201  185  184  176  179  182  192  198  199
    47.5-180.0 180.0   5.0 450.0                            LAT/LON1/LON2/DLON/H
  228  228  237  242  243  250  217  216  225  237  249  258  255  238  226  214
  203  192  181  173  169  170  183  172  179  168  161  163  135  131  122  121
  119  111  117  125  134  145  153  163  157  163  170  175  181  177  190  213
  208  215  221  218  216  214  223  217  214  214  223  226  217  190  182  190
  196  192  191  186  187  188  195  197  198
    45.0-180.0 180.0   5.0 450.0                            LAT/LON1/LON2/DLON/H
  234  235  239  245  248  250  221  228  226  237  254  256  259  244  239  234
  221  205  192  191  193  198  191  188  192  190  166  155  146  141  139  152
  130  118  114  123  131  147  157  166  158  165  173  182  188  198  204  211
  214  222  231  229  226  222  220  222  234  239  235  237  229  189  193  200
  199  201  196  198  198  199  204  203  202
    42.5-180.0 180.0   5.0 450.0                            LAT/LON1/LON2/DLON/H
  238  235  238  237  251  241  236  243  240  242  257  261  250  254  249  243
  223  214  204  200  198  206  208  205  210  205  192  172  155  152  152  149
  136  126  122  130  146  147  153  161  161  166  176  184  193  206  211  228
  232  239  248  245  242  244  245  249  252  256  245  241  224  194  204  209
  207  207  212  207  211  210  211  209  207
    40.0-180.0 180.0   5.0 450.0                            LAT/LON1/LON2/DLON/H
  241  233  223  224  219  249  243  245  244  251  255  263  252  241  247  237
  227  217  209  198  199  199  215  220  229  223  210  178  177  167  155  153
  149  140  137  136  144  148  155  156  161  171  181  193  206  208  219  228
  256  256  265  271  265  258  257  256  259  260  232  239  222  196  201  214
  217  219  221  247  225  218  223  221  217
    37.5-180.0 180.0   5.0 450.0                            LAT/LON1/LON2/DLON/H
  233  225  220  210  210  257  252  254  249  254  251  252  242  240  240  228
  227  223  206  210  212  202  195  221  224  222  214  183  186  191  174  164
  165  154  145  135  141  148  158  165  165  175  189  198  226  224  232  237
  271  281  288  293  272  274  276  268  269  266  213  206  218  221  225  225
  233  238  248  252  236  234  240  236  233
    35.0-180.0 180.0   5.0 450.0                            LAT/LON1/LON2/DLON/H
  258  245  231  214  224  264  254  255  262  263  259  254  251  242  248  246
  221  221  212  208  224  225  201  196  209  216  250  231  223  210  213  196
  160  154  152  147  147  152  162  166  160  173  185  210  221  230  244  245
  278  288  286  289  285  292  295  291  268  256  215  222  247  236  238  252
  254  267  288  293  283  265  265  263  255
    32.5-180.0 180.0   5.0 450.0                            LAT/LON1/LON2/DLON/H
  296  285  267  247  268  282  272  263  271  275  272  275  269  256  255  240
  225  215  211  221  237  245  237  198  208  218  247  244  244  225  201  204
  171  168  165  153  147  155  170  172  170  182  195  209  228  236  244  256
  275  276  280  283  270  286  295  290  266  249  251  260  260  248  243  253
  261  287  308  307  304  293  293  295  292
    30.0-180.0 180.0   5.0 450.0                            LAT/LON1/LON2/DLON/H
  342  333  319  293  313  311  301  274  272  286  284  290  299  266  238  234
  234  227  208  221  261  247  255  218  220  224  227  227  231  232  211  192
  174  168  167  176  161  154  168  176  184  198  214  211  226  239  252  263
  260  260  272  266  268  277  284  293  288  275  281  261  243  235  249  261
  288  324  344  325  331  326  325  333  335
    27.5-180.0 180.0   5.0 450.0                            LAT/LON1/LON2/DLON/H
  386  396  368  348  315  335  328  299  296  304  293  287  283  281  250  238
  209  218  212  216  236  253  279  261  266  244  218  236  232  213  193  175
  157  145  151  163  166  164  163  183  188  206  215  218  228  237  248  250
  253  257  268  276  273  280  305  320  305  299  315  276  265  252  269  319
  327  353  361  365  371  356  346  352  367
    25.0-180.0 180.0   5.0 450.0                            LAT/LON1/LON2/DLON/H
  425  450  434  423  382  359  349  334  329  332  310  299  291  280  255  223
  210  222  222  224  231  272  307  272  271  255  231  235  229  166  143  125
  136  111  126  172  157  165  175  185  182  194  205  215  215  225  236  242
  245  256  260  271  273  284  301  314  312  306  293  284  294  290  307  350
  344  380  398  398  399  386  366  364  392
    22.5-180.0 180.0   5.0 450.0                            LAT/LON1/LON2/DLON/H
  447  483  486  480  461  432  408  386  368  351  345  325  307  279  254  231
  212  226  223  246  266  263  267  252  251  255  233  222  195  128  109   97
   78   83  101  117  177  130  142  160  165  170  185  191  196  212  225  236
  237  252  259  256  262  283  308  330  345  347  347  350  318  328  318  348
  387  415  411  415  433  423  405  395  411
    20.0-180.0 180.0   5.0 450.0                            LAT/LON1/LON2/DLON/H
  485  523  542  515  500  481  439  415  392  368  359  340  322  290  263  245
  237  226  228  267  293  271  263  250  243  226  220  188  171  110   93   81
   60   62   81   79  139  140  118  135  155  151  155  161  184  203  219  228
  234  248  251  288  294  307  334  341  364  381  375  338  365  355  343  384
  402  397  424  434  439  436  424  424  454
    17.5-180.0 180.0   5.0 450.0                            LAT/LON1/LON2/DLON/H
  525  570  578  567  509  478  460  443  407  387  370  355  331  309  288  272
  253  245  266  292  296  284  266  247  244  217  202  155  120   86   63   56
   46   70   67   61   72  102   87   97  129  138  130  147  172  199  215  221
  226  245  267  302  314  336  340  351  366  389  391  377  350  378  406  404
  414  402  421  446  427  434  445  452  490
    15.0-180.0 180.0   5.0 450.0                            LAT/LON1/LON2/DLON/H
  535  567  589  569  544  507  481  461  425  395  380  369  343  320  296  280
  254  244  276  288  304  283  256  225  208  182  139   98   71   56   37   38
   40   48   62   62   61   67   66   69   82  101  107  126  154  178  212  220
  229  243  309  317  353  382  370  365  389  389  378  391  400  400  411  421
  422  422  415  419  432  431  446  461  481
    12.5-180.0 180.0   5.0 450.0                            LAT/LON1/LON2/DLON/H
  510  546  570  568  570  546  510  471  438  402  384  368  345  323  294  279
  251  237  277  281  278  263  205  184  171  121   94   64   41   36   24   23
   25   36   57   59   54   53   47   54   70   63   84  106  134  185  214  232
  242  266  323  322  364  385  370  382  395  388  389  393  397  404  433  424
  423  429  438  450  430  424  431  441  463
    10.0-180.0 180.0   5.0 450.0                            LAT/LON1/LON2/DLON/H
  467  511  542  543  558  539  518  485  442  400  383  362  341  320  288  271
  242  266  266  270  251  223  212  181  126   89   61   52   37   23   14   15
   26   38   49   51   50   47   50   56   67   49   74  115  146  183  212  240
  261  292  326  358  380  383  376  375  380  370  377  383  378  389  401  404
  427  424  429  441  448  422  420  431  444
     7.5-180.0 180.0   5.0 450.0                            LAT/LON1/LON2/DLON/H
  435  477  488  512  522  513  499  471  430  390  362  354  333  311  284  260
  239  258  255  245  227  196  164  128   97   59   56   42   29   22   16   18
   27   43   43   46   50   54   57   62   61   57   92  138  155  193  224  242
  260  283  323  368  386  410  427  365  359  374  390  390  402  384  385  384
  388  407  430  433  446  442  429  416  417
     5.0-180.0 180.0   5.0 450.0                            LAT/LON1/LON2/DLON/H
  421  438  451  459  459  461  456  425  386  358  327  319  298  295  273  246
  253  243  234  215  186  152  117   99   68   48   44   43   29   26   27   28
   38   42   40   47   62   59   62   57   53   65   89   99  141  184  216  240
  263  298  322  352  399  424  447  368  400  388  422  394  400  402  392  386
  390  417  437  439  443  457  435  428  439
     2.5-180.0 180.0   5.0 450.0                            LAT/LON1/LON2/DLON/H
  461  455  442  435  420  406  405  362  332  307  298  304  283  304  279  238
  236  220  199  174  140  115  105   67   84   51   41   36   31   39   46   47
   44   38   38   56   64   56   57   58   70   74   77  116  160  169  202  231
  265  291  326  363  382  408  485  442  463  473  429  425  386  439  413  396
  403  447  424  421  456  456  446  420  467
