IONEX/c1pg1680.22i
     1.0            IONOSPHERE MAPS     GNSS                IONEX VERSION / TYPE
IONINX V5.5         AIUB                17-JUN-22 08:46     PGM / RUN BY / DATE 
CODE'S 1-DAY PREDICTED IONOSPHERE MAPS FOR DAY 168, 2022    COMMENT             
Global ionosphere maps (GIM) are generated on a daily basis DESCRIPTION         
at CODE using data from about 120 GNSS sites of the IGS and DESCRIPTION         
other institutions. The vertical total electron content     DESCRIPTION         
(VTEC) is modeled in a solar-geomagnetic reference frame    DESCRIPTION         
using a spherical harmonics expansion up to degree and      DESCRIPTION         
order 15. Piece-wise linear functions are used for          DESCRIPTION         
representation in the time domain. The time spacing of      DESCRIPTION         
their vertices is 1 hour, conforming with the epochs of the DESCRIPTION         
VTEC maps.                                                  DESCRIPTION         
To convert line-of-sight TEC into vertical TEC, a modified  DESCRIPTION         
single-layer model mapping function approximating the JPL   DESCRIPTION         
extended slab model mapping function is adopted. The        DESCRIPTION         
mapping function is evaluated at geodetic satellite         DESCRIPTION         
elevation angles. For the computation of the ionospheric    DESCRIPTION         
pierce points, a spherical layer with a radius of 6821 km   DESCRIPTION         
is assumed, implying geocentric, not geodetic IONEX         DESCRIPTION         
latitudes.                                                  DESCRIPTION         
Instrumental biases with respect to each involved GNSS code DESCRIPTION         
observable are estimated as constant values for each        DESCRIPTION         
day. They are modeled with one set of bias parameters for   DESCRIPTION         
each satellite and each station in case of GPS and for each DESCRIPTION         
satellite-station link in case of GLONASS. The code bias    DESCRIPTION         
datum is defined by zero-mean conditions imposed on the     DESCRIPTION         
satellite bias estimates. In this file, just GPS C1W-C2W    DESCRIPTION         
satellite and station bias values are included. The         DESCRIPTION         
complete set of GNSS code bias results is provided in an    DESCRIPTION         
additional Bias-SINEX file as pseudo-absolute values        DESCRIPTION         
specific to each observable.                                DESCRIPTION         
Contact address: code(at)aiub.unibe.ch                      DESCRIPTION         
Data archive:    ftp.aiub.unibe.ch/CODE/                    DESCRIPTION         
                 www.aiub.unibe.ch/download/CODE/           DESCRIPTION         
  2022     6    17     0     0     0                        EPOCH OF FIRST MAP  
  2022     6    18     0     0     0                        EPOCH OF LAST MAP   
  3600                                                      INTERVAL            
    25                                                      # OF MAPS IN FILE   
  NONE                                                      MAPPING FUNCTION    
    10.0                                                    ELEVATION CUTOFF    
One-way carrier phase leveled to code                       OBSERVABLES USED    
  6371.0                                                    BASE RADIUS         
     2                                                      MAP DIMENSION       
   450.0 450.0   0.0                                        HGT1 / HGT2 / DHGT  
    87.5 -87.5  -2.5                                        LAT1 / LAT2 / DLAT  
  -180.0 180.0   5.0                                        LON1 / LON2 / DLON  
    -1                                                      EXPONENT            
TEC/RMS values in 0.1 TECU; 9999, if no value available     COMMENT             
                                                            END OF HEADER       
[from data line 1287]
     4                                                      START OF TEC MAP    
  2022     6    17     3     0     0                        EPOCH OF CURRENT MAP
    87.5-180.0 180.0   5.0 450.0                            LAT/LON1/LON2/DLON/H
  180  181  181  181  182  182  182  182  183  183  183  183  183  183  183  183
  183  182  182  182  181  181  180  179  179  178  177  176  176  175  174  174
  173  172  172  171  171  171  171  170  170  170  170  170  170  171  171  171
  171  172  172  172  173  173  173  174  174  174  175  175  176  176  176  177
  177  178  178  178  179  179  179  180  180
    85.0-180.0 180.0   5.0 450.0                            LAT/LON1/LON2/DLON/H
  183  184  184  185  185  186  187  187  188  188  189  189  189  190  190  190
  189  189  188  188  187  185  184  182  181  179  177  175  173  171  170  168
  167  166  165  164  164  164  164  164  164  164  164  165  166  166  167  168
  169  169  170  171  172  173  174  174  175  176  176  177  178  178  179  179
  180  180  181  181  181  182  182  183  183
    82.5-180.0 180.0   5.0 450.0                            LAT/LON1/LON2/DLON/H
  187  188  188  188  189  189  189  190  190  191  191  192  193  193  194  194
  194  194  194  192  191  189  187  184  181  178  174  171  168  165  163  160
  159  157  157  156  156  156  156  157  158  159  160  161  163  164  165  167
  169  170  172  173  175  176  177  179  180  180  181  182  183  183  184  184
  185  185  186  186  186  187  187  187  187
    80.0-180.0 180.0   5.0 450.0                            LAT/LON1/LON2/DLON/H
  194  193  193  192  192  191  191  191  190  190  191  191  192  193  194  195
  195  196  196  195  193  190  187  183  178  174  169  164  160  156  153  150
  148  148  147  148  148  149  151  152  154  155  157  159  161  163  166  168
  170  173  175  178  180  182  184  185  187  188  189  190  191  191  192  192
  193  193  193  194  194  194  194  194  194
    77.5-180.0 180.0   5.0 450.0                            LAT/LON1/LON2/DLON/H
  202  201  200  198  196  194  192  190  189  187  186  186  186  187  188  190
  192  193  193  193  191  189  185  179  173  167  160  154  149  144  141  139
  138  138  139  141  143  145  147  149  151  154  156  158  161  163  166  170
  173  176  180  183  186  189  192  194  196  197  198  199  200  201  202  202
  203  203  203  204  204  204  203  203  202
    75.0-180.0 180.0   5.0 450.0                            LAT/LON1/LON2/DLON/H
  212  210  208  205  202  199  195  191  187  183  180  178  177  177  179  180
  183  185  187  187  186  184  179  173  166  158  151  144  138  133  130  129
  130  131  134  137  140  143  146  148  151  153  155  158  160  163  167  171
  175  180  184  189  193  196  199  202  204  206  207  209  210  211  212  212
  213  214  214  215  215  215  214  213  212
    72.5-180.0 180.0   5.0 450.0                            LAT/LON1/LON2/DLON/H
  222  220  217  213  209  204  199  192  186  180  175  170  167  166  166  168
  171  174  176  178  178  175  171  165  157  149  141  134  128  124  122  122
  124  128  132  136  140  144  147  149  151  153  155  157  160  163  167  172
  178  183  189  194  198  202  206  209  211  213  215  216  218  219  220  222
  223  224  225  226  226  226  225  224  222
    70.0-180.0 180.0   5.0 450.0                            LAT/LON1/LON2/DLON/H
  232  229  225  221  216  211  204  197  189  180  172  165  160  156  155  156
  158  161  164  166  167  165  161  156  148  140  133  126  121  118  118  119
  123  127  133  138  142  146  149  151  152  153  155  157  159  163  168  174
  180  186  192  198  203  208  211  214  216  218  220  222  224  225  227  229
  231  232  234  235  236  236  235  234  232
    67.5-180.0 180.0   5.0 450.0                            LAT/LON1/LON2/DLON/H
  238  235  231  227  223  217  211  203  194  185  175  165  157  151  148  147
  148  150  152  154  155  154  151  147  140  134  127  122  118  117  117  120
  124  130  135  141  145  148  151  152  153  154  155  157  160  164  170  176
  183  190  197  203  208  212  215  218  220  222  224  226  227  229  232  234
  236  239  241  242  243  243  242  241  238
    65.0-180.0 180.0   5.0 450.0                            LAT/LON1/LON2/DLON/H
  242  239  235  231  227  223  218  211  203  193  182  172  162  154  147  144
  142  142  143  144  145  144  142  139  134  130  125  122  119  119  120  123
  127  132  138  142  146  149  151  153  154  155  156  159  163  168  174  181
  188  195  202  208  213  216  219  222  223  225  227  229  231  233  235  237
  240  243  245  247  249  249  248  245  242
    62.5-180.0 180.0   5.0 450.0                            LAT/LON1/LON2/DLON/H
  245  241  237  234  231  228  224  219  212  204  194  183  173  163  154  148
  144  141  139  138  137  136  135  133  131  129  127  125  124  124  125  127
  130  134  138  142  145  148  150  152  154  156  159  163  168  174  181  188
  196  203  209  215  219  222  224  226  228  229  231  233  235  237  239  241
  243  246  249  251  253  253  252  249  245
    60.0-180.0 180.0   5.0 450.0                            LAT/LON1/LON2/DLON/H
  249  244  240  236  234  232  230  227  222  216  208  198  188  178  168  160
  152  146  141  138  135  133  132  132  132  132  132  132  131  131  130  130
  131  133  135  138  141  144  147  151  155  159  164  170  176  183  190  198
  206  213  219  223  227  229  231  232  234  236  237  239  241  242  243  245
  247  250  253  255  257  257  256  253  249
    57.5-180.0 180.0   5.0 450.0                            LAT/LON1/LON2/DLON/H
  254  249  245  241  238  237  236  234  232  227  221  214  205  196  186  176
  167  158  150  143  138  136  135  135  137  139  140  140  139  137  134  132
  130  129  130  132  135  139  143  149  155  162  170  177  185  193  201  209
  217  224  230  234  237  239  240  241  243  244  246  248  249  250  250  251
  252  254  257  260  262  263  262  259  254
    55.0-180.0 180.0   5.0 450.0                            LAT/LON1/LON2/DLON/H
  263  258  253  249  246  244  243  242  240  237  233  228  222  214  206  196
  185  175  164  155  148  144  143  144  146  148  149  149  146  142  136  131
  126  124  123  125  128  133  139  147  155  165  175  185  194  204  213  221
  229  236  242  246  249  250  251  252  253  255  257  258  259  258  258  257
  258  260  263  266  269  270  270  267  263
    52.5-180.0 180.0   5.0 450.0                            LAT/LON1/LON2/DLON/H
  274  270  266  261  258  255  252  250  248  245  242  239  235  230  224  215
  205  194  183  172  164  158  156  156  157  159  159  157  152  145  137  129
  122  118  117  118  122  128  135  144  154  166  178  191  202  213  223  233
  242  250  256  260  262  263  264  264  265  267  268  269  269  268  266  265
  265  266  269  273  276  278  279  278  274
    50.0-180.0 180.0   5.0 450.0                            LAT/LON1/LON2/DLON/H
  287  284  280  277  272  268  264  259  255  252  250  248  246  243  239  232
  224  213  202  191  182  176  173  171  171  170  168  163  156  147  137  127
  119  115  113  115  118  124  131  140  152  165  179  194  208  221  233  244
  255  263  270  275  277  278  277  277  277  278  279  279  278  276  274  272
  271  273  275  279  283  287  288  288  287
    47.5-180.0 180.0   5.0 450.0                            LAT/LON1/LON2/DLON/H
  298  297  295  292  288  283  277  270  264  259  256  255  254  253  250  246
  239  230  220  210  202  195  191  187  184  180  175  168  160  149  138  127
  120  115  114  115  118  122  128  136  148  162  178  194  211  226  241  255
  268  278  285  290  292  292  291  290  289  288  288  288  286  283  280  278
  278  279  282  286  290  294  297  298  298
    45.0-180.0 180.0   5.0 450.0                            LAT/LON1/LON2/DLON/H
  307  308  307  305  302  296  289  281  273  267  263  261  261  260  258  255
  250  243  234  226  218  212  206  201  195  188  181  172  163  152  141  132
  124  121  119  120  120  122  126  132  143  157  175  193  213  231  249  266
  281  292  301  305  307  306  304  302  300  298  297  296  293  290  287  284
  284  286  290  293  297  301  304  306  307
    42.5-180.0 180.0   5.0 450.0                            LAT/LON1/LON2/DLON/H
  314  316  316  315  312  307  300  291  282  275  271  269  268  267  264  261
  256  250  243  236  229  224  218  211  203  194  185  176  167  157  148  140
  134  131  129  128  126  125  125  130  139  154  172  193  215  237  258  277
  294  307  315  320  321  320  317  314  311  309  307  304  301  297  293  292
  292  295  298  302  305  308  311  313  314
    40.0-180.0 180.0   5.0 450.0                            LAT/LON1/LON2/DLON/H
  321  322  321  320  318  314  307  298  290  284  280  278  276  273  269  265
  259  253  247  240  235  229  224  217  208  197  188  179  172  165  158  151
  147  144  142  139  134  129  127  129  137  152  172  194  219  243  266  288
  306  319  328  333  334  333  330  327  323  321  318  315  311  307  303  301
  303  306  310  313  316  318  319  321  321
    37.5-180.0 180.0   5.0 450.0                            LAT/LON1/LON2/DLON/H
  331  330  327  325  322  318  311  303  296  291  289  287  285  280  274  266
  259  252  245  239  234  230  226  219  210  200  191  184  179  174  169  165
  161  159  156  150  143  136  131  132  140  154  174  198  224  250  274  297
  315  329  338  343  344  344  342  340  337  335  333  330  326  321  317  315
  317  321  325  329  331  332  333  333  331
    35.0-180.0 180.0   5.0 450.0                            LAT/LON1/LON2/DLON/H
  348  343  338  333  328  322  315  308  301  298  297  296  293  287  278  267
  258  249  240  233  229  227  225  220  213  204  196  191  188  185  182  178
  174  172  168  161  152  143  138  138  145  160  180  204  230  256  280  302
  321  334  343  349  351  353  353  353  352  352  351  349  344  339  335  333
  334  339  344  349  352  353  353  352  348
    32.5-180.0 180.0   5.0 450.0                            LAT/LON1/LON2/DLON/H
  374  366  357  348  340  332  323  314  307  304  304  304  300  292  280  267
  255  244  235  227  223  223  224  223  218  210  204  200  198  195  192  187
  184  181  176  169  160  151  146  147  154  167  186  209  233  258  282  303
  320  333  343  349  354  358  362  364  367  369  370  369  366  361  356  354
  355  360  366  372  377  380  381  379  374
    30.0-180.0 180.0   5.0 450.0                            LAT/LON1/LON2/DLON/H
  408  398  387  374  363  351  338  326  317  312  310  309  305  295  281  267
  253  241  231  223  220  222  226  228  226  220  214  210  207  203  197  192
  187  184  180  173  165  158  154  155  162  173  190  210  233  256  278  297
  313  326  336  345  353  360  367  373  379  384  388  390  388  383  378  376
  377  382  389  397  404  409  413  413  408
    27.5-180.0 180.0   5.0 450.0                            LAT/LON1/LON2/DLON/H
  446  438  425  411  396  381  364  347  332  323  318  315  308  296  281  265
  251  240  229  221  220  225  232  238  238  232  225  219  213  206  198  190
  184  181  178  173  167  162  160  161  166  175  188  206  226  247  267  285
  300  314  326  337  348  359  369  379  387  395  402  406  406  403  399  396
  397  402  409  419  429  439  446  449  446
    25.0-180.0 180.0   5.0 450.0                            LAT/LON1/LON2/DLON/H
  483  478  468  454  438  420  399  376  356  340  330  321  310  295  279  263
  250  240  230  224  224  232  242  250  251  244  234  225  215  204  192  182
  175  172  170  167  163  161  160  162  164  170  179  194  212  232  251  269
  284  299  313  327  341  355  369  380  391  401  411  417  420  419  416  413
  413  417  425  436  449  462  474  482  483
    22.5-180.0 180.0   5.0 450.0                            LAT/LON1/LON2/DLON/H
  512  513  507  497  483  463  439  413  387  364  346  331  314  295  277  261
  250  241  234  230  231  241  254  262  262  253  239  226  212  196  181  168
  161  158  158  157  155  155  155  155  155  156  162  174  192  212  232  250
  267  284  301  318  335  351  366  379  391  403  414  423  428  429  428  426
  426  428  435  446  460  477  493  505  512
    20.0-180.0 180.0   5.0 450.0                            LAT/LON1/LON2/DLON/H
  528  535  536  531  521  504  480  451  421  392  367  344  320  296  275  260
  250  244  238  236  239  250  263  271  268  255  238  220  202  184  166  151
  144  142  142  142  142  143  143  141  138  136  139  150  168  190  212  233
  253  272  291  311  331  349  365  379  391  403  415  426  433  436  437  435
  434  435  440  449  463  481  499  515  528
    17.5-180.0 180.0   5.0 450.0                            LAT/LON1/LON2/DLON/H
  527  540  548  551  546  533  512  485  454  422  390  359  329  300  275  259
  250  245  242  240  244  254  266  272  266  249  229  208  188  168  149  134
  126  125  125  126  126  127  126  122  116  111  113  125  144  169  194  219
  242  264  287  309  331  351  367  381  394  406  418  430  438  443  445  444
  441  440  441  448  459  475  493  511  527
    15.0-180.0 180.0   5.0 450.0                            LAT/LON1/LON2/DLON/H
  513  530  543  552  552  545  530  507  479  446  411  375  338  304  277  259
  250  245  242  241  244  253  262  264  254  235  212  191  171  151  133  119
  111  109  109  109  109  109  107  102   93   87   89  101  123  151  180  209
  236  262  287  312  336  357  375  390  403  415  428  439  448  453  455  453
  450  445  443  445  453  464  479  496  513
    12.5-180.0 180.0   5.0 450.0                            LAT/LON1/LON2/DLON/H
  491  509  524  536  541  539  530  514  491  462  427  387  347  310  279  259
  248  243  239  237  238  244  249  247  234  213  191  171  153  136  120  107
   99   97   96   95   94   92   89   82   73   67   69   83  107  138  171  203
  234  263  291  319  345  368  388  405  420  434  447  457  465  469  470  467
  461  453  447  445  447  453  463  476  491
    10.0-180.0 180.0   5.0 450.0                            LAT/LON1/LON2/DLON/H
  469  484  499  510  516  517  514  505  490  465  433  393  352  313  281  259
  246  238  233  229  228  229  230  224  209  188  168  151  138  125  112  100
   93   89   86   84   81   79   74   67   59   54   57   71   96  128  164  200
  234  267  297  327  356  383  406  426  443  460  473  483  489  491  489  484
  476  465  456  449  447  447  451  458  469
     7.5-180.0 180.0   5.0 450.0                            LAT/LON1/LON2/DLON/H
  454  464  474  482  486  487  487  484  475  456  428  391  351  313  281  257
  242  232  224  218  214  212  209  200  184  165  147  136  127  118  108   98
   90   85   81   77   73   70   65   58   51   48   52   66   89  121  158  196
  234  269  302  335  366  396  423  447  469  488  504  513  516  514  510  502
  492  480  468  459  453  449  447  448  454
     5.0-180.0 180.0   5.0 450.0                            LAT/LON1/LON2/DLON/H
  450  455  459  461  460  458  457  457  452  438  413  381  344  309  278  255
  238  226  216  208  201  196  189  178  162  146  133  125  121  116  108  100
   92   86   80   75   70   66   61   55   50   48   52   64   85  114  151  191
  230  268  303  338  372  405  435  463  489  512  530  538  539  534  526  516
  505  492  480  471  463  457  452  449  450
     2.5-180.0 180.0   5.0 450.0                            LAT/LON1/LON2/DLON/H
  457  457  456  452  444  437  433  431  427  415  394  365  332  301  274  252
  234  220  209  199  190  182  173  162  147  134  125  121  119  117  111  104
   96   89   82   76   71   66   60   55   52   51   55   64   81  107  142  182
  223  262  298  334  370  404  437  468  497  523  543  552  551  543  533  521
  510  498  488  480  474  468  462  458  457
