IONEX/c1pg1680.22i
     1.0            IONOSPHERE MAPS     GNSS                IONEX VERSION / TYPE
IONINX V5.5         AIUB                17-JUN-22 08:46     PGM / RUN BY / DATE 
CODE'S 1-DAY PREDICTED IONOSPHERE MAPS FOR DAY 168, 2022    COMMENT             
Global ionosphere maps (GIM) are generated on a daily basis DESCRIPTION         
at CODE using data from about 120 GNSS sites of the IGS and DESCRIPTION         
other institutions. The vertical total electron content     DESCRIPTION         
(VTEC) is modeled in a solar-geomagnetic reference frame    DESCRIPTION         
using a spherical harmonics expansion up to degree and      DESCRIPTION         
order 15. Piece-wise linear functions are used for          DESCRIPTION         
representation in the time domain. The time spacing of      DESCRIPTION         
their vertices is 1 hour, conforming with the epochs of the DESCRIPTION         
VTEC maps.                                                  DESCRIPTION         
To convert line-of-sight TEC into vertical TEC, a modified  DESCRIPTION         
single-layer model mapping function approximating the JPL   DESCRIPTION         
extended slab model mapping function is adopted. The        DESCRIPTION         
mapping function is evaluated at geodetic satellite         DESCRIPTION         
elevation angles. For the computation of the ionospheric    DESCRIPTION         
pierce points, a spherical layer with a radius of 6821 km   DESCRIPTION         
is assumed, implying geocentric, not geodetic IONEX         DESCRIPTION         
latitudes.                                                  DESCRIPTION         
Instrumental biases with respect to each involved GNSS code DESCRIPTION         
observable are estimated as constant values for each        DESCRIPTION         
day. They are modeled with one set of bias parameters for   DESCRIPTION         
each satellite and each station in case of GPS and for each DESCRIPTION         
satellite-station link in case of GLONASS. The code bias    DESCRIPTION         
datum is defined by zero-mean conditions imposed on the     DESCRIPTION         
satellite bias estimates. In this file, just GPS C1W-C2W    DESCRIPTION         
satellite and station bias values are included. The         DESCRIPTION         
complete set of GNSS code bias results is provided in an    DESCRIPTION         
additional Bias-SINEX file as pseudo-absolute values        DESCRIPTION         
specific to each observable.                                DESCRIPTION         
Contact address: code(at)aiub.unibe.ch                      DESCRIPTION         
Data archive:    ftp.aiub.unibe.ch/CODE/                    DESCRIPTION         
                 www.aiub.unibe.ch/download/CODE/           DESCRIPTION         
  2022     6    17     0     0     0                        EPOCH OF FIRST MAP  
  2022     6    18     0     0     0                        EPOCH OF LAST MAP   
  3600                                                      INTERVAL            
    25                                                      # OF MAPS IN FILE   
  NONE                                                      MAPPING FUNCTION    
    10.0                                                    ELEVATION CUTOFF    
One-way carrier phase leveled to code                       OBSERVABLES USED    
  6371.0                                                    BASE RADIUS         
     2                                                      MAP DIMENSION       
   450.0 450.0   0.0                                        HGT1 / HGT2 / DHGT  
    87.5 -87.5  -2.5                                        LAT1 / LAT2 / DLAT  
  -180.0 180.0   5.0                                        LON1 / LON2 / DLON  
    -1                                                      EXPONENT            
TEC/RMS values in 0.1 TECU; 9999, if no value available     COMMENT             
                                                            END OF HEADER       
[from data line 9009]
    22                                                      START OF TEC MAP    
  2022     6    17    21     0     0                        EPOCH OF CURRENT MAP
    87.5-180.0 180.0   5.0 450.0                            LAT/LON1/LON2/DLON/H
  163  164  165  165  166  166  167  168  168  169  169  169  170  170  170  170
  170  170  170  170  170  170  169  169  168  168  167  167  166  166  165  164
  164  163  162  162  161  160  160  159  159  158  158  157  157  156  156  156
  156  156  156  156  156  156  156  156  156  156  157  157  157  158  158  159
  159  159  160  160  161  162  162  163  163
    85.0-180.0 180.0   5.0 450.0                            LAT/LON1/LON2/DLON/H
  164  165  166  167  169  170  171  172  174  175  176  177  177  178  178  179
  179  179  178  178  177  177  176  175  174  173  172  171  170  168  167  166
  165  163  162  161  160  158  157  156  155  154  153  153  152  152  151  151
  151  151  151  151  151  151  152  152  153  153  154  154  155  155  156  157
  157  158  158  159  160  161  162  163  164
    82.5-180.0 180.0   5.0 450.0                            LAT/LON1/LON2/DLON/H
  163  165  166  168  170  172  174  176  178  180  182  183  184  185  186  186
  186  186  185  184  183  182  181  180  178  176  175  173  172  170  168  167
  165  163  162  160  158  157  155  154  153  151  150  149  149  148  148  147
  147  148  148  149  149  150  151  152  152  153  154  155  156  156  157  157
  158  158  159  159  160  160  161  162  163
    80.0-180.0 180.0   5.0 450.0                            LAT/LON1/LON2/DLON/H
  163  164  166  168  171  174  176  179  182  185  187  189  190  191  192  192
  192  191  190  189  187  186  184  182  179  177  175  173  172  170  168  166
  165  163  161  160  158  156  154  152  151  149  148  147  146  146  145  145
  146  146  147  148  149  150  152  153  155  156  157  158  159  160  160  161
  161  161  161  161  161  161  161  162  163
    77.5-180.0 180.0   5.0 450.0                            LAT/LON1/LON2/DLON/H
  163  165  166  169  171  175  178  182  185  188  191  194  195  196  197  197
  196  195  193  191  189  187  184  181  179  176  174  172  170  168  167  165
  164  162  161  159  157  155  153  151  149  148  146  145  145  144  144  145
  145  146  147  149  150  152  154  156  158  160  162  163  165  166  167  167
  167  166  166  165  164  163  163  163  163
    75.0-180.0 180.0   5.0 450.0                            LAT/LON1/LON2/DLON/H
  166  166  168  170  173  176  180  184  188  192  195  198  199  200  201  200
  199  197  195  193  190  187  183  180  177  174  171  169  167  166  165  164
  163  162  160  159  157  155  152  150  148  146  145  144  143  143  144  144
  145  147  148  150  151  153  156  158  161  164  166  169  171  173  174  175
  175  174  173  172  170  168  167  166  166
    72.5-180.0 180.0   5.0 450.0                            LAT/LON1/LON2/DLON/H
  171  171  171  173  176  179  183  187  191  195  199  201  203  204  204  203
  202  200  197  194  191  187  183  179  175  172  169  166  165  163  163  162
  162  161  160  159  157  154  152  149  147  145  144  143  143  143  143  144
  145  147  148  149  151  153  156  159  162  165  169  173  176  179  182  183
  184  184  183  181  179  177  174  172  171
    70.0-180.0 180.0   5.0 450.0                            LAT/LON1/LON2/DLON/H
  180  178  178  179  180  183  187  190  195  198  202  204  206  207  207  206
  204  202  199  196  192  188  184  180  175  171  168  165  164  163  163  163
  163  162  161  159  157  154  151  148  145  144  143  142  142  143  143  144
  145  146  147  148  149  151  153  156  160  164  169  174  179  184  188  190
  192  193  193  192  190  187  185  182  180
    67.5-180.0 180.0   5.0 450.0                            LAT/LON1/LON2/DLON/H
  192  189  187  186  187  188  191  194  198  201  204  207  209  210  210  209
  208  205  202  199  196  192  187  183  178  174  170  167  166  165  165  166
  166  165  164  161  158  154  150  147  145  143  142  142  142  143  143  143
  144  144  144  144  145  146  148  151  155  160  166  172  179  185  190  195
  198  201  202  202  202  200  197  195  192
    65.0-180.0 180.0   5.0 450.0                            LAT/LON1/LON2/DLON/H
  205  202  198  196  195  194  196  198  200  203  206  209  211  213  213  213
  211  209  206  203  200  197  193  189  184  180  176  173  172  171  171  172
  172  171  168  165  160  155  151  148  145  144  143  143  143  143  143  143
  142  141  140  139  138  139  141  143  148  154  160  168  175  183  190  196
  201  205  209  211  212  212  211  208  205
    62.5-180.0 180.0   5.0 450.0                            LAT/LON1/LON2/DLON/H
  219  215  211  207  203  201  201  201  203  205  208  210  213  215  216  216
  215  213  210  207  205  202  200  196  193  189  185  182  181  181  181  182
  181  179  175  170  164  159  154  150  148  147  146  146  146  145  144  142
  140  137  135  133  131  131  132  135  140  146  153  162  170  178  186  193
  199  205  211  216  219  222  222  221  219
    60.0-180.0 180.0   5.0 450.0                            LAT/LON1/LON2/DLON/H
  231  227  223  218  213  209  207  206  206  207  209  211  214  217  219  219
  218  216  213  211  209  208  206  204  202  198  195  193  193  193  194  195
  194  190  185  178  170  164  158  154  152  151  151  151  150  148  145  141
  137  133  130  127  124  124  125  127  132  139  147  155  164  172  180  187
  194  202  209  216  223  228  231  232  231
    57.5-180.0 180.0   5.0 450.0                            LAT/LON1/LON2/DLON/H
  240  238  234  229  223  219  215  212  210  209  210  212  215  218  220  221
  220  218  215  213  212  211  211  211  210  208  206  205  205  207  208  209
  207  202  195  187  178  170  164  161  159  158  157  156  154  150  146  141
  135  130  125  122  119  118  119  122  127  134  142  150  159  167  174  181
  188  195  204  213  222  230  236  240  240
    55.0-180.0 180.0   5.0 450.0                            LAT/LON1/LON2/DLON/H
  246  246  244  240  235  230  225  221  217  215  213  214  216  219  221  222
  221  219  216  214  213  214  215  216  217  216  215  215  217  219  222  223
  220  215  206  196  186  178  172  168  166  165  164  162  158  153  147  141
  134  128  123  119  116  115  115  119  124  131  140  148  156  164  170  176
  182  189  197  207  217  228  237  243  246
    52.5-180.0 180.0   5.0 450.0                            LAT/LON1/LON2/DLON/H
  249  252  252  250  247  243  238  233  228  223  220  218  219  221  222  223
  222  219  216  214  213  215  217  220  221  222  222  223  226  230  233  235
  232  226  216  206  195  187  181  177  175  173  171  168  163  156  149  142
  135  129  123  119  116  115  116  119  124  132  140  149  157  164  170  175
  180  185  192  202  212  224  235  244  249
    50.0-180.0 180.0   5.0 450.0                            LAT/LON1/LON2/DLON/H
  251  256  259  260  259  257  253  248  242  236  230  226  224  224  224  225
  223  220  217  215  214  216  219  223  225  226  227  229  233  238  243  244
  242  235  225  215  205  197  191  186  183  180  177  173  167  160  153  145
  138  132  127  123  121  119  120  123  128  135  144  153  161  169  174  179
  183  187  192  199  209  220  232  242  251
    47.5-180.0 180.0   5.0 450.0                            LAT/LON1/LON2/DLON/H
  251  259  265  269  271  271  270  266  259  251  243  237  232  230  228  228
  226  223  220  218  218  220  223  226  229  230  232  235  240  245  250  252
  250  243  233  224  215  208  202  196  192  188  183  178  172  165  158  151
  145  140  136  132  129  127  127  129  134  141  149  159  168  177  183  188
  192  195  198  203  210  219  230  241  251
    45.0-180.0 180.0   5.0 450.0                            LAT/LON1/LON2/DLON/H
  252  262  270  277  282  285  285  283  277  269  260  251  244  239  235  233
  231  229  227  225  225  226  229  232  235  237  239  242  247  253  258  259
  257  250  242  233  226  219  214  208  202  196  191  185  179  173  167  161
  156  151  148  144  141  138  137  138  142  148  156  166  176  187  196  203
  207  209  210  212  216  222  231  241  252
    42.5-180.0 180.0   5.0 450.0                            LAT/LON1/LON2/DLON/H
  254  264  274  283  290  295  298  298  295  288  279  269  259  251  245  241
  239  237  236  235  235  236  239  242  245  247  249  253  257  263  267  268
  265  258  251  244  238  233  227  220  213  206  200  195  189  184  179  174
  169  166  162  159  155  152  150  149  151  155  163  172  184  197  209  219
  224  227  226  226  226  229  235  244  254
    40.0-180.0 180.0   5.0 450.0                            LAT/LON1/LON2/DLON/H
  258  268  278  287  295  302  308  310  309  305  297  288  278  268  259  253
  250  249  249  249  249  249  252  255  259  262  265  268  272  276  279  278
  274  268  262  256  252  247  241  234  226  218  212  207  203  198  193  188
  184  181  177  174  169  165  162  160  160  162  168  177  190  205  221  234
  242  245  245  242  240  240  243  249  258
    37.5-180.0 180.0   5.0 450.0                            LAT/LON1/LON2/DLON/H
  263  272  281  290  298  306  313  319  321  320  316  309  299  287  277  268
  263  262  263  264  264  265  267  272  277  282  286  289  292  294  294  291
  286  280  274  269  265  260  255  247  239  231  226  221  217  213  208  203
  199  195  191  186  182  177  173  170  167  168  171  179  193  210  228  245
  256  261  261  258  254  252  253  257  263
    35.0-180.0 180.0   5.0 450.0                            LAT/LON1/LON2/DLON/H
  270  277  285  293  301  309  317  325  331  334  334  330  322  310  298  286
  280  278  278  280  280  281  284  290  298  305  311  314  315  314  312  307
  300  292  286  280  276  271  265  258  250  243  238  235  231  226  221  215
  209  204  199  195  190  186  181  176  172  170  172  178  191  210  231  250
  264  272  273  270  267  264  263  265  270
    32.5-180.0 180.0   5.0 450.0                            LAT/LON1/LON2/DLON/H
  278  284  291  297  305  312  321  331  340  347  352  353  347  336  322  308
  299  295  295  296  296  297  301  309  319  329  336  339  339  335  330  322
  313  304  295  288  282  276  270  263  256  251  247  244  240  235  228  221
  213  206  201  196  192  188  184  179  174  170  169  174  186  205  227  249
  265  275  278  277  275  273  272  274  278
    30.0-180.0 180.0   5.0 450.0                            LAT/LON1/LON2/DLON/H
  286  291  298  305  312  320  329  340  351  362  371  376  375  365  350  334
  321  315  313  312  312  313  318  327  339  351  359  362  360  354  345  335
  324  312  301  290  282  274  267  261  255  251  248  245  241  235  227  218
  209  200  194  190  187  184  180  176  170  165  163  166  177  195  218  242
  260  271  276  278  278  278  279  281  286
    27.5-180.0 180.0   5.0 450.0                            LAT/LON1/LON2/DLON/H
  293  300  308  315  323  332  342  354  367  380  392  401  403  396  381  363
  348  338  333  331  329  330  334  344  356  369  377  380  376  368  357  344
  330  315  300  286  274  264  256  250  245  242  239  236  232  226  217  206
  196  187  180  176  174  173  170  167  162  157  154  156  165  183  206  231
  250  263  270  274  278  280  284  288  293
    25.0-180.0 180.0   5.0 450.0                            LAT/LON1/LON2/DLON/H
  300  309  319  329  338  348  359  372  386  400  415  427  432  428  414  396
  378  365  357  353  350  348  351  359  371  382  389  391  386  376  363  347
  331  313  294  275  259  247  238  232  228  224  222  218  214  207  198  188
  177  168  161  157  156  156  155  153  149  145  142  143  152  169  193  218
  239  253  262  269  275  281  287  293  300
    22.5-180.0 180.0   5.0 450.0                            LAT/LON1/LON2/DLON/H
  307  318  330  342  355  367  380  393  407  422  437  451  460  459  448  430
  411  396  386  379  373  370  370  375  383  391  396  396  390  379  363  346
  326  305  282  260  241  226  217  210  206  202  198  194  189  183  175  165
  155  146  139  136  135  136  136  135  133  131  129  130  138  155  180  206
  228  245  256  264  273  281  289  297  307
    20.0-180.0 180.0   5.0 450.0                            LAT/LON1/LON2/DLON/H
  313  326  340  355  370  385  399  414  428  443  458  473  484  486  479  464
  446  430  418  409  401  395  391  391  394  397  399  398  391  378  360  340
  318  294  268  243  222  207  197  189  184  178  173  168  163  158  151  143
  134  125  119  115  115  115  116  116  116  116  115  116  125  142  167  195
  220  239  252  262  273  283  293  302  313
    17.5-180.0 180.0   5.0 450.0                            LAT/LON1/LON2/DLON/H
  319  333  348  365  382  398  414  430  445  459  474  489  501  508  505  494
  479  464  452  442  432  422  415  409  405  403  401  398  389  375  356  333
  308  282  255  230  208  193  182  174  167  159  152  147  142  137  132  125
  117  109  102   99   97   97   98   99  100  101  102  104  112  130  157  187
  215  237  252  264  276  287  298  308  319
    15.0-180.0 180.0   5.0 450.0                            LAT/LON1/LON2/DLON/H
  327  340  355  372  390  407  423  439  454  468  483  497  511  521  523  517
  507  495  484  473  462  450  438  427  418  410  405  399  389  373  351  326
  299  272  246  221  202  188  178  169  160  150  141  135  129  125  121  115
  108  100   92   87   85   84   84   85   87   89   91   93  102  120  147  180
  211  236  255  269  282  294  305  316  327
    12.5-180.0 180.0   5.0 450.0                            LAT/LON1/LON2/DLON/H
  336  348  362  377  394  410  425  441  457  471  484  498  512  524  531  532
  526  519  510  500  488  474  459  444  430  419  410  402  391  373  349  320
  292  265  241  220  204  192  183  174  163  152  142  134  128  124  120  114
  106   97   88   82   78   75   74   75   78   80   82   85   93  110  139  173
  208  237  258  275  289  302  314  325  336
    10.0-180.0 180.0   5.0 450.0                            LAT/LON1/LON2/DLON/H
  347  358  370  383  397  410  424  439  454  468  480  493  507  520  530  536
  536  532  526  518  506  492  476  459  443  429  418  407  394  374  346  316
  286  261  240  224  213  205  197  187  175  163  152  144  137  132  127  120
  111  100   89   81   75   72   70   70   72   75   76   78   86  102  130  166
  203  235  260  279  295  310  324  336  347
     7.5-180.0 180.0   5.0 450.0                            LAT/LON1/LON2/DLON/H
  361  371  382  393  403  413  423  436  450  463  474  485  497  510  522  531
  535  535  532  525  515  502  486  469  452  437  425  412  396  373  343  310
  281  258  241  231  225  220  213  203  191  179  168  159  152  145  137  128
  117  104   92   82   75   71   68   68   69   71   72   74   80   95  122  157
  195  229  258  280  299  317  334  349  361
     5.0-180.0 180.0   5.0 450.0                            LAT/LON1/LON2/DLON/H
  375  387  398  407  415  421  428  437  448  460  469  477  486  497  509  520
  526  529  528  522  513  501  488  473  458  443  429  414  394  368  336  302
  273  253  242  237  235  232  226  216  204  193  183  175  166  157  147  136
  122  107   94   83   75   71   68   67   68   68   69   70   75   89  113  146
  184  220  251  276  299  320  341  360  375
     2.5-180.0 180.0   5.0 450.0                            LAT/LON1/LON2/DLON/H
  389  405  417  426  433  437  439  445  453  462  469  474  479  487  496  506
  512  515  515  511  503  493  482  471  458  444  428  409  385  356  322  289
  262  245  238  238  238  236  229  219  209  199  192  184  174  163  151  137
  122  106   92   80   73   69   66   65   65   64   65   66   72   84  106  135
  171  207  240  268  293  319  345  369  389
