IONEX/c1pg1680.22i
     1.0            IONOSPHERE MAPS     GNSS                IONEX VERSION / TYPE
IONINX V5.5         AIUB                17-JUN-22 08:46     PGM / RUN BY / DATE 
CODE'S 1-DAY PREDICTED IONOSPHERE MAPS FOR DAY 168, 2022    COMMENT             
Global ionosphere maps (GIM) are generated on a daily basis DESCRIPTION         
at CODE using data from about 120 GNSS sites of the IGS and DESCRIPTION         
other institutions. The vertical total electron content     DESCRIPTION         
(VTEC) is modeled in a solar-geomagnetic reference frame    DESCRIPTION         
using a spherical harmonics expansion up to degree and      DESCRIPTION         
order 15. Piece-wise linear functions are used for          DESCRIPTION         
representation in the time domain. The time spacing of      DESCRIPTION         
their vertices is 1 hour, conforming with the epochs of the DESCRIPTION         
VTEC maps.                                                  DESCRIPTION         
To convert line-of-sight TEC into vertical TEC, a modified  DESCRIPTION         
single-layer model mapping function approximating the JPL   DESCRIPTION         
extended slab model mapping function is adopted. The        DESCRIPTION         
mapping function is evaluated at geodetic satellite         DESCRIPTION         
elevation angles. For the computation of the ionospheric    DESCRIPTION         
pierce points, a spherical layer with a radius of 6821 km   DESCRIPTION         
is assumed, implying geocentric, not geodetic IONEX         DESCRIPTION         
latitudes.                                                  DESCRIPTION         
Instrumental biases with respect to each involved GNSS code DESCRIPTION         
observable are estimated as constant values for each        DESCRIPTION         
day. They are modeled with one set of bias parameters for   DESCRIPTION         
each satellite and each station in case of GPS and for each DESCRIPTION         
satellite-station link in case of GLONASS. The code bias    DESCRIPTION         
datum is defined by zero-mean conditions imposed on the     DESCRIPTION         
satellite bias estimates. In this file, just GPS C1W-C2W    DESCRIPTION         
satellite and station bias values are included. The         DESCRIPTION         
complete set of GNSS code bias results is provided in an    DESCRIPTION         
additional Bias-SINEX file as pseudo-absolute values        DESCRIPTION         
specific to each observable.                                DESCRIPTION         
Contact address: code(at)aiub.unibe.ch                      DESCRIPTION         
Data archive:    ftp.aiub.unibe.ch/CODE/                    DESCRIPTION         
                 www.aiub.unibe.ch/download/CODE/           DESCRIPTION         
  2022     6    17     0     0     0                        EPOCH OF FIRST MAP  
  2022     6    18     0     0     0                        EPOCH OF LAST MAP   
  3600                                                      INTERVAL            
    25                                                      # OF MAPS IN FILE   
  NONE                                                      MAPPING FUNCTION    
    10.0                                                    ELEVATION CUTOFF    
One-way carrier phase leveled to code                       OBSERVABLES USED    
  6371.0                                                    BASE RADIUS         
     2                                                      MAP DIMENSION       
   450.0 450.0   0.0                                        HGT1 / HGT2 / DHGT  
    87.5 -87.5  -2.5                                        LAT1 / LAT2 / DLAT  
  -180.0 180.0   5.0                                        LON1 / LON2 / DLON  
    -1                                                      EXPONENT            
TEC/RMS values in 0.1 TECU; 9999, if no value available     COMMENT             
                                                            END OF HEADER       
[from data line 6435]
    16                                                      START OF TEC MAP    
  2022     6    17    15     0     0                        EPOCH OF CURRENT MAP
    87.5-180.0 180.0   5.0 450.0                            LAT/LON1/LON2/DLON/H
  176  177  177  178  178  178  179  179  179  180  180  180  180  181  181  181
  181  180  180  180  180  179  179  178  178  177  177  176  175  175  174  173
  173  172  172  171  171  170  170  169  169  169  169  169  169  169  169  169
  169  169  170  170  170  170  171  171  171  172  172  172  173  173  173  174
  174  174  174  175  175  175  176  176  176
    85.0-180.0 180.0   5.0 450.0                            LAT/LON1/LON2/DLON/H
  175  175  176  177  178  178  179  180  181  182  183  184  185  185  186  186
  186  186  186  186  185  185  184  183  182  181  179  178  176  175  173  172
  171  169  168  167  166  165  164  164  163  163  163  163  163  164  164  165
  165  166  167  167  168  169  169  170  171  171  171  172  172  172  172  173
  173  173  173  173  173  174  174  174  175
    82.5-180.0 180.0   5.0 450.0                            LAT/LON1/LON2/DLON/H
  170  171  171  172  174  175  176  178  180  181  183  184  186  187  188  189
  190  190  190  190  190  189  188  187  185  183  182  180  178  176  173  171
  169  167  166  164  163  161  160  159  159  159  159  159  160  161  162  163
  164  165  166  168  169  170  171  171  172  172  173  173  172  172  172  171
  171  170  170  170  169  169  169  170  170
    80.0-180.0 180.0   5.0 450.0                            LAT/LON1/LON2/DLON/H
  163  164  165  166  167  169  171  173  175  177  179  181  184  186  187  189
  190  191  192  192  192  191  190  189  187  185  183  181  179  177  174  172
  170  167  165  164  162  160  159  158  158  157  158  158  159  160  162  163
  165  167  169  170  172  173  174  174  174  174  174  173  173  172  170  169
  168  167  166  165  164  164  163  163  163
    77.5-180.0 180.0   5.0 450.0                            LAT/LON1/LON2/DLON/H
  157  157  158  159  160  162  164  166  168  171  173  176  178  181  183  185
  187  188  189  190  190  190  190  189  188  186  184  182  180  178  176  174
  172  170  168  166  164  163  161  160  159  159  159  160  161  162  164  166
  169  171  173  174  176  177  177  177  177  176  175  173  171  170  168  166
  164  163  161  160  159  158  157  157  157
    75.0-180.0 180.0   5.0 450.0                            LAT/LON1/LON2/DLON/H
  153  153  153  154  155  156  158  159  162  164  166  169  171  174  176  178
  180  182  184  185  186  187  187  187  186  186  184  183  181  180  178  177
  175  174  172  171  169  167  166  165  164  163  163  164  165  166  169  171
  173  175  177  179  180  180  180  179  177  176  173  171  169  166  164  162
  160  158  157  155  154  154  153  153  153
    72.5-180.0 180.0   5.0 450.0                            LAT/LON1/LON2/DLON/H
  151  152  152  152  153  154  155  156  157  159  160  162  164  166  169  171
  173  175  177  179  181  183  184  184  185  185  184  183  182  181  181  180
  179  178  177  176  175  174  172  171  169  168  168  168  169  171  173  176
  178  180  182  183  183  182  181  179  177  174  171  168  165  162  159  157
  155  154  153  152  152  151  151  151  151
    70.0-180.0 180.0   5.0 450.0                            LAT/LON1/LON2/DLON/H
  153  154  154  155  155  155  155  156  156  156  157  158  159  161  162  164
  167  169  171  174  176  178  180  182  183  184  184  184  183  183  183  183
  183  183  183  183  182  180  179  177  175  174  173  173  174  176  178  180
  183  185  186  186  185  184  181  178  175  171  167  164  160  157  154  152
  151  150  150  150  150  151  152  153  153
    67.5-180.0 180.0   5.0 450.0                            LAT/LON1/LON2/DLON/H
  157  158  159  159  159  159  159  159  158  157  157  157  157  158  159  161
  163  165  167  170  172  175  178  181  182  184  184  184  184  184  185  186
  187  187  188  188  188  186  184  182  180  178  177  177  178  180  182  184
  187  189  189  189  187  185  182  178  174  170  165  161  157  154  151  149
  148  147  148  149  150  152  154  155  157
    65.0-180.0 180.0   5.0 450.0                            LAT/LON1/LON2/DLON/H
  160  161  163  164  164  165  164  164  163  161  160  159  159  159  160  161
  162  164  166  168  171  174  177  180  183  184  185  186  186  186  187  189
  190  192  193  193  193  192  190  187  185  182  181  181  181  183  186  188
  191  192  193  192  190  187  183  179  175  170  166  161  157  154  150  148
  147  146  147  148  151  153  155  158  160
    62.5-180.0 180.0   5.0 450.0                            LAT/LON1/LON2/DLON/H
  161  163  165  167  168  169  170  169  168  167  165  163  163  163  163  164
  165  166  168  169  172  175  178  181  184  186  187  188  188  189  191  193
  195  197  198  198  198  196  194  191  189  187  185  184  185  187  189  192
  194  196  196  195  193  190  187  183  179  175  170  166  161  157  153  150
  148  147  147  148  150  153  155  158  161
    60.0-180.0 180.0   5.0 450.0                            LAT/LON1/LON2/DLON/H
  158  161  163  166  169  171  173  174  173  172  170  168  168  168  169  170
  171  171  171  172  174  176  180  183  186  188  190  191  192  194  196  199
  201  203  204  204  203  201  199  196  193  191  190  189  190  191  194  197
  199  200  201  200  198  196  193  190  187  183  179  174  169  164  159  155
  152  149  148  148  149  151  153  155  158
    57.5-180.0 180.0   5.0 450.0                            LAT/LON1/LON2/DLON/H
  152  155  158  162  166  170  174  176  177  176  174  173  172  173  175  176
  177  177  177  176  177  178  181  185  188  191  193  195  197  200  203  207
  210  212  212  211  209  206  204  201  199  197  196  195  195  197  199  202
  204  205  206  205  204  203  201  199  197  194  190  185  180  174  168  162
  157  153  149  148  147  147  149  150  152
    55.0-180.0 180.0   5.0 450.0                            LAT/LON1/LON2/DLON/H
  145  147  150  155  160  167  173  177  179  179  177  176  176  177  180  182
  183  183  182  180  180  181  183  187  190  194  197  200  203  208  213  217
  220  222  221  219  216  213  210  208  206  205  203  203  203  204  206  208
  210  212  212  212  211  211  210  209  208  205  202  197  191  185  177  170
  163  157  152  148  145  144  143  144  145
    52.5-180.0 180.0   5.0 450.0                            LAT/LON1/LON2/DLON/H
  138  139  142  147  154  162  170  176  180  181  180  178  178  180  184  187
  189  189  187  185  184  184  186  189  193  197  201  206  211  217  223  229
  233  233  232  228  224  221  218  217  215  214  213  212  212  213  215  217
  218  219  219  219  219  219  219  219  218  216  213  208  202  194  186  178
  170  162  155  149  145  141  139  138  138
    50.0-180.0 180.0   5.0 450.0                            LAT/LON1/LON2/DLON/H
  133  133  135  140  148  157  167  176  181  183  182  181  181  183  187  191
  194  194  193  191  189  189  191  194  198  203  208  213  220  227  235  241
  245  246  243  239  234  231  229  228  227  226  225  224  224  224  226  227
  228  229  228  228  228  228  228  228  227  225  221  216  210  202  194  185
  177  168  160  152  146  141  137  135  133
    47.5-180.0 180.0   5.0 450.0                            LAT/LON1/LON2/DLON/H
  132  131  132  136  143  153  165  176  183  187  187  186  185  188  192  196
  200  201  200  198  197  197  198  202  206  211  217  223  230  238  246  254
  258  259  256  252  248  245  243  243  242  241  239  238  237  238  239  240
  241  240  239  238  237  237  237  236  234  232  227  222  215  208  200  192
  184  175  166  158  150  144  139  135  132
    45.0-180.0 180.0   5.0 450.0                            LAT/LON1/LON2/DLON/H
  135  132  132  134  141  151  164  177  187  192  194  193  193  195  199  204
  207  209  210  209  208  208  210  213  217  223  228  234  241  249  258  266
  271  273  272  269  266  264  263  263  262  260  258  255  254  254  255  256
  255  254  252  250  248  246  245  243  240  237  232  226  219  212  205  198
  191  183  174  166  157  150  144  139  135
    42.5-180.0 180.0   5.0 450.0                            LAT/LON1/LON2/DLON/H
  140  136  133  134  139  149  163  178  191  199  203  204  204  206  210  214
  218  220  222  222  222  223  224  227  232  237  242  248  254  261  270  279
  286  290  292  291  290  290  290  289  288  284  280  276  274  274  274  274
  273  270  267  263  260  257  253  250  246  241  235  229  223  217  211  205
  199  192  184  175  166  158  151  145  140
    40.0-180.0 180.0   5.0 450.0                            LAT/LON1/LON2/DLON/H
  146  141  136  135  138  146  160  177  194  206  214  217  219  221  224  228
  231  234  236  237  239  240  241  244  248  253  258  263  268  275  284  294
  304  312  318  321  323  324  324  323  319  313  307  301  298  296  296  295
  292  288  282  277  272  267  262  256  251  245  240  234  228  222  218  213
  208  202  195  186  177  168  160  153  146
    37.5-180.0 180.0   5.0 450.0                            LAT/LON1/LON2/DLON/H
  152  145  139  135  135  142  156  175  195  212  224  231  235  238  241  244
  246  248  251  253  255  257  258  261  265  271  276  281  285  291  300  313
  327  340  351  359  364  366  366  363  356  347  337  329  324  321  320  317
  312  305  297  290  282  276  269  262  256  250  244  239  234  230  226  222
  219  213  206  197  187  177  168  160  152
    35.0-180.0 180.0   5.0 450.0                            LAT/LON1/LON2/DLON/H
  157  148  140  134  132  136  149  169  192  214  231  242  249  254  258  260
  261  262  264  268  271  272  274  276  281  288  294  299  304  310  321  336
  355  374  391  403  410  413  411  406  396  384  371  360  352  348  344  339
  331  321  310  300  291  282  274  266  259  253  249  245  241  237  234  232
  229  224  216  207  196  185  175  166  157
    32.5-180.0 180.0   5.0 450.0                            LAT/LON1/LON2/DLON/H
  160  150  141  132  127  129  140  160  186  212  234  250  261  268  272  273
  273  273  275  279  283  285  286  289  295  303  312  318  324  332  346  365
  389  413  434  450  458  460  456  448  435  420  404  390  380  373  367  359
  347  333  319  306  295  285  275  266  259  254  251  249  246  244  241  240
  237  233  225  214  203  191  180  170  160
    30.0-180.0 180.0   5.0 450.0                            LAT/LON1/LON2/DLON/H
  162  152  142  132  125  123  132  151  177  206  232  252  266  276  281  283
  282  281  283  287  291  294  296  299  306  317  328  337  346  356  373  396
  425  453  477  494  501  501  494  484  469  451  433  418  406  396  387  375
  359  340  322  306  293  282  271  262  255  251  249  248  247  245  244  243
  242  237  230  219  207  195  183  172  162
    27.5-180.0 180.0   5.0 450.0                            LAT/LON1/LON2/DLON/H
  164  154  144  134  124  120  125  142  168  198  226  248  266  278  285  287
  286  285  286  291  296  299  302  307  316  328  342  355  367  381  401  428
  459  490  515  529  534  531  522  509  494  476  457  440  427  415  403  386
  365  342  321  302  286  273  262  252  246  242  242  242  242  241  241  241
  240  237  229  219  207  195  184  174  164
    25.0-180.0 180.0   5.0 450.0                            LAT/LON1/LON2/DLON/H
  165  157  148  138  128  121  123  137  161  190  217  241  260  274  283  286
  286  286  288  293  299  303  307  313  323  339  356  372  387  405  428  456
  488  518  541  552  553  546  535  522  507  491  473  457  442  429  413  393
  368  340  315  293  276  262  249  239  232  229  229  229  230  230  230  231
  232  230  224  214  204  193  183  174  165
    22.5-180.0 180.0   5.0 450.0                            LAT/LON1/LON2/DLON/H
  166  160  153  144  134  126  125  136  156  183  209  232  251  266  277  282
  284  285  288  295  302  308  312  319  331  348  368  387  405  426  450  479
  509  535  553  560  556  546  533  522  510  496  481  466  452  438  419  396
  367  336  308  284  264  249  235  224  217  213  212  213  212  212  213  216
  218  217  213  205  196  188  180  173  166
    20.0-180.0 180.0   5.0 450.0                            LAT/LON1/LON2/DLON/H
  166  162  157  150  141  133  131  138  156  179  202  223  241  257  269  277
  281  285  290  298  306  314  320  328  341  358  379  400  421  442  467  493
  519  540  552  554  546  533  521  512  504  495  483  470  457  442  422  396
  365  332  302  276  255  238  223  212  203  198  196  195  193  192  193  196
  199  200  197  192  185  180  175  170  166
    17.5-180.0 180.0   5.0 450.0                            LAT/LON1/LON2/DLON/H
  163  161  158  154  147  140  137  143  157  177  198  216  233  248  261  272
  280  286  294  304  314  322  330  339  352  370  390  412  433  455  477  499
  519  534  540  537  527  514  504  499  495  489  480  469  457  442  422  396
  364  330  299  272  250  231  216  204  194  188  184  180  176  174  173  176
  179  181  180  176  172  170  167  165  163
    15.0-180.0 180.0   5.0 450.0                            LAT/LON1/LON2/DLON/H
  156  155  155  153  149  144  142  147  160  177  195  212  227  242  256  269
  280  290  301  312  323  333  342  351  364  382  402  423  444  464  483  499
  512  521  523  518  507  496  489  486  486  483  476  466  455  441  421  395
  363  331  300  273  250  231  215  202  192  184  177  171  165  160  158  159
  161  163  163  161  159  158  158  157  156
    12.5-180.0 180.0   5.0 450.0                            LAT/LON1/LON2/DLON/H
  146  146  146  147  145  143  143  148  160  177  194  210  224  239  254  269
  284  297  309  322  334  345  354  365  378  394  413  434  453  471  485  496
  503  506  506  500  492  484  480  479  480  478  471  462  450  437  418  393
  364  334  305  279  256  236  220  207  196  187  178  170  161  153  149  147
  149  150  149  148  147  147  147  146  146
    10.0-180.0 180.0   5.0 450.0                            LAT/LON1/LON2/DLON/H
  133  133  133  135  135  135  138  144  157  174  192  209  224  238  255  272
  289  304  319  332  345  356  367  378  391  407  425  444  462  477  487  492
  494  494  493  490  485  480  479  479  479  474  466  455  444  430  412  390
  364  337  311  286  263  243  227  214  203  194  184  174  164  154  147  143
  142  142  141  139  138  138  137  135  133
     7.5-180.0 180.0   5.0 450.0                            LAT/LON1/LON2/DLON/H
  121  118  118  119  121  123  127  136  150  168  188  207  224  240  257  276
  294  312  327  341  354  366  377  389  403  419  436  453  469  482  488  489
  488  487  487  487  486  485  484  483  479  471  459  446  434  420  403  382
  360  337  314  290  268  248  232  220  210  201  191  181  170  160  151  145
  142  139  137  135  133  131  128  125  121
     5.0-180.0 180.0   5.0 450.0                            LAT/LON1/LON2/DLON/H
  110  106  103  104  105  108  113  123  138  158  181  204  224  242  260  280
  299  318  334  348  361  373  386  399  413  429  445  461  476  486  489  488
  484  483  485  489  492  493  492  487  478  465  449  433  418  403  387  369
  350  331  310  288  265  246  230  219  211  203  194  186  177  167  158  150
  145  141  138  135  132  128  123  116  110
     2.5-180.0 180.0   5.0 450.0                            LAT/LON1/LON2/DLON/H
  102   96   92   90   91   94   99  108  124  146  171  198  222  243  263  283
  303  322  339  353  366  379  392  406  422  437  452  467  479  487  489  486
  482  481  485  492  497  498  494  485  470  452  432  413  396  381  364  348
  331  315  296  275  253  233  219  209  201  195  190  185  179  171  163  155
  149  144  140  137  132  127  119  111  102
