IONEX/c1pg1680.22i
     1.0            IONOSPHERE MAPS     GNSS                IONEX VERSION / TYPE
IONINX V5.5         AIUB                17-JUN-22 08:46     PGM / RUN BY / DATE 
CODE'S 1-DAY PREDICTED IONOSPHERE MAPS FOR DAY 168, 2022    COMMENT             
Global ionosphere maps (GIM) are generated on a daily basis DESCRIPTION         
at CODE using data from about 120 GNSS sites of the IGS and DESCRIPTION         
other institutions. The vertical total electron content     DESCRIPTION         
(VTEC) is modeled in a solar-geomagnetic reference frame    DESCRIPTION         
using a spherical harmonics expansion up to degree and      DESCRIPTION         
order 15. Piece-wise linear functions are used for          DESCRIPTION         
representation in the time domain. The time spacing of      DESCRIPTION         
their vertices is 1 hour, conforming with the epochs of the DESCRIPTION         
VTEC maps.                                                  DESCRIPTION         
To convert line-of-sight TEC into vertical TEC, a modified  DESCRIPTION         
single-layer model mapping function approximating the JPL   DESCRIPTION         
extended slab model mapping function is adopted. The        DESCRIPTION         
mapping function is evaluated at geodetic satellite         DESCRIPTION         
elevation angles. For the computation of the ionospheric    DESCRIPTION         
pierce points, a spherical layer with a radius of 6821 km   DESCRIPTION         
is assumed, implying geocentric, not geodetic IONEX         DESCRIPTION         
latitudes.                                                  DESCRIPTION         
Instrumental biases with respect to each involved GNSS code DESCRIPTION         
observable are estimated as constant values for each        DESCRIPTION         
day. They are modeled with one set of bias parameters for   DESCRIPTION         
each satellite and each station in case of GPS and for each DESCRIPTION         
satellite-station link in case of GLONASS. The code bias    DESCRIPTION         
datum is defined by zero-mean conditions imposed on the     DESCRIPTION         
satellite bias estimates. In this file, just GPS C1W-C2W    DESCRIPTION         
satellite and station bias values are included. The         DESCRIPTION         
complete set of GNSS code bias results is provided in an    DESCRIPTION         
additional Bias-SINEX file as pseudo-absolute values        DESCRIPTION         
specific to each observable.                                DESCRIPTION         
Contact address: code(at)aiub.unibe.ch                      DESCRIPTION         
Data archive:    ftp.aiub.unibe.ch/CODE/                    DESCRIPTION         
                 www.aiub.unibe.ch/download/CODE/           DESCRIPTION         
  2022     6    17     0     0     0                        EPOCH OF FIRST MAP  
  2022     6    18     0     0     0                        EPOCH OF LAST MAP   
  3600                                                      INTERVAL            
    25                                                      # OF MAPS IN FILE   
  NONE                                                      MAPPING FUNCTION    
    10.0                                                    ELEVATION CUTOFF    
One-way carrier phase leveled to code                       OBSERVABLES USED    
  6371.0                                                    BASE RADIUS         
     2                                                      MAP DIMENSION       
   450.0 450.0   0.0                                        HGT1 / HGT2 / DHGT  
    87.5 -87.5  -2.5                                        LAT1 / LAT2 / DLAT  
  -180.0 180.0   5.0                                        LON1 / LON2 / DLON  
    -1                                                      EXPONENT            
TEC/RMS values in 0.1 TECU; 9999, if no value available     COMMENT             
                                                            END OF HEADER       
[from data line 10296]
    25                                                      START OF TEC MAP    
  2022     6    18     0     0     0                        EPOCH OF CURRENT MAP
    87.5-180.0 180.0   5.0 450.0                            LAT/LON1/LON2/DLON/H
  178  179  180  181  181  182  182  183  183  184  184  184  184  183  183  183
  182  181  181  180  179  178  176  175  174  173  171  170  168  167  166  164
  163  162  161  160  159  158  157  157  156  156  156  155  155  155  156  156
  156  157  157  158  159  159  160  161  162  163  164  165  166  167  168  169
  170  171  172  173  174  175  176  177  178
    85.0-180.0 180.0   5.0 450.0                            LAT/LON1/LON2/DLON/H
  185  187  188  190  191  193  194  195  196  197  198  198  198  198  197  197
  196  194  193  191  189  187  185  182  179  177  174  171  168  165  163  160
  158  155  153  151  150  148  147  146  145  145  145  145  145  146  146  147
  148  149  151  152  153  155  156  158  159  161  162  164  165  167  168  170
  171  173  175  176  178  180  181  183  185
    82.5-180.0 180.0   5.0 450.0                            LAT/LON1/LON2/DLON/H
  189  191  194  196  199  201  203  205  206  208  208  209  209  209  208  207
  206  204  202  200  197  194  191  187  184  180  176  171  167  163  160  156
  153  149  147  144  142  141  140  139  138  138  138  139  140  141  142  144
  146  148  150  152  154  156  158  160  162  164  165  167  168  170  171  172
  174  175  176  178  180  182  184  186  189
    80.0-180.0 180.0   5.0 450.0                            LAT/LON1/LON2/DLON/H
  189  193  196  199  202  205  208  211  213  214  215  216  216  215  215  214
  212  210  208  205  202  198  194  190  185  180  175  170  165  161  156  152
  148  145  142  140  138  137  136  135  135  136  137  138  140  142  144  146
  149  151  154  157  159  162  164  166  168  170  172  173  174  175  175  176
  176  177  178  179  180  182  184  187  189
    77.5-180.0 180.0   5.0 450.0                            LAT/LON1/LON2/DLON/H
  188  192  196  200  204  207  211  214  216  217  218  218  218  217  216  214
  212  210  207  204  201  197  192  188  183  177  172  167  161  157  152  148
  145  142  139  137  136  135  135  136  136  138  139  141  143  146  149  152
  155  158  161  165  168  171  173  176  178  180  181  182  182  182  182  181
  180  180  179  179  180  181  183  185  188
    75.0-180.0 180.0   5.0 450.0                            LAT/LON1/LON2/DLON/H
  186  190  195  199  204  208  212  215  217  218  218  218  217  215  213  211
  209  206  203  200  196  192  187  182  176  171  166  160  156  151  147  144
  141  139  138  137  136  136  137  138  139  141  144  146  149  152  156  159
  163  166  170  174  177  180  183  186  188  189  191  191  191  191  189  188
  186  184  182  181  180  180  181  183  186
    72.5-180.0 180.0   5.0 450.0                            LAT/LON1/LON2/DLON/H
  186  189  194  199  204  208  212  215  217  218  218  216  214  212  209  206
  203  199  196  192  188  184  179  173  168  163  157  153  149  145  143  140
  139  138  137  137  137  138  139  141  143  145  148  151  154  158  162  165
  169  173  177  181  185  188  191  194  196  198  200  201  201  200  198  196
  193  190  187  184  182  182  182  183  186
    70.0-180.0 180.0   5.0 450.0                            LAT/LON1/LON2/DLON/H
  188  191  195  199  204  209  213  216  218  218  217  215  213  210  206  202
  198  194  190  185  180  175  170  165  159  154  149  145  142  140  139  138
  138  137  137  138  138  139  140  142  144  147  150  153  157  161  165  169
  173  177  182  185  189  193  196  199  202  205  207  208  209  209  208  205
  202  199  195  192  189  187  186  186  188
    67.5-180.0 180.0   5.0 450.0                            LAT/LON1/LON2/DLON/H
  193  195  198  202  206  210  214  217  218  219  218  216  213  210  206  201
  196  191  186  181  175  169  164  158  153  148  144  141  139  138  138  138
  138  138  138  138  138  139  140  141  144  146  149  152  156  160  164  168
  173  178  182  186  190  194  197  201  204  207  211  213  215  217  216  215
  213  210  206  203  199  196  194  193  193
    65.0-180.0 180.0   5.0 450.0                            LAT/LON1/LON2/DLON/H
  203  202  203  206  208  212  215  217  219  220  220  218  216  213  209  205
  199  193  187  181  174  168  162  156  151  146  143  140  139  139  140  140
  141  140  139  138  137  137  137  139  141  143  145  148  151  155  160  164
  170  175  180  184  188  192  195  199  203  207  212  216  219  222  224  224
  224  222  220  216  213  209  206  204  203
    62.5-180.0 180.0   5.0 450.0                            LAT/LON1/LON2/DLON/H
  215  213  212  211  212  214  216  218  220  221  221  221  220  219  216  212
  206  200  193  186  179  172  166  161  156  151  148  146  145  145  146  146
  145  144  141  138  136  134  134  135  136  138  140  142  145  148  153  158
  163  169  175  180  184  188  191  195  200  204  210  215  220  225  229  231
  233  233  233  231  228  225  222  218  215
    60.0-180.0 180.0   5.0 450.0                            LAT/LON1/LON2/DLON/H
  229  225  222  220  218  218  219  219  220  221  223  224  225  225  223  221
  216  209  202  195  188  182  176  172  167  163  159  157  156  155  155  154
  152  148  143  138  134  132  131  132  133  134  135  136  138  140  144  150
  156  162  169  174  179  183  187  191  196  201  206  212  219  224  230  235
  239  242  243  244  243  241  237  233  229
    57.5-180.0 180.0   5.0 450.0                            LAT/LON1/LON2/DLON/H
  244  239  235  230  227  225  223  222  222  222  223  225  227  229  230  229
  225  220  213  206  200  195  191  187  184  179  175  172  169  168  166  163
  158  152  145  139  134  131  129  130  130  131  131  131  131  133  137  142
  148  156  163  170  175  180  184  188  193  198  203  209  215  221  228  234
  240  246  250  253  254  254  252  248  244
    55.0-180.0 180.0   5.0 450.0                            LAT/LON1/LON2/DLON/H
  258  254  249  244  239  235  231  227  225  224  224  225  228  232  234  235
  233  229  223  218  213  210  208  206  203  199  194  189  184  181  177  171
  165  156  148  140  134  131  130  130  130  130  129  127  126  127  130  135
  142  150  159  166  173  179  184  188  193  197  201  206  211  217  224  231
  238  245  252  257  261  263  263  261  258
    52.5-180.0 180.0   5.0 450.0                            LAT/LON1/LON2/DLON/H
  270  267  264  259  254  249  243  237  232  228  226  226  228  232  236  238
  238  236  232  229  226  226  226  225  223  218  212  205  198  192  185  178
  170  160  150  142  136  134  133  133  133  131  129  126  124  124  126  131
  139  147  156  166  174  182  188  193  197  200  203  206  209  213  219  225
  233  241  249  256  262  267  269  270  270
    50.0-180.0 180.0   5.0 450.0                            LAT/LON1/LON2/DLON/H
  279  280  279  276  272  266  259  251  243  236  231  228  228  231  235  239
  240  240  239  238  238  239  241  242  240  234  226  217  208  200  192  183
  173  163  153  145  140  138  138  138  137  134  130  127  124  124  126  131
  137  146  156  167  178  188  195  201  205  207  209  209  210  212  216  221
  228  237  245  253  260  267  272  277  279
    47.5-180.0 180.0   5.0 450.0                            LAT/LON1/LON2/DLON/H
  286  290  292  292  290  285  278  269  259  249  240  234  231  232  235  238
  241  243  244  245  247  251  253  255  252  246  236  226  215  205  195  186
  176  166  157  151  147  146  145  145  142  139  134  130  127  127  129  133
  140  148  159  171  184  197  207  214  218  219  218  217  215  215  216  220
  226  233  241  249  257  265  273  280  286
    45.0-180.0 180.0   5.0 450.0                            LAT/LON1/LON2/DLON/H
  291  299  304  307  307  304  298  289  278  266  254  244  238  236  236  239
  243  246  249  252  256  260  263  263  260  253  242  230  219  208  198  189
  180  171  164  159  156  155  154  153  149  145  140  136  134  134  136  139
  145  153  164  177  193  208  220  229  233  234  232  228  224  222  222  224
  228  234  240  247  255  264  274  283  291
    42.5-180.0 180.0   5.0 450.0                            LAT/LON1/LON2/DLON/H
  297  306  313  319  321  321  317  309  299  286  272  260  250  244  242  243
  246  251  256  260  264  268  270  269  265  257  246  233  221  211  201  193
  185  179  174  171  169  167  165  162  158  153  149  145  144  144  146  148
  152  158  169  184  202  219  234  244  249  249  246  242  237  233  232  233
  236  240  245  250  258  267  277  287  297
    40.0-180.0 180.0   5.0 450.0                            LAT/LON1/LON2/DLON/H
  304  313  321  328  333  335  333  328  319  307  294  280  268  258  253  251
  254  259  264  270  274  276  276  273  267  259  248  236  225  215  207  200
  194  190  187  185  183  181  177  173  169  164  161  158  158  158  158  159
  160  165  174  190  209  229  246  257  263  264  261  256  251  247  245  246
  248  250  254  259  266  274  284  294  304
    37.5-180.0 180.0   5.0 450.0                            LAT/LON1/LON2/DLON/H
  315  323  330  337  343  347  348  345  339  329  316  303  289  277  268  264
  265  269  275  281  284  284  282  277  271  262  252  241  231  222  214  209
  205  203  202  200  198  195  191  186  181  178  176  175  174  173  171  169
  168  170  178  193  214  235  254  266  273  274  272  268  264  260  259  260
  262  264  267  271  278  287  297  307  315
    35.0-180.0 180.0   5.0 450.0                            LAT/LON1/LON2/DLON/H
  330  336  341  348  354  359  362  361  357  350  339  326  312  298  287  279
  278  282  288  293  295  293  289  283  276  267  258  248  238  230  223  219
  217  217  216  215  212  208  203  198  195  194  193  192  190  187  183  177
  173  172  178  192  213  236  256  269  277  280  279  277  274  272  272  273
  275  278  281  286  295  305  315  324  330
    32.5-180.0 180.0   5.0 450.0                            LAT/LON1/LON2/DLON/H
  350  354  358  363  369  375  378  379  376  370  362  350  337  321  307  297
  294  296  301  305  306  303  297  290  283  275  265  256  246  237  231  227
  226  227  227  226  223  218  213  209  208  208  209  207  204  198  190  181
  174  170  174  186  207  230  251  266  275  279  281  280  279  279  280  282
  285  289  294  301  312  324  336  344  350
    30.0-180.0 180.0   5.0 450.0                            LAT/LON1/LON2/DLON/H
  372  376  379  384  390  396  400  400  398  392  385  375  361  345  329  316
  310  311  314  317  317  312  306  299  292  283  273  263  252  242  235  231
  230  231  232  230  226  221  217  216  217  219  220  217  211  202  191  179
  169  163  164  175  194  218  239  256  266  273  277  279  280  281  283  287
  291  296  303  313  327  342  356  366  372
    27.5-180.0 180.0   5.0 450.0                            LAT/LON1/LON2/DLON/H
  395  400  404  410  417  423  427  426  423  417  409  400  387  370  352  337
  328  326  327  328  326  321  315  308  300  290  279  266  253  241  232  227
  226  227  228  226  222  218  215  216  219  222  223  218  209  197  183  170
  159  151  150  159  177  200  223  241  254  263  270  274  277  279  283  288
  293  300  309  321  338  357  374  387  395
    25.0-180.0 180.0   5.0 450.0                            LAT/LON1/LON2/DLON/H
  414  423  430  439  447  454  458  457  452  444  436  426  413  396  376  358
  347  342  340  339  335  329  321  314  305  294  280  264  248  234  223  216
  214  215  215  213  209  206  206  208  212  215  215  209  198  183  169  155
  144  135  132  139  156  179  204  224  240  252  261  267  272  275  280  286
  293  301  311  326  345  366  387  403  414
    22.5-180.0 180.0   5.0 450.0                            LAT/LON1/LON2/DLON/H
  429  442  453  465  477  486  490  488  482  473  464  453  440  422  402  383
  368  360  355  349  342  334  326  317  306  291  274  256  237  220  207  199
  195  195  194  193  190  189  190  192  196  199  198  190  178  163  149  137
  126  117  113  118  134  158  184  207  226  241  253  261  267  272  278  285
  293  303  314  330  349  371  393  413  429
    20.0-180.0 180.0   5.0 450.0                            LAT/LON1/LON2/DLON/H
  436  454  470  485  500  512  518  517  510  501  491  481  467  450  429  409
  392  380  370  360  349  338  327  315  300  282  262  241  221  203  188  178
  174  172  171  170  169  169  170  173  175  175  173  165  152  139  126  117
  108   99   94   98  113  138  167  193  216  234  248  258  266  272  280  288
  298  309  320  335  352  373  395  417  436
    17.5-180.0 180.0   5.0 450.0                            LAT/LON1/LON2/DLON/H
  439  459  478  496  513  528  536  537  532  524  515  506  493  477  457  436
  418  403  388  372  356  340  325  308  289  268  245  224  204  186  170  159
  153  151  150  149  149  150  152  152  152  149  145  137  127  115  106   99
   92   84   78   80   95  122  153  183  209  230  246  259  269  278  287  298
  309  321  332  344  359  376  396  417  439
    15.0-180.0 180.0   5.0 450.0                            LAT/LON1/LON2/DLON/H
  438  458  477  496  515  531  543  547  544  539  532  525  515  500  482  462
  444  425  406  384  361  340  320  298  274  249  226  206  189  172  157  145
  139  135  134  134  135  137  138  136  131  126  120  114  105   97   90   86
   81   73   67   68   82  110  144  177  206  230  249  264  276  288  300  313
  327  340  351  360  370  382  398  417  438
    12.5-180.0 180.0   5.0 450.0                            LAT/LON1/LON2/DLON/H
  438  456  472  489  507  524  537  544  545  543  541  537  529  517  501  484
  465  445  421  393  365  338  312  285  257  230  208  192  178  165  151  140
  132  129  127  128  130  133  133  127  119  110  104   98   92   86   81   78
   73   66   59   59   74  102  138  174  205  231  253  271  286  301  317  333
  349  364  375  382  388  394  404  420  438
    10.0-180.0 180.0   5.0 450.0                            LAT/LON1/LON2/DLON/H
  442  456  468  480  494  510  524  533  537  538  540  539  535  526  513  498
  480  458  431  399  366  334  303  272  240  213  194  182  174  165  153  142
  134  131  130  131  134  137  135  127  115  104   97   93   88   83   78   74
   70   62   54   54   68   97  133  171  204  233  256  277  296  315  335  354
  373  389  402  408  411  413  418  428  442
     7.5-180.0 180.0   5.0 450.0                            LAT/LON1/LON2/DLON/H
  453  461  467  474  484  497  509  517  522  526  530  533  531  525  515  502
  486  463  434  399  363  328  293  259  226  201  186  179  176  170  160  150
  143  139  138  140  144  146  144  133  119  107  100   96   92   86   80   74
   68   60   52   52   65   93  129  167  201  231  257  281  304  326  349  371
  393  412  426  434  436  435  437  444  453
     5.0-180.0 180.0   5.0 450.0                            LAT/LON1/LON2/DLON/H
  470  474  474  475  480  489  498  504  507  511  516  520  519  515  507  496
  481  459  428  393  355  319  283  248  217  194  183  181  181  178  169  160
  153  150  150  151  155  157  154  143  128  115  108  105  100   92   83   74
   67   58   51   50   63   88  123  160  194  225  253  279  305  331  356  381
  404  426  443  454  458  458  459  464  470
     2.5-180.0 180.0   5.0 450.0                            LAT/LON1/LON2/DLON/H
  489  490  487  484  485  490  495  496  497  498  501  504  503  499  492  482
  468  446  416  380  344  308  274  240  211  192  184  185  186  183  176  167
  161  159  158  159  162  164  161  150  136  124  118  114  108   97   84   73
   64   55   48   48   59   82  113  148  182  214  243  271  299  327  353  379
  404  428  449  464  472  475  479  484  489
