IONEX/c2pg1680.22i
     1.0            IONOSPHERE MAPS     GNSS                IONEX VERSION / TYPE
IONINX V5.5         AIUB                16-JUN-22 08:49     PGM / RUN BY / DATE 
CODE'S 2-DAY PREDICTED IONOSPHERE MAPS FOR DAY 168, 2022    COMMENT             
Global ionosphere maps (GIM) are generated on a daily basis DESCRIPTION         
at CODE using data from about 120 GNSS sites of the IGS and DESCRIPTION         
other institutions. The vertical total electron content     DESCRIPTION         
(VTEC) is modeled in a solar-geomagnetic reference frame    DESCRIPTION         
using a spherical harmonics expansion up to degree and      DESCRIPTION         
order 15. Piece-wise linear functions are used for          DESCRIPTION         
representation in the time domain. The time spacing of      DESCRIPTION         
their vertices is 1 hour, conforming with the epochs of the DESCRIPTION         
VTEC maps.                                                  DESCRIPTION         
To convert line-of-sight TEC into vertical TEC, a modified  DESCRIPTION         
single-layer model mapping function approximating the JPL   DESCRIPTION         
extended slab model mapping function is adopted. The        DESCRIPTION         
mapping function is evaluated at geodetic satellite         DESCRIPTION         
elevation angles. For the computation of the ionospheric    DESCRIPTION         
pierce points, a spherical layer with a radius of 6821 km   DESCRIPTION         
is assumed, implying geocentric, not geodetic IONEX         DESCRIPTION         
latitudes.                                                  DESCRIPTION         
Instrumental biases with respect to each involved GNSS code DESCRIPTION         
observable are estimated as constant values for each        DESCRIPTION         
day. They are modeled with one set of bias parameters for   DESCRIPTION         
each satellite and each station in case of GPS and for each DESCRIPTION         
satellite-station link in case of GLONASS. The code bias    DESCRIPTION         
datum is defined by zero-mean conditions imposed on the     DESCRIPTION         
satellite bias estimates. In this file, just GPS C1W-C2W    DESCRIPTION         
satellite and station bias values are included. The         DESCRIPTION         
complete set of GNSS code bias results is provided in an    DESCRIPTION         
additional Bias-SINEX file as pseudo-absolute values        DESCRIPTION         
specific to each observable.                                DESCRIPTION         
Contact address: code(at)aiub.unibe.ch                      DESCRIPTION         
Data archive:    ftp.aiub.unibe.ch/CODE/                    DESCRIPTION         
                 www.aiub.unibe.ch/download/CODE/           DESCRIPTION         
  2022     6    17     0     0     0                        EPOCH OF FIRST MAP  
  2022     6    18     0     0     0                        EPOCH OF LAST MAP   
  3600                                                      INTERVAL            
    25                                                      # OF MAPS IN FILE   
  NONE                                                      MAPPING FUNCTION    
    10.0                                                    ELEVATION CUTOFF    
One-way carrier phase leveled to code                       OBSERVABLES USED    
  6371.0                                                    BASE RADIUS         
     2                                                      MAP DIMENSION       
   450.0 450.0   0.0                                        HGT1 / HGT2 / DHGT  
    87.5 -87.5  -2.5                                        LAT1 / LAT2 / DLAT  
  -180.0 180.0   5.0                                        LON1 / LON2 / DLON  
    -1                                                      EXPONENT            
TEC/RMS values in 0.1 TECU; 9999, if no value available     COMMENT             
                                                            END OF HEADER       
[from data line 8151]
    20                                                      START OF TEC MAP    
  2022     6    17    19     0     0                        EPOCH OF CURRENT MAP
    87.5-180.0 180.0   5.0 450.0                            LAT/LON1/LON2/DLON/H
  157  158  158  159  159  160  160  161  161  162  162  162  163  163  163  163
  163  163  163  163  162  162  162  161  161  160  160  160  159  159  158  158
  157  157  156  156  156  155  155  155  155  154  154  154  154  154  154  153
  153  153  153  153  153  153  153  153  153  153  153  153  153  153  154  154
  154  154  155  155  155  156  156  157  157
    85.0-180.0 180.0   5.0 450.0                            LAT/LON1/LON2/DLON/H
  154  155  156  158  159  160  161  162  163  165  165  166  167  168  168  168
  168  168  168  167  166  166  165  164  163  161  160  159  158  157  156  156
  155  154  154  153  153  152  152  152  152  152  151  151  151  151  151  151
  150  150  150  150  150  149  149  149  149  149  149  148  149  149  149  149
  149  150  150  150  151  152  153  153  154
    82.5-180.0 180.0   5.0 450.0                            LAT/LON1/LON2/DLON/H
  150  151  152  154  156  158  160  161  163  165  167  169  170  171  172  172
  172  172  172  171  169  168  166  165  163  161  159  157  156  154  153  152
  151  151  150  150  150  150  150  150  150  150  150  150  150  149  149  149
  149  148  148  147  147  147  146  146  145  145  145  144  144  144  144  144
  144  145  145  145  146  147  148  149  150
    80.0-180.0 180.0   5.0 450.0                            LAT/LON1/LON2/DLON/H
  145  146  148  150  151  154  156  158  161  164  166  168  170  172  173  174
  175  174  174  173  171  169  167  164  162  159  157  155  153  151  150  149
  149  148  148  148  149  149  149  149  149  149  149  149  149  149  148  148
  148  147  146  146  145  144  143  143  142  142  141  141  141  140  140  141
  141  141  141  142  142  143  143  144  145
    77.5-180.0 180.0   5.0 450.0                            LAT/LON1/LON2/DLON/H
  143  143  144  146  147  150  152  155  157  160  163  166  168  171  172  174
  175  175  175  174  172  170  167  164  161  158  155  153  151  149  148  148
  148  148  148  149  149  149  149  149  149  149  149  149  149  148  148  147
  147  146  145  144  143  142  141  140  139  138  138  138  138  138  138  139
  139  140  140  141  141  141  142  142  143
    75.0-180.0 180.0   5.0 450.0                            LAT/LON1/LON2/DLON/H
  144  144  144  145  146  147  149  151  154  157  160  162  165  168  170  172
  173  174  174  174  172  170  168  165  161  158  155  152  150  149  149  149
  149  150  151  151  151  151  151  150  150  149  148  148  147  147  146  146
  145  144  143  141  140  139  137  136  135  135  135  135  136  137  138  139
  140  141  142  143  144  144  144  144  144
    72.5-180.0 180.0   5.0 450.0                            LAT/LON1/LON2/DLON/H
  150  149  148  148  148  148  149  151  153  155  157  159  162  164  166  169
  171  172  173  174  173  172  170  167  163  160  157  154  152  152  152  152
  153  154  155  155  155  154  152  151  149  148  147  146  145  145  145  144
  143  142  140  139  137  135  133  132  131  131  131  132  134  135  138  140
  143  145  147  149  150  151  151  150  150
    70.0-180.0 180.0   5.0 450.0                            LAT/LON1/LON2/DLON/H
  159  158  156  154  153  153  153  153  154  156  157  158  160  162  164  166
  169  171  173  175  175  175  173  170  167  164  161  158  157  156  157  158
  160  161  161  160  158  156  153  150  148  146  144  143  143  143  143  142
  141  140  138  135  133  131  129  127  126  126  127  129  131  134  137  141
  145  149  153  156  159  160  161  160  159
    67.5-180.0 180.0   5.0 450.0                            LAT/LON1/LON2/DLON/H
  171  169  166  164  162  161  160  159  159  160  160  160  161  162  163  165
  168  171  174  176  178  178  177  175  173  169  166  164  163  163  164  166
  167  168  167  165  162  158  154  150  147  144  143  142  142  142  142  142
  140  138  136  133  129  126  124  122  121  121  122  124  127  131  136  141
  147  152  158  163  167  170  172  172  171
    65.0-180.0 180.0   5.0 450.0                            LAT/LON1/LON2/DLON/H
  181  180  177  174  172  170  168  167  167  166  165  165  164  164  165  166
  169  172  175  178  181  182  182  181  179  176  173  171  170  171  172  173
  175  175  173  170  166  161  156  151  147  145  143  143  143  144  144  143
  141  138  135  131  127  123  120  118  117  117  118  120  123  127  133  139
  145  153  160  167  173  178  180  182  181
    62.5-180.0 180.0   5.0 450.0                            LAT/LON1/LON2/DLON/H
  189  188  186  184  181  179  177  176  175  174  172  171  169  168  168  169
  171  174  177  180  183  185  186  186  184  182  180  178  177  178  180  181
  182  182  180  176  170  165  159  154  151  149  148  148  149  149  149  147
  144  140  136  131  126  121  118  115  114  113  114  116  119  123  128  134
  142  150  158  167  175  181  185  188  189
    60.0-180.0 180.0   5.0 450.0                            LAT/LON1/LON2/DLON/H
  192  193  192  190  188  186  185  184  182  181  179  177  175  174  173  173
  174  176  179  181  184  187  189  189  189  187  186  184  184  185  187  189
  189  189  186  181  176  171  166  161  159  157  157  157  157  157  156  153
  149  144  138  132  126  121  117  114  112  112  112  113  115  118  123  129
  136  144  153  163  172  180  186  190  192
    57.5-180.0 180.0   5.0 450.0                            LAT/LON1/LON2/DLON/H
  191  193  194  194  193  192  191  190  189  187  186  183  181  179  178  177
  177  178  180  181  184  186  189  190  191  191  190  190  190  191  193  195
  196  195  192  188  184  179  176  173  171  170  170  169  169  167  164  160
  154  148  141  134  129  123  119  116  114  112  112  112  113  115  119  123
  130  137  147  156  166  175  182  187  191
    55.0-180.0 180.0   5.0 450.0                            LAT/LON1/LON2/DLON/H
  188  192  195  197  197  197  197  196  194  193  191  188  186  184  182  181
  181  180  180  180  182  184  187  190  192  193  193  194  195  196  199  201
  203  202  200  197  194  191  189  188  187  186  185  183  181  178  173  167
  160  153  145  138  133  128  124  121  118  116  114  114  114  115  117  120
  125  132  140  150  159  168  176  183  188
    52.5-180.0 180.0   5.0 450.0                            LAT/LON1/LON2/DLON/H
  185  191  196  200  202  203  203  202  200  198  196  193  190  188  186  185
  184  182  180  179  179  181  185  189  192  195  196  197  199  201  205  208
  210  210  209  207  206  206  205  205  204  202  200  196  192  187  180  173
  165  157  150  144  139  135  131  128  125  122  120  118  117  117  118  120
  124  130  137  146  155  164  172  179  185
    50.0-180.0 180.0   5.0 450.0                            LAT/LON1/LON2/DLON/H
  185  192  198  204  208  210  211  210  208  205  202  198  195  192  190  188
  187  184  181  179  178  179  183  189  194  197  199  201  203  206  211  215
  218  220  220  220  221  222  223  223  222  218  213  207  200  194  186  178
  170  162  156  151  147  143  140  137  134  131  128  126  124  123  123  124
  127  132  139  148  156  164  171  178  185
    47.5-180.0 180.0   5.0 450.0                            LAT/LON1/LON2/DLON/H
  188  195  204  211  217  220  221  220  218  215  210  206  201  198  195  193
  191  188  184  181  179  181  185  191  197  201  203  205  208  212  218  223
  228  232  234  236  238  241  242  242  238  232  224  216  207  199  191  183
  176  169  163  159  157  154  152  149  145  141  138  135  133  132  131  132
  135  140  147  155  163  170  176  181  188
    45.0-180.0 180.0   5.0 450.0                            LAT/LON1/LON2/DLON/H
  195  202  211  220  227  231  233  233  230  227  222  216  211  206  202  200
  198  194  190  186  184  186  190  197  203  207  210  212  216  221  228  235
  241  247  251  254  258  261  262  260  254  244  234  223  213  205  197  189
  183  177  173  170  169  167  165  162  158  153  150  146  144  142  142  143
  145  150  158  166  174  180  185  189  195
    42.5-180.0 180.0   5.0 450.0                            LAT/LON1/LON2/DLON/H
  204  210  219  228  236  242  245  245  244  241  237  230  223  217  213  209
  207  203  199  196  194  196  200  206  212  216  219  222  226  233  241  250
  259  266  272  277  280  282  282  277  268  256  243  231  220  212  204  198
  192  187  184  182  181  180  178  175  171  166  162  158  156  155  154  155
  157  163  170  180  188  194  198  200  204
    40.0-180.0 180.0   5.0 450.0                            LAT/LON1/LON2/DLON/H
  213  217  225  234  243  250  254  257  257  256  252  246  239  232  226  222
  219  216  212  209  208  210  214  219  224  228  231  235  241  249  259  270
  280  290  297  302  305  305  302  295  283  269  254  241  230  221  214  208
  202  198  195  194  194  193  191  187  183  178  174  170  168  167  166  166
  168  174  182  192  202  208  211  212  213
    37.5-180.0 180.0   5.0 450.0                            LAT/LON1/LON2/DLON/H
  220  222  228  236  246  253  260  265  268  269  268  263  256  248  242  237
  233  230  227  225  225  226  230  234  239  243  247  253  261  270  281  294
  306  317  325  330  331  329  323  312  298  282  266  252  241  232  225  218
  212  208  205  204  203  202  200  197  193  188  184  181  179  177  176  176
  177  181  190  201  212  219  221  221  220
    35.0-180.0 180.0   5.0 450.0                            LAT/LON1/LON2/DLON/H
  223  223  227  234  243  252  260  268  275  279  281  278  273  266  259  254
  250  247  245  243  243  245  248  251  255  260  267  275  285  296  309  322
  336  347  355  358  357  351  341  327  312  295  279  265  253  243  234  226
  219  214  211  209  208  207  205  202  199  195  191  189  187  185  184  182
  182  185  192  204  216  224  227  226  223
    32.5-180.0 180.0   5.0 450.0                            LAT/LON1/LON2/DLON/H
  223  221  223  229  238  247  257  268  278  286  291  292  289  283  278  272
  268  265  263  262  263  265  267  270  274  280  290  301  313  326  339  353
  367  379  385  385  379  368  354  338  321  305  289  275  262  250  239  229
  221  215  211  208  207  206  204  202  200  197  195  193  192  190  188  185
  183  184  189  200  213  223  227  226  223
    30.0-180.0 180.0   5.0 450.0                            LAT/LON1/LON2/DLON/H
  220  218  219  224  231  241  253  266  279  291  299  304  304  301  297  292
  288  285  283  282  283  285  287  289  294  302  315  330  345  359  372  385
  398  408  412  407  396  379  361  342  325  308  293  278  264  250  236  224
  214  207  203  201  199  198  198  197  196  194  193  193  192  191  189  185
  181  179  182  192  205  216  222  222  220
    27.5-180.0 180.0   5.0 450.0                            LAT/LON1/LON2/DLON/H
  216  215  216  220  227  237  250  264  280  294  306  314  318  319  317  314
  310  307  305  304  305  306  308  311  316  326  342  359  376  391  404  416
  427  434  433  422  404  381  358  337  319  303  288  273  258  241  225  211
  200  193  189  187  186  185  186  186  186  187  187  187  188  188  186  182
  176  171  173  181  193  206  214  217  216
    25.0-180.0 180.0   5.0 450.0                            LAT/LON1/LON2/DLON/H
  213  214  217  221  228  238  251  266  283  299  313  324  332  336  338  337
  335  332  330  328  329  330  331  334  340  351  369  388  407  421  433  443
  451  453  446  428  402  373  346  323  305  289  274  259  242  224  207  192
  181  175  171  169  168  169  170  171  173  175  176  178  179  180  179  175
  169  163  162  169  181  194  205  211  213
    22.5-180.0 180.0   5.0 450.0                            LAT/LON1/LON2/DLON/H
  213  217  221  227  234  244  257  273  290  306  322  335  346  354  359  361
  361  359  357  355  355  355  356  359  365  377  395  415  433  447  456  464
  468  465  452  426  392  357  326  302  283  267  253  238  220  202  184  170
  161  155  152  151  151  151  153  155  157  160  162  164  167  169  169  167
  161  155  153  158  170  184  198  207  213
    20.0-180.0 180.0   5.0 450.0                            LAT/LON1/LON2/DLON/H
  216  223  230  236  244  255  268  283  299  316  332  347  361  372  380  386
  388  388  386  385  384  383  383  385  390  401  418  437  454  466  474  479
  479  471  450  417  377  337  304  278  259  244  229  214  197  180  164  151
  143  139  137  136  136  136  137  140  142  144  146  149  151  154  156  156
  153  148  146  150  161  177  193  206  216
    17.5-180.0 180.0   5.0 450.0                            LAT/LON1/LON2/DLON/H
  220  231  240  248  257  268  281  296  311  327  343  360  376  389  400  409
  414  417  416  415  413  411  410  411  415  424  438  454  468  478  484  487
  484  470  443  404  359  317  283  257  238  223  209  195  179  164  150  139
  133  129  127  126  125  125  125  127  128  130  131  133  135  138  142  144
  143  140  140  144  156  172  190  206  220
    15.0-180.0 180.0   5.0 450.0                            LAT/LON1/LON2/DLON/H
  225  239  250  260  270  282  295  309  323  338  354  371  388  404  417  429
  437  443  444  443  440  437  435  434  436  442  452  465  476  484  489  490
  483  465  433  391  345  303  269  245  226  212  198  184  171  157  146  137
  132  128  125  122  120  118  118  118  118  118  118  119  120  122  126  130
  132  132  134  140  152  169  189  208  225
    12.5-180.0 180.0   5.0 450.0                            LAT/LON1/LON2/DLON/H
  229  245  258  270  281  293  306  320  333  348  364  381  398  415  430  443
  455  463  467  466  463  459  455  453  453  456  462  470  478  484  488  487
  478  457  423  380  335  297  267  244  227  212  199  186  174  163  153  145
  139  134  128  123  119  116  114  113  111  110  109  107  107  108  112  117
  121  124  127  135  148  167  188  210  229
    10.0-180.0 180.0   5.0 450.0                            LAT/LON1/LON2/DLON/H
  231  248  263  277  290  303  316  329  342  356  371  388  405  421  436  451
  465  476  481  481  478  473  468  465  463  464  467  472  476  480  483  481
  470  448  413  372  333  299  274  255  239  224  211  198  187  177  167  159
  151  143  134  127  120  116  113  110  107  105  102   99   97   97   99  104
  109  114  120  129  144  164  187  210  231
     7.5-180.0 180.0   5.0 450.0                            LAT/LON1/LON2/DLON/H
  231  249  266  281  296  311  324  336  348  362  377  393  409  424  438  453
  468  480  487  487  484  478  474  470  468  468  468  469  471  473  474  470
  459  436  403  367  334  308  289  273  259  244  230  217  205  194  184  173
  162  151  139  129  120  115  111  108  104  101   97   93   90   89   90   94
   99  104  111  122  138  159  184  209  231
     5.0-180.0 180.0   5.0 450.0                            LAT/LON1/LON2/DLON/H
  229  249  267  285  302  319  333  345  356  369  383  398  412  425  437  451
  465  477  483  484  481  476  472  469  468  467  466  465  464  463  462  456
  443  421  392  362  337  318  305  292  279  264  249  235  222  209  196  183
  169  154  139  126  117  111  107  104  101   97   93   89   86   84   84   86
   90   95  102  113  130  153  179  205  229
     2.5-180.0 180.0   5.0 450.0                            LAT/LON1/LON2/DLON/H
  225  247  268  288  309  328  343  355  366  378  391  405  417  426  436  446
  458  468  474  475  472  468  466  465  465  464  462  459  455  451  446  438
  423  401  376  353  335  323  314  304  291  276  260  244  229  215  199  183
  166  148  131  117  108  102   99   97   94   91   88   86   83   81   81   82
   84   87   93  104  121  145  173  200  225
