IONEX/c2pg1680.22i
     1.0            IONOSPHERE MAPS     GNSS                IONEX VERSION / TYPE
IONINX V5.5         AIUB                16-JUN-22 08:49     PGM / RUN BY / DATE 
CODE'S 2-DAY PREDICTED IONOSPHERE MAPS FOR DAY 168, 2022    COMMENT             
Global ionosphere maps (GIM) are generated on a daily basis DESCRIPTION         
at CODE using data from about 120 GNSS sites of the IGS and DESCRIPTION         
other institutions. The vertical total electron content     DESCRIPTION         
(VTEC) is modeled in a solar-geomagnetic reference frame    DESCRIPTION         
using a spherical harmonics expansion up to degree and      DESCRIPTION         
order 15. Piece-wise linear functions are used for          DESCRIPTION         
representation in the time domain. The time spacing of      DESCRIPTION         
their vertices is 1 hour, conforming with the epochs of the DESCRIPTION         
VTEC maps.                                                  DESCRIPTION         
To convert line-of-sight TEC into vertical TEC, a modified  DESCRIPTION         
single-layer model mapping function approximating the JPL   DESCRIPTION         
extended slab model mapping function is adopted. The        DESCRIPTION         
mapping function is evaluated at geodetic satellite         DESCRIPTION         
elevation angles. For the computation of the ionospheric    DESCRIPTION         
pierce points, a spherical layer with a radius of 6821 km   DESCRIPTION         
is assumed, implying geocentric, not geodetic IONEX         DESCRIPTION         
latitudes.                                                  DESCRIPTION         
Instrumental biases with respect to each involved GNSS code DESCRIPTION         
observable are estimated as constant values for each        DESCRIPTION         
day. They are modeled with one set of bias parameters for   DESCRIPTION         
each satellite and each station in case of GPS and for each DESCRIPTION         
satellite-station link in case of GLONASS. The code bias    DESCRIPTION         
datum is defined by zero-mean conditions imposed on the     DESCRIPTION         
satellite bias estimates. In this file, just GPS C1W-C2W    DESCRIPTION         
satellite and station bias values are included. The         DESCRIPTION         
complete set of GNSS code bias results is provided in an    DESCRIPTION         
additional Bias-SINEX file as pseudo-absolute values        DESCRIPTION         
specific to each observable.                                DESCRIPTION         
Contact address: code(at)aiub.unibe.ch                      DESCRIPTION         
Data archive:    ftp.aiub.unibe.ch/CODE/                    DESCRIPTION         
                 www.aiub.unibe.ch/download/CODE/           DESCRIPTION         
  2022     6    17     0     0     0                        EPOCH OF FIRST MAP  
  2022     6    18     0     0     0                        EPOCH OF LAST MAP   
  3600                                                      INTERVAL            
    25                                                      # OF MAPS IN FILE   
  NONE                                                      MAPPING FUNCTION    
    10.0                                                    ELEVATION CUTOFF    
One-way carrier phase leveled to code                       OBSERVABLES USED    
  6371.0                                                    BASE RADIUS         
     2                                                      MAP DIMENSION       
   450.0 450.0   0.0                                        HGT1 / HGT2 / DHGT  
    87.5 -87.5  -2.5                                        LAT1 / LAT2 / DLAT  
  -180.0 180.0   5.0                                        LON1 / LON2 / DLON  
    -1                                                      EXPONENT            
TEC/RMS values in 0.1 TECU; 9999, if no value available     COMMENT             
                                                            END OF HEADER       
[from data line 429]
     2                                                      START OF TEC MAP    
  2022     6    17     1     0     0                        EPOCH OF CURRENT MAP
    87.5-180.0 180.0   5.0 450.0                            LAT/LON1/LON2/DLON/H
  151  152  152  153  154  154  155  156  156  156  157  157  157  157  157  156
  156  155  155  154  153  153  152  151  150  149  148  147  146  144  143  142
  141  140  139  139  138  137  136  136  135  135  135  134  134  134  134  134
  134  135  135  135  136  136  137  137  138  139  139  140  141  141  142  143
  144  145  146  146  147  148  149  150  151
    85.0-180.0 180.0   5.0 450.0                            LAT/LON1/LON2/DLON/H
  154  156  158  159  161  162  163  165  166  166  167  167  168  168  167  167
  166  165  164  163  161  159  158  156  154  151  149  147  145  143  141  139
  137  135  134  132  131  130  129  128  127  126  126  126  126  126  126  127
  127  128  129  129  130  131  132  133  134  135  136  138  139  140  141  142
  143  144  146  147  148  150  151  153  154
    82.5-180.0 180.0   5.0 450.0                            LAT/LON1/LON2/DLON/H
  156  158  160  163  165  167  169  171  173  174  175  176  176  176  175  175
  173  172  170  168  166  163  160  158  155  152  149  145  143  140  137  134
  132  130  128  126  125  124  123  122  121  121  121  121  121  122  122  123
  124  125  127  128  129  131  132  134  135  136  137  139  140  141  142  142
  143  144  146  147  148  150  152  154  156
    80.0-180.0 180.0   5.0 450.0                            LAT/LON1/LON2/DLON/H
  156  158  161  164  167  170  173  175  177  179  180  181  181  180  179  178
  176  174  172  169  166  163  159  156  152  148  145  141  138  135  132  129
  127  125  124  123  122  121  120  120  120  120  120  120  121  122  123  124
  126  127  129  131  133  135  137  138  140  141  142  143  144  144  145  145
  145  146  146  147  148  149  151  153  156
    77.5-180.0 180.0   5.0 450.0                            LAT/LON1/LON2/DLON/H
  155  158  161  165  168  172  175  178  180  182  183  183  182  181  179  177
  174  172  168  165  162  158  154  150  146  142  138  135  131  129  126  124
  123  122  121  121  121  121  121  121  122  122  123  124  125  126  127  129
  131  133  135  137  139  142  144  146  148  149  150  151  151  151  150  149
  149  148  148  148  148  149  150  152  155
    75.0-180.0 180.0   5.0 450.0                            LAT/LON1/LON2/DLON/H
  155  158  161  165  169  173  177  180  182  184  184  183  182  179  176  173
  169  166  162  158  154  150  146  142  138  134  130  127  124  122  120  119
  119  119  120  121  122  123  124  125  126  127  128  129  131  132  134  136
  138  140  142  145  147  150  152  155  156  158  159  159  159  158  157  156
  154  153  152  151  150  150  151  153  155
    72.5-180.0 180.0   5.0 450.0                            LAT/LON1/LON2/DLON/H
  157  160  163  166  170  174  178  181  184  185  185  183  181  177  173  168
  164  159  154  150  146  142  138  134  130  126  122  119  117  115  115  115
  116  118  120  122  124  125  127  128  130  132  133  135  137  139  141  143
  145  148  150  152  155  158  160  163  165  166  168  168  168  167  166  164
  162  160  158  156  155  155  155  155  157
    70.0-180.0 180.0   5.0 450.0                            LAT/LON1/LON2/DLON/H
  161  163  165  168  171  175  179  182  185  186  186  184  181  176  171  165
  159  154  149  144  140  136  132  128  123  120  116  113  111  111  111  113
  115  118  120  123  125  127  128  130  132  134  137  139  142  145  148  150
  152  155  157  159  161  164  167  169  171  173  175  176  176  175  174  173
  171  169  167  165  163  162  161  161  161
    67.5-180.0 180.0   5.0 450.0                            LAT/LON1/LON2/DLON/H
  168  168  169  170  173  176  179  183  185  187  187  186  182  178  172  165
  159  152  147  142  138  134  130  126  122  118  114  111  110  110  111  113
  115  118  121  123  124  126  127  129  131  134  137  141  145  148  152  155
  158  160  162  164  166  168  171  173  176  178  180  181  182  182  182  181
  180  179  177  176  174  172  170  169  168
    65.0-180.0 180.0   5.0 450.0                            LAT/LON1/LON2/DLON/H
  177  175  174  173  174  176  178  182  185  187  188  187  185  181  175  169
  162  156  150  145  141  137  133  129  125  121  117  114  113  113  114  116
  118  119  121  121  122  122  122  124  126  129  134  139  144  149  154  158
  162  164  166  168  170  171  173  176  178  180  182  184  186  187  188  189
  189  189  188  187  186  184  182  179  177
    62.5-180.0 180.0   5.0 450.0                            LAT/LON1/LON2/DLON/H
  187  184  180  178  176  176  178  180  182  185  187  188  187  184  180  174
  168  162  157  153  149  146  142  138  134  130  126  123  121  120  120  121
  121  121  120  119  118  116  116  116  119  122  128  134  141  148  154  159
  164  167  169  171  172  174  175  177  179  181  183  186  188  190  192  194
  196  197  198  198  198  196  194  191  187
    60.0-180.0 180.0   5.0 450.0                            LAT/LON1/LON2/DLON/H
  198  194  189  185  181  179  178  178  180  182  185  187  187  186  184  180
  176  171  167  164  161  158  155  152  148  143  139  135  132  130  129  127
  126  123  120  116  113  110  108  109  111  115  121  128  136  144  152  159
  164  168  171  174  175  177  178  179  181  182  184  186  189  191  195  198
  201  203  206  207  208  207  205  202  198
    57.5-180.0 180.0   5.0 450.0                            LAT/LON1/LON2/DLON/H
  210  205  200  194  189  184  181  179  178  179  181  183  185  186  186  185
  183  180  178  176  174  173  170  168  164  159  155  150  146  142  138  135
  130  125  120  114  109  105  103  103  105  109  115  123  131  140  149  157
  164  170  174  178  180  181  182  183  184  184  185  187  189  192  195  199
  202  206  209  212  214  215  215  213  210
    55.0-180.0 180.0   5.0 450.0                            LAT/LON1/LON2/DLON/H
  221  218  213  207  201  194  188  183  180  178  178  179  182  184  186  187
  187  187  187  187  187  186  185  183  180  176  170  165  159  153  147  141
  135  127  120  113  107  103  100  100  102  106  111  118  126  135  145  155
  164  172  178  183  187  189  190  190  189  188  188  188  189  191  194  198
  201  206  210  214  218  220  222  222  221
    52.5-180.0 180.0   5.0 450.0                            LAT/LON1/LON2/DLON/H
  231  230  227  223  216  209  201  193  186  181  177  177  178  180  183  186
  189  192  194  196  197  198  198  197  194  190  184  177  170  162  155  147
  138  129  121  113  108  104  102  102  104  107  111  116  123  131  141  152
  164  175  184  191  196  199  200  200  198  196  194  192  191  192  194  196
  199  203  207  212  218  222  227  230  231
    50.0-180.0 180.0   5.0 450.0                            LAT/LON1/LON2/DLON/H
  239  241  241  239  234  227  218  208  198  189  182  177  176  177  180  184
  189  194  199  202  205  207  208  207  204  200  194  186  178  169  159  150
  141  131  123  116  112  109  108  108  109  111  113  116  121  129  139  152
  166  179  192  201  208  212  214  213  210  206  202  199  196  195  194  195
  197  200  204  210  216  223  229  235  239
    47.5-180.0 180.0   5.0 450.0                            LAT/LON1/LON2/DLON/H
  245  250  253  254  251  246  238  227  214  202  191  183  178  177  179  184
  190  197  203  208  212  214  214  213  211  206  199  191  182  172  162  152
  143  135  128  122  119  117  117  118  118  118  118  119  122  128  139  153
  169  186  201  213  222  227  229  228  225  220  214  209  204  200  198  197
  197  199  202  208  215  223  231  238  245
    45.0-180.0 180.0   5.0 450.0                            LAT/LON1/LON2/DLON/H
  250  257  262  265  266  263  256  246  234  220  206  195  187  183  183  187
  193  201  208  214  217  219  218  217  213  208  201  193  183  173  164  155
  147  141  135  132  130  129  129  129  129  128  126  125  126  131  141  157
  175  194  212  226  235  241  244  243  240  235  228  221  215  209  205  202
  200  201  204  210  217  225  233  242  250
    42.5-180.0 180.0   5.0 450.0                            LAT/LON1/LON2/DLON/H
  254  261  267  272  275  275  271  263  252  239  224  211  200  194  192  194
  200  208  215  221  223  223  221  218  214  209  202  193  184  175  166  159
  154  150  146  144  143  142  142  142  141  139  136  133  133  137  147  163
  183  204  222  237  247  253  257  257  255  250  243  235  228  221  215  211
  209  209  211  217  223  231  238  246  254
    40.0-180.0 180.0   5.0 450.0                            LAT/LON1/LON2/DLON/H
  260  266  272  277  281  283  281  277  268  257  243  230  218  210  206  207
  212  219  226  230  231  228  225  220  215  209  203  195  186  178  171  167
  164  162  160  159  158  157  156  155  153  151  148  145  143  146  155  171
  191  212  231  245  255  262  266  268  267  263  257  249  242  235  229  224
  221  221  224  229  235  242  248  254  260
    37.5-180.0 180.0   5.0 450.0                            LAT/LON1/LON2/DLON/H
  270  274  278  282  286  288  289  287  281  273  262  249  238  228  223  222
  226  232  238  241  240  235  229  223  218  212  205  198  190  183  179  176
  176  176  176  175  173  171  169  167  166  164  161  157  155  157  164  178
  197  217  235  249  258  265  271  275  276  274  268  262  255  249  243  239
  236  237  241  247  253  259  263  267  270
    35.0-180.0 180.0   5.0 450.0                            LAT/LON1/LON2/DLON/H
  287  289  291  293  295  297  297  296  292  286  278  268  257  247  241  239
  242  247  251  252  249  243  236  229  223  217  211  204  197  191  188  187
  189  191  192  191  188  184  181  179  178  176  174  170  167  166  171  183
  200  218  234  246  255  263  270  276  280  279  276  271  266  261  257  254
  253  256  261  268  275  280  283  285  287
    32.5-180.0 180.0   5.0 450.0                            LAT/LON1/LON2/DLON/H
  312  313  314  314  313  313  311  309  305  300  293  285  275  266  259  256
  257  261  263  263  259  252  244  237  231  225  219  213  206  200  197  198
  200  203  204  203  199  195  191  189  187  187  184  181  176  173  175  183
  197  212  226  238  246  255  264  272  278  280  279  276  273  271  269  268
  270  274  282  291  299  305  308  310  312
    30.0-180.0 180.0   5.0 450.0                            LAT/LON1/LON2/DLON/H
  343  345  347  346  344  340  335  330  324  318  311  303  293  283  275  271
  271  272  273  272  267  260  253  247  241  235  229  221  214  208  204  204
  207  210  211  209  205  201  197  195  194  193  191  186  180  174  173  177
  187  200  213  224  233  243  254  264  273  277  277  277  276  277  278  280
  284  291  301  313  323  331  336  339  343
    27.5-180.0 180.0   5.0 450.0                            LAT/LON1/LON2/DLON/H
  377  383  388  389  386  380  371  362  352  343  334  324  313  301  292  286
  283  282  281  278  273  267  262  256  250  244  236  228  219  211  206  205
  206  208  209  207  204  200  197  195  195  194  191  185  177  169  164  165
  172  183  195  206  217  229  242  255  265  271  273  275  277  280  285  290
  297  306  318  332  344  355  363  370  377
    25.0-180.0 180.0   5.0 450.0                            LAT/LON1/LON2/DLON/H
  411  422  432  436  435  428  417  404  390  377  364  350  337  323  311  302
  296  292  287  281  276  272  268  263  257  249  240  229  218  208  201  198
  198  198  199  198  195  193  191  190  189  187  184  177  167  157  149  148
  152  162  174  188  201  216  231  245  257  264  268  272  277  283  291  299
  307  319  332  348  363  376  388  399  411
    22.5-180.0 180.0   5.0 450.0                            LAT/LON1/LON2/DLON/H
  439  456  472  482  484  479  467  452  435  417  401  383  366  349  334  321
  311  302  292  284  278  274  270  266  259  249  237  224  211  199  190  184
  182  182  182  181  180  179  179  178  177  174  169  162  151  140  131  128
  131  141  154  170  187  205  223  238  251  259  265  271  279  288  298  308
  318  331  345  361  377  392  407  422  439
    20.0-180.0 180.0   5.0 450.0                            LAT/LON1/LON2/DLON/H
  458  480  501  516  524  522  513  498  480  461  441  421  400  380  361  345
  330  314  299  286  277  273  269  264  254  242  227  212  198  184  174  166
  163  161  161  160  161  161  162  161  159  156  150  142  132  121  112  108
  111  121  136  156  177  198  218  235  248  258  267  275  285  297  308  320
  331  344  358  373  389  404  420  438  458
    17.5-180.0 180.0   5.0 450.0                            LAT/LON1/LON2/DLON/H
  466  490  514  534  547  551  545  534  518  500  480  459  436  413  392  372
  351  329  307  289  276  269  263  256  244  228  212  195  181  167  156  148
  143  141  140  140  141  142  143  142  139  134  129  122  113  104   96   92
   94  105  122  145  170  194  217  235  250  262  273  285  297  310  323  336
  347  359  372  385  399  413  428  446  466
    15.0-180.0 180.0   5.0 450.0                            LAT/LON1/LON2/DLON/H
  465  487  511  534  550  559  559  553  542  528  511  490  468  445  422  399
  373  345  316  291  273  262  254  243  227  209  192  176  163  150  140  133
  128  126  125  124  125  125  125  123  119  115  109  103   97   89   83   79
   82   92  111  136  165  193  218  239  256  270  285  299  314  329  342  355
  367  378  388  399  410  421  433  447  465
    12.5-180.0 180.0   5.0 450.0                            LAT/LON1/LON2/DLON/H
  457  475  496  517  536  547  553  553  548  540  527  510  490  469  446  422
  392  358  323  292  269  254  241  226  208  189  172  158  147  138  130  124
  120  118  117  116  115  114  112  108  104   99   95   90   85   80   75   71
   73   83  103  130  162  193  220  243  263  281  299  317  334  350  364  377
  388  398  407  414  421  428  436  445  457
    10.0-180.0 180.0   5.0 450.0                            LAT/LON1/LON2/DLON/H
  449  460  475  493  509  522  530  535  537  535  527  515  499  481  461  436
  404  366  326  291  263  243  226  208  188  169  154  144  137  131  126  122
  120  118  117  115  113  109  105  100   94   90   86   83   79   75   70   67
   68   77   96  124  157  191  221  247  269  291  313  334  353  369  384  397
  409  418  425  430  433  437  440  443  449
     7.5-180.0 180.0   5.0 450.0                            LAT/LON1/LON2/DLON/H
  445  449  457  469  481  491  500  507  513  515  513  505  494  480  462  438
  406  366  324  286  255  232  212  192  171  154  142  137  134  132  129  127
  126  126  124  121  117  111  104   97   91   86   83   80   77   73   68   64
   64   71   88  116  151  187  220  247  273  297  322  346  367  384  398  412
  424  434  440  444  445  446  446  445  445
     5.0-180.0 180.0   5.0 450.0                            LAT/LON1/LON2/DLON/H
  447  446  449  454  460  466  472  479  485  489  488  483  476  466  451  429
  397  357  315  277  246  222  200  179  159  145  137  136  137  137  136  135
  136  136  135  131  124  116  106   98   91   86   83   79   75   71   65   61
   59   64   80  107  142  179  214  244  271  297  325  350  372  389  403  417
  431  442  449  452  454  454  453  451  447
     2.5-180.0 180.0   5.0 450.0                            LAT/LON1/LON2/DLON/H
  455  453  452  452  452  453  454  457  461  463  462  458  452  444  431  410
  380  342  302  266  237  213  191  171  154  142  138  140  143  145  145  144
  144  145  144  139  132  121  110  100   93   88   83   78   73   67   61   56
   53   57   70   96  130  168  204  235  262  290  318  344  366  382  396  411
  426  439  448  453  456  459  460  458  455
