IONEX/c2pg1680.22i
     1.0            IONOSPHERE MAPS     GNSS                IONEX VERSION / TYPE
IONINX V5.5         AIUB                16-JUN-22 08:49     PGM / RUN BY / DATE 
CODE'S 2-DAY PREDICTED IONOSPHERE MAPS FOR DAY 168, 2022    COMMENT             
Global ionosphere maps (GIM) are generated on a daily basis DESCRIPTION         
at CODE using data from about 120 GNSS sites of the IGS and DESCRIPTION         
other institutions. The vertical total electron content     DESCRIPTION         
(VTEC) is modeled in a solar-geomagnetic reference frame    DESCRIPTION         
using a spherical harmonics expansion up to degree and      DESCRIPTION         
order 15. Piece-wise linear functions are used for          DESCRIPTION         
representation in the time domain. The time spacing of      DESCRIPTION         
their vertices is 1 hour, conforming with the epochs of the DESCRIPTION         
VTEC maps.                                                  DESCRIPTION         
To convert line-of-sight TEC into vertical TEC, a modified  DESCRIPTION         
single-layer model mapping function approximating the JPL   DESCRIPTION         
extended slab model mapping function is adopted. The        DESCRIPTION         
mapping function is evaluated at geodetic satellite         DESCRIPTION         
elevation angles. For the computation of the ionospheric    DESCRIPTION         
pierce points, a spherical layer with a radius of 6821 km   DESCRIPTION         
is assumed, implying geocentric, not geodetic IONEX         DESCRIPTION         
latitudes.                                                  DESCRIPTION         
Instrumental biases with respect to each involved GNSS code DESCRIPTION         
observable are estimated as constant values for each        DESCRIPTION         
day. They are modeled with one set of bias parameters for   DESCRIPTION         
each satellite and each station in case of GPS and for each DESCRIPTION         
satellite-station link in case of GLONASS. The code bias    DESCRIPTION         
datum is defined by zero-mean conditions imposed on the     DESCRIPTION         
satellite bias estimates. In this file, just GPS C1W-C2W    DESCRIPTION         
satellite and station bias values are included. The         DESCRIPTION         
complete set of GNSS code bias results is provided in an    DESCRIPTION         
additional Bias-SINEX file as pseudo-absolute values        DESCRIPTION         
specific to each observable.                                DESCRIPTION         
Contact address: code(at)aiub.unibe.ch                      DESCRIPTION         
Data archive:    ftp.aiub.unibe.ch/CODE/                    DESCRIPTION         
                 www.aiub.unibe.ch/download/CODE/           DESCRIPTION         
  2022     6    17     0     0     0                        EPOCH OF FIRST MAP  
  2022     6    18     0     0     0                        EPOCH OF LAST MAP   
  3600                                                      INTERVAL            
    25                                                      # OF MAPS IN FILE   
  NONE                                                      MAPPING FUNCTION    
    10.0                                                    ELEVATION CUTOFF    
One-way carrier phase leveled to code                       OBSERVABLES USED    
  6371.0                                                    BASE RADIUS         
     2                                                      MAP DIMENSION       
   450.0 450.0   0.0                                        HGT1 / HGT2 / DHGT  
    87.5 -87.5  -2.5                                        LAT1 / LAT2 / DLAT  
  -180.0 180.0   5.0                                        LON1 / LON2 / DLON  
    -1                                                      EXPONENT            
TEC/RMS values in 0.1 TECU; 9999, if no value available     COMMENT             
                                                            END OF HEADER       
[from data line 10296]
    25                                                      START OF TEC MAP    
  2022     6    18     0     0     0                        EPOCH OF CURRENT MAP
    87.5-180.0 180.0   5.0 450.0                            LAT/LON1/LON2/DLON/H
  159  160  161  162  162  163  164  164  165  165  166  166  166  166  165  165
  164  164  163  162  161  160  159  158  156  155  154  152  151  149  148  147
  145  144  143  142  141  140  139  138  138  137  137  137  137  137  137  137
  138  138  138  139  140  140  141  142  143  144  145  146  147  148  149  150
  151  152  153  154  155  156  157  158  159
    85.0-180.0 180.0   5.0 450.0                            LAT/LON1/LON2/DLON/H
  164  166  168  170  172  173  175  176  178  179  179  180  180  180  180  179
  179  177  176  174  172  170  168  165  163  160  157  154  151  148  146  143
  141  138  136  134  132  131  129  128  127  127  127  126  127  127  128  128
  129  130  132  133  134  136  137  139  140  142  143  144  146  147  149  150
  151  153  154  156  157  159  161  163  164
    82.5-180.0 180.0   5.0 450.0                            LAT/LON1/LON2/DLON/H
  166  168  171  174  177  179  182  184  187  188  190  191  192  192  192  191
  190  188  186  184  181  178  175  171  167  163  159  155  151  147  144  140
  137  134  131  128  126  124  123  122  121  121  121  121  122  123  124  125
  127  129  131  133  135  137  139  141  143  144  146  147  149  150  151  152
  153  154  155  156  158  160  161  164  166
    80.0-180.0 180.0   5.0 450.0                            LAT/LON1/LON2/DLON/H
  164  167  170  174  177  181  185  188  191  194  196  198  199  199  199  198
  197  195  192  189  186  182  177  173  168  164  159  154  150  145  141  137
  134  131  128  126  124  122  121  120  120  120  120  121  122  124  126  128
  130  133  136  138  141  143  146  148  150  151  153  154  154  155  155  155
  155  155  155  156  156  158  159  161  164
    77.5-180.0 180.0   5.0 450.0                            LAT/LON1/LON2/DLON/H
  160  163  167  171  175  180  184  189  192  196  198  200  201  201  201  200
  198  195  192  189  185  180  176  171  166  161  156  151  146  142  138  135
  132  130  127  126  124  123  122  122  122  123  124  125  127  129  132  135
  138  141  144  147  150  153  156  158  159  161  162  162  162  161  160  159
  158  157  155  155  154  154  155  157  160
    75.0-180.0 180.0   5.0 450.0                            LAT/LON1/LON2/DLON/H
  156  159  163  167  172  177  182  187  191  194  197  199  199  199  198  197
  195  192  188  184  180  175  170  165  159  154  150  145  141  138  135  133
  131  129  128  127  126  126  126  126  127  128  130  132  134  137  140  144
  147  151  154  158  161  163  166  168  169  170  171  171  170  169  167  165
  162  160  157  155  153  152  152  153  156
    72.5-180.0 180.0   5.0 450.0                            LAT/LON1/LON2/DLON/H
  154  156  160  164  169  175  180  185  189  192  194  196  196  195  194  192
  189  186  182  177  172  167  162  157  152  147  143  139  136  134  132  131
  130  129  129  129  129  129  130  130  132  133  135  138  141  144  148  152
  156  159  163  167  170  172  174  176  177  178  179  179  178  177  175  172
  169  165  162  159  156  154  152  153  154
    70.0-180.0 180.0   5.0 450.0                            LAT/LON1/LON2/DLON/H
  156  158  161  164  169  173  178  182  186  189  191  192  192  192  190  187
  184  180  176  171  166  160  155  150  145  140  136  134  132  130  130  130
  130  130  130  130  130  130  131  132  134  136  138  141  144  148  152  156
  161  165  169  173  175  178  180  181  182  183  184  185  185  184  183  180
  178  174  170  166  162  159  157  156  156
    67.5-180.0 180.0   5.0 450.0                            LAT/LON1/LON2/DLON/H
  163  163  165  167  170  174  178  181  184  187  189  190  190  189  187  185
  181  177  172  167  162  156  151  146  141  137  134  131  130  130  130  130
  130  130  130  129  129  129  130  131  132  134  137  140  143  147  152  157
  162  167  171  175  178  180  181  183  184  185  187  189  190  190  190  189
  188  185  181  178  174  170  167  165  163
    65.0-180.0 180.0   5.0 450.0                            LAT/LON1/LON2/DLON/H
  175  173  173  173  174  176  178  181  183  186  188  189  189  189  188  185
  182  178  173  168  162  157  152  147  143  139  136  134  133  133  133  133
  132  131  129  128  126  125  125  126  128  130  132  135  139  143  148  153
  159  164  169  173  177  179  180  182  183  185  188  190  193  195  197  198
  198  197  195  192  188  185  181  177  175
    62.5-180.0 180.0   5.0 450.0                            LAT/LON1/LON2/DLON/H
  189  186  183  181  180  180  181  181  183  185  187  188  190  191  190  189
  186  182  177  173  168  163  158  154  150  147  144  142  141  140  139  138
  136  133  129  125  122  120  120  121  122  124  126  129  132  135  140  146
  153  159  165  170  173  176  178  179  181  184  187  191  195  199  202  205
  207  208  208  207  204  201  197  193  189
    60.0-180.0 180.0   5.0 450.0                            LAT/LON1/LON2/DLON/H
  204  199  195  192  189  186  184  183  183  184  186  188  191  193  194  193
  191  188  185  181  177  173  170  166  163  159  156  154  152  151  149  146
  141  136  129  123  119  116  115  115  117  119  120  122  124  127  132  138
  145  152  159  165  170  173  175  177  179  182  186  190  195  200  205  209
  213  216  218  219  218  216  213  208  204
    57.5-180.0 180.0   5.0 450.0                            LAT/LON1/LON2/DLON/H
  218  213  208  203  199  194  190  187  185  184  185  188  191  194  196  197
  197  195  193  190  187  185  183  181  179  176  172  169  166  163  159  154
  148  139  131  123  117  113  112  113  114  115  116  117  118  120  124  130
  137  146  154  162  167  171  174  177  179  182  186  190  195  199  204  209
  215  219  224  227  228  228  226  222  218
    55.0-180.0 180.0   5.0 450.0                            LAT/LON1/LON2/DLON/H
  229  225  221  216  211  206  200  194  189  187  186  188  191  194  198  200
  201  201  199  198  197  197  197  197  195  192  188  184  179  175  169  162
  154  143  133  124  117  114  113  114  115  115  115  115  114  115  118  124
  132  141  151  160  167  172  176  180  182  185  188  191  194  198  202  207
  212  218  224  229  233  235  234  232  229
    52.5-180.0 180.0   5.0 450.0                            LAT/LON1/LON2/DLON/H
  238  236  233  230  226  220  212  204  197  192  189  189  190  194  197  201
  203  204  204  205  206  208  210  211  210  207  202  196  190  184  177  169
  158  147  136  127  121  118  117  118  119  119  117  116  114  114  116  121
  129  139  150  160  169  176  182  186  188  191  192  193  195  196  199  202
  207  214  221  227  233  237  239  239  238
    50.0-180.0 180.0   5.0 450.0                            LAT/LON1/LON2/DLON/H
  243  244  245  244  241  236  228  219  209  201  195  192  192  193  197  200
  203  206  208  210  213  217  220  222  222  219  213  205  197  190  182  173
  162  151  141  132  127  125  125  126  126  124  122  120  118  117  118  123
  130  141  152  164  174  183  190  195  198  199  199  198  197  196  196  198
  202  208  215  222  229  235  239  242  243
    47.5-180.0 180.0   5.0 450.0                            LAT/LON1/LON2/DLON/H
  248  251  255  257  257  253  246  236  225  214  205  199  196  195  197  200
  204  207  211  214  219  223  228  231  230  226  219  210  201  193  184  175
  166  156  147  140  137  136  135  135  134  132  129  127  124  123  124  128
  135  145  157  170  182  192  201  206  209  210  208  205  202  199  197  197
  200  204  210  217  225  233  239  244  248
    45.0-180.0 180.0   5.0 450.0                            LAT/LON1/LON2/DLON/H
  252  258  264  269  271  270  264  255  243  231  219  210  204  201  201  203
  206  210  215  219  224  230  234  237  236  231  223  213  203  194  186  178
  170  161  155  150  149  148  148  146  144  141  138  136  134  133  134  136
  142  151  163  177  190  203  212  219  222  222  219  215  209  205  202  201
  202  204  208  215  223  232  239  246  252
    42.5-180.0 180.0   5.0 450.0                            LAT/LON1/LON2/DLON/H
  257  265  272  279  284  285  281  274  263  250  237  225  216  211  208  209
  212  216  221  226  232  237  241  243  241  235  226  215  205  196  189  182
  176  170  166  163  163  162  161  158  154  151  148  147  146  145  145  147
  151  159  170  184  199  213  224  231  234  234  230  225  220  215  212  210
  209  209  212  218  226  235  243  251  257
    40.0-180.0 180.0   5.0 450.0                            LAT/LON1/LON2/DLON/H
  266  273  281  288  294  297  296  291  282  270  257  244  233  225  220  219
  221  225  230  236  241  246  248  249  246  239  230  219  209  201  195  190
  185  181  179  178  179  178  175  171  166  162  160  160  160  159  158  158
  160  166  176  190  206  221  233  241  245  245  241  236  231  227  225  223
  221  220  221  225  233  243  252  259  266
    37.5-180.0 180.0   5.0 450.0                            LAT/LON1/LON2/DLON/H
  279  284  291  297  304  308  310  307  301  291  278  265  252  243  236  232
  233  236  242  248  253  257  258  257  253  246  237  226  216  209  204  200
  197  195  195  195  195  194  190  184  179  176  175  175  175  173  171  168
  168  171  179  193  209  225  239  248  252  253  250  246  242  240  239  238
  236  233  233  237  246  256  265  273  279
    35.0-180.0 180.0   5.0 450.0                            LAT/LON1/LON2/DLON/H
  295  299  304  309  314  320  323  324  320  312  300  287  274  263  254  248
  247  249  255  261  266  269  269  267  262  255  246  236  226  219  214  212
  210  210  210  211  210  208  203  197  193  190  190  190  189  186  181  175
  172  172  179  191  208  225  240  250  255  257  256  254  251  251  252  252
  250  248  247  251  261  272  283  290  295
    32.5-180.0 180.0   5.0 450.0                            LAT/LON1/LON2/DLON/H
  315  318  321  325  329  335  340  343  342  335  324  311  298  285  274  266
  262  263  268  275  280  282  281  278  273  265  256  246  237  229  224  222
  222  222  223  223  222  219  214  209  205  204  204  204  201  195  187  178
  172  169  173  185  201  219  235  247  254  257  258  257  257  258  261  262
  262  260  260  266  277  291  303  311  315
    30.0-180.0 180.0   5.0 450.0                            LAT/LON1/LON2/DLON/H
  337  341  343  345  349  355  362  367  367  361  350  336  322  309  295  284
  278  277  282  288  293  295  293  289  283  275  265  255  244  236  230  228
  228  229  230  230  228  225  221  217  215  215  215  214  208  198  187  176
  166  161  163  173  190  208  225  239  248  254  256  257  258  261  265  268
  269  268  271  279  292  308  322  332  337
    27.5-180.0 180.0   5.0 450.0                            LAT/LON1/LON2/DLON/H
  360  365  368  371  375  381  389  395  396  390  378  364  349  334  318  305
  295  292  295  300  305  306  303  298  290  281  271  259  247  236  229  226
  227  228  229  229  227  224  221  218  218  219  220  216  207  194  181  168
  156  149  149  157  173  193  211  227  238  247  252  254  256  259  264  269
  272  274  279  289  306  324  340  352  360
    25.0-180.0 180.0   5.0 450.0                            LAT/LON1/LON2/DLON/H
  380  388  394  398  404  412  421  428  429  422  409  394  378  361  344  327
  315  309  309  313  316  315  311  303  293  282  270  256  242  229  221  217
  217  218  219  219  218  215  213  212  214  216  216  210  198  183  168  155
  143  134  132  139  154  174  195  213  227  238  246  250  252  256  261  267
  272  277  285  299  318  338  356  370  380
    22.5-180.0 180.0   5.0 450.0                            LAT/LON1/LON2/DLON/H
  397  408  417  425  433  443  454  461  462  454  441  425  408  391  372  354
  339  330  326  326  326  323  315  305  291  277  262  247  231  216  205  200
  200  201  203  203  202  200  199  200  202  204  202  195  182  166  151  138
  127  118  114  119  134  155  177  198  216  230  240  245  249  253  259  266
  273  281  292  309  329  350  368  384  397
    20.0-180.0 180.0   5.0 450.0                            LAT/LON1/LON2/DLON/H
  410  424  436  447  457  469  482  491  492  484  470  455  439  422  402  383
  366  354  347  342  337  329  317  302  284  266  249  231  214  198  186  180
  179  181  182  183  182  182  182  182  183  184  182  174  160  145  132  121
  112  103   97  101  115  137  161  185  206  223  236  243  248  253  260  269
  278  288  303  321  342  362  379  395  410
    17.5-180.0 180.0   5.0 450.0                            LAT/LON1/LON2/DLON/H
  420  435  449  461  473  487  501  511  513  506  495  481  467  451  433  414
  396  381  369  359  347  334  316  295  273  251  231  213  196  180  167  160
  159  160  162  163  164  164  164  163  163  162  158  150  137  124  113  106
   98   89   83   85   98  121  148  175  199  219  235  244  251  258  267  277
  288  301  317  337  357  375  390  404  420
    15.0-180.0 180.0   5.0 450.0                            LAT/LON1/LON2/DLON/H
  427  442  455  468  480  495  509  520  522  518  510  500  490  477  461  443
  425  409  393  376  357  336  313  286  259  233  212  195  179  165  153  146
  143  144  146  148  150  151  150  147  143  140  135  128  117  106   98   93
   87   78   71   72   85  109  138  167  195  218  236  249  258  268  279  291
  304  318  336  356  375  390  402  414  427
    12.5-180.0 180.0   5.0 450.0                            LAT/LON1/LON2/DLON/H
  436  447  458  468  480  493  507  517  520  519  515  510  504  495  482  466
  450  433  413  390  364  337  307  275  244  216  196  181  168  157  146  139
  136  136  138  141  144  145  143  137  129  123  118  111  102   94   88   84
   79   70   63   63   76  100  130  163  193  219  240  255  269  282  296  310
  324  339  357  377  394  407  416  425  436
    10.0-180.0 180.0   5.0 450.0                            LAT/LON1/LON2/DLON/H
  446  453  459  466  475  486  498  506  509  509  509  509  508  502  493  481
  466  449  426  399  367  334  299  264  230  202  183  172  164  156  147  140
  137  136  138  142  145  147  143  134  123  114  109  103   95   88   82   78
   73   65   57   57   69   93  125  160  192  220  243  262  279  297  314  329
  344  359  377  397  413  425  432  438  446
     7.5-180.0 180.0   5.0 450.0                            LAT/LON1/LON2/DLON/H
  458  461  463  465  471  479  487  492  494  494  497  501  502  500  493  484
  471  454  430  399  364  327  290  253  219  193  177  169  166  161  154  148
  144  143  145  149  153  154  149  137  124  113  107  101   95   87   80   75
   69   61   53   53   64   88  121  156  190  220  245  266  287  308  329  346
  360  375  393  412  429  440  448  453  458
     5.0-180.0 180.0   5.0 450.0                            LAT/LON1/LON2/DLON/H
  472  472  470  469  471  477  481  481  479  479  482  487  490  489  483  476
  465  448  424  392  355  317  279  243  211  188  175  172  171  169  164  158
  154  153  154  158  162  163  157  144  128  117  110  105   98   89   80   73
   65   57   50   50   60   83  115  151  186  216  242  266  289  314  337  355
  369  383  400  419  437  450  460  468  472
     2.5-180.0 180.0   5.0 450.0                            LAT/LON1/LON2/DLON/H
  483  483  479  477  477  480  481  478  471  468  469  472  474  472  467  459
  449  433  409  377  341  304  268  235  207  187  178  176  177  176  172  167
  162  160  161  165  169  169  163  149  133  121  114  109  101   90   79   69
   61   53   46   46   56   77  107  142  177  208  235  259  285  311  335  354
  367  380  397  416  435  452  466  477  483
