IONEX/c2pg1680.22i
     1.0            IONOSPHERE MAPS     GNSS                IONEX VERSION / TYPE
IONINX V5.5         AIUB                16-JUN-22 08:49     PGM / RUN BY / DATE 
CODE'S 2-DAY PREDICTED IONOSPHERE MAPS FOR DAY 168, 2022    COMMENT             
Global ionosphere maps (GIM) are generated on a daily basis DESCRIPTION         
at CODE using data from about 120 GNSS sites of the IGS and DESCRIPTION         
other institutions. The vertical total electron content     DESCRIPTION         
(VTEC) is modeled in a solar-geomagnetic reference frame    DESCRIPTION         
using a spherical harmonics expansion up to degree and      DESCRIPTION         
order 15. Piece-wise linear functions are used for          DESCRIPTION         
representation in the time domain. The time spacing of      DESCRIPTION         
their vertices is 1 hour, conforming with the epochs of the DESCRIPTION         
VTEC maps.                                                  DESCRIPTION         
To convert line-of-sight TEC into vertical TEC, a modified  DESCRIPTION         
single-layer model mapping function approximating the JPL   DESCRIPTION         
extended slab model mapping function is adopted. The        DESCRIPTION         
mapping function is evaluated at geodetic satellite         DESCRIPTION         
elevation angles. For the computation of the ionospheric    DESCRIPTION         
pierce points, a spherical layer with a radius of 6821 km   DESCRIPTION         
is assumed, implying geocentric, not geodetic IONEX         DESCRIPTION         
latitudes.                                                  DESCRIPTION         
Instrumental biases with respect to each involved GNSS code DESCRIPTION         
observable are estimated as constant values for each        DESCRIPTION         
day. They are modeled with one set of bias parameters for   DESCRIPTION         
each satellite and each station in case of GPS and for each DESCRIPTION         
satellite-station link in case of GLONASS. The code bias    DESCRIPTION         
datum is defined by zero-mean conditions imposed on the     DESCRIPTION         
satellite bias estimates. In this file, just GPS C1W-C2W    DESCRIPTION         
satellite and station bias values are included. The         DESCRIPTION         
complete set of GNSS code bias results is provided in an    DESCRIPTION         
additional Bias-SINEX file as pseudo-absolute values        DESCRIPTION         
specific to each observable.                                DESCRIPTION         
Contact address: code(at)aiub.unibe.ch                      DESCRIPTION         
Data archive:    ftp.aiub.unibe.ch/CODE/                    DESCRIPTION         
                 www.aiub.unibe.ch/download/CODE/           DESCRIPTION         
  2022     6    17     0     0     0                        EPOCH OF FIRST MAP  
  2022     6    18     0     0     0                        EPOCH OF LAST MAP   
  3600                                                      INTERVAL            
    25                                                      # OF MAPS IN FILE   
  NONE                                                      MAPPING FUNCTION    
    10.0                                                    ELEVATION CUTOFF    
One-way carrier phase leveled to code                       OBSERVABLES USED    
  6371.0                                                    BASE RADIUS         
     2                                                      MAP DIMENSION       
   450.0 450.0   0.0                                        HGT1 / HGT2 / DHGT  
    87.5 -87.5  -2.5                                        LAT1 / LAT2 / DLAT  
  -180.0 180.0   5.0                                        LON1 / LON2 / DLON  
    -1                                                      EXPONENT            
TEC/RMS values in 0.1 TECU; 9999, if no value available     COMMENT             
                                                            END OF HEADER       
[from data line 3003]
     8                                                      START OF TEC MAP    
  2022     6    17     7     0     0                        EPOCH OF CURRENT MAP
    87.5-180.0 180.0   5.0 450.0                            LAT/LON1/LON2/DLON/H
  144  145  146  147  148  149  150  151  152  153  154  154  155  156  156  157
  157  157  157  157  157  157  157  156  156  155  155  154  153  152  152  151
  150  149  148  147  146  145  144  144  143  142  141  141  140  140  139  139
  138  138  138  137  137  137  137  137  137  137  137  137  137  137  138  138
  138  139  140  140  141  142  142  143  144
    85.0-180.0 180.0   5.0 450.0                            LAT/LON1/LON2/DLON/H
  141  143  144  146  148  150  151  153  155  157  158  160  161  163  164  165
  165  166  166  166  166  165  164  163  162  161  160  158  156  155  153  151
  150  148  146  145  143  142  141  140  139  138  137  136  136  135  135  134
  134  134  134  134  134  133  133  133  133  133  133  132  132  132  133  133
  133  134  134  135  136  137  138  140  141
    82.5-180.0 180.0   5.0 450.0                            LAT/LON1/LON2/DLON/H
  139  141  143  145  147  149  151  153  155  157  159  161  163  165  166  167
  168  169  169  169  169  168  167  165  163  161  159  156  154  152  149  147
  145  143  142  140  139  137  136  136  135  135  135  135  135  135  136  136
  137  137  138  138  138  139  138  138  138  137  137  136  135  134  134  133
  133  133  133  134  134  135  136  138  139
    80.0-180.0 180.0   5.0 450.0                            LAT/LON1/LON2/DLON/H
  140  142  143  144  146  147  149  150  152  154  156  158  159  161  163  164
  166  166  167  166  166  164  162  160  158  155  152  149  146  144  141  139
  138  136  135  134  134  134  133  134  134  135  136  137  138  140  142  144
  146  148  150  151  152  153  153  152  152  150  149  147  145  143  142  140
  139  138  137  137  137  138  138  139  140
    77.5-180.0 180.0   5.0 450.0                            LAT/LON1/LON2/DLON/H
  145  146  146  146  146  146  147  147  147  148  149  151  152  153  155  156
  158  159  159  159  158  156  154  151  147  144  141  137  134  132  130  129
  129  129  129  130  131  132  133  134  136  138  141  143  147  150  154  157
  161  164  167  170  172  173  174  173  172  170  167  164  161  158  155  152
  149  148  146  145  145  145  145  145  145
    75.0-180.0 180.0   5.0 450.0                            LAT/LON1/LON2/DLON/H
  154  153  152  150  149  147  145  144  143  142  142  142  143  144  145  146
  147  148  148  148  147  145  143  139  135  131  127  124  122  120  119  120
  121  123  125  128  130  133  136  139  142  145  149  153  158  163  168  174
  179  184  188  192  194  196  196  196  194  191  188  184  180  175  171  167
  163  161  159  157  156  156  155  155  154
    72.5-180.0 180.0   5.0 450.0                            LAT/LON1/LON2/DLON/H
  166  163  160  157  153  149  145  142  139  137  135  134  134  134  135  135
  136  137  137  137  136  134  132  128  124  120  116  113  111  110  111  113
  116  120  124  129  133  138  142  146  150  155  160  165  171  177  184  190
  196  202  207  211  214  215  216  215  213  210  206  201  196  191  186  181
  177  174  172  171  170  169  168  167  166
    70.0-180.0 180.0   5.0 450.0                            LAT/LON1/LON2/DLON/H
  178  174  169  164  158  152  147  142  138  134  132  130  128  127  127  127
  127  127  128  128  127  125  123  120  116  112  108  105  104  105  107  111
  116  122  128  134  140  145  150  155  160  165  171  178  184  191  198  205
  211  216  221  224  227  228  228  227  225  221  217  213  207  202  197  192
  189  186  184  183  183  182  182  180  178
    67.5-180.0 180.0   5.0 450.0                            LAT/LON1/LON2/DLON/H
  189  184  178  171  164  157  150  144  139  134  131  128  125  123  122  121
  120  120  120  120  120  119  117  114  111  108  105  103  103  105  108  114
  120  127  135  141  148  154  159  164  170  176  183  189  196  203  210  216
  221  225  228  231  232  232  231  230  227  225  221  217  212  208  203  199
  196  194  193  193  193  194  193  192  189
    65.0-180.0 180.0   5.0 450.0                            LAT/LON1/LON2/DLON/H
  198  193  186  178  170  161  154  147  141  137  133  129  125  122  119  117
  115  114  114  114  114  113  113  111  109  107  106  105  106  109  114  120
  128  136  143  150  157  163  168  174  180  186  193  200  207  214  219  224
  227  229  230  230  230  228  227  225  223  221  218  215  212  208  204  201
  199  198  198  199  201  202  202  201  198
    62.5-180.0 180.0   5.0 450.0                            LAT/LON1/LON2/DLON/H
  205  200  193  185  176  167  159  152  146  140  136  131  127  123  118  115
  112  110  108  108  108  109  109  109  109  109  109  110  113  117  122  130
  137  145  153  159  165  171  177  183  189  196  204  211  217  223  227  229
  231  230  229  227  225  222  219  217  216  214  213  211  208  206  203  200
  199  199  200  202  205  207  208  208  205
    60.0-180.0 180.0   5.0 450.0                            LAT/LON1/LON2/DLON/H
  210  206  200  192  184  175  166  158  151  144  139  133  128  123  118  113
  109  106  104  103  103  104  105  107  108  110  113  116  120  125  132  139
  147  155  162  168  174  179  185  192  199  207  215  222  228  232  234  235
  234  232  228  225  221  217  213  211  209  208  208  207  205  203  200  198
  197  198  200  203  206  210  212  212  210
    57.5-180.0 180.0   5.0 450.0                            LAT/LON1/LON2/DLON/H
  215  213  209  202  194  185  176  166  157  149  142  134  128  122  116  111
  107  103  100   99   98   99  101  104  107  111  115  120  126  132  140  147
  155  163  170  176  182  188  194  202  210  218  226  233  239  242  243  242
  240  236  232  227  222  217  213  210  208  207  207  206  204  202  199  197
  195  196  198  202  206  210  214  215  215
    55.0-180.0 180.0   5.0 450.0                            LAT/LON1/LON2/DLON/H
  220  221  219  215  208  200  189  178  166  155  144  135  127  120  114  109
  105  102   99   96   95   95   97  100  104  110  116  122  129  137  145  154
  162  170  177  184  191  197  205  213  222  231  239  246  251  253  254  252
  249  245  241  236  230  225  221  217  214  212  211  209  207  203  200  197
  195  195  197  200  205  210  215  218  220
    52.5-180.0 180.0   5.0 450.0                            LAT/LON1/LON2/DLON/H
  225  229  230  229  225  217  205  191  176  162  148  135  125  117  112  108
  105  102   99   96   94   93   94   97  102  108  115  123  131  140  149  158
  167  176  184  192  200  209  217  226  235  245  253  260  264  267  266  265
  262  259  255  251  246  240  235  230  225  222  219  216  212  208  203  198
  196  195  196  200  205  210  215  221  225
    50.0-180.0 180.0   5.0 450.0                            LAT/LON1/LON2/DLON/H
  229  236  241  243  242  234  222  207  189  170  153  137  125  116  111  108
  107  105  103  100   96   94   94   97  101  107  114  122  132  141  151  161
  171  181  192  202  212  221  231  241  250  259  267  274  278  281  281  280
  279  277  274  270  266  260  253  247  240  235  230  225  220  214  207  202
  198  197  198  201  205  210  216  223  229
    47.5-180.0 180.0   5.0 450.0                            LAT/LON1/LON2/DLON/H
  232  241  249  254  255  249  238  221  201  180  160  142  127  118  112  111
  111  111  109  106  103  100   98  100  103  107  114  122  132  142  153  164
  175  187  199  212  224  235  246  255  265  273  281  287  292  295  297  297
  297  296  295  292  287  281  273  264  256  248  242  235  228  221  214  208
  204  202  202  204  207  212  218  224  232
    45.0-180.0 180.0   5.0 450.0                            LAT/LON1/LON2/DLON/H
  233  242  251  259  262  258  247  231  211  190  168  149  133  122  116  115
  117  118  118  115  111  108  106  106  107  111  116  124  133  143  155  166
  179  192  207  222  236  249  260  269  278  286  293  300  305  310  313  315
  316  316  315  312  307  300  291  280  270  261  253  245  238  230  223  217
  213  211  210  211  213  216  220  226  233
    42.5-180.0 180.0   5.0 450.0                            LAT/LON1/LON2/DLON/H
  234  241  248  256  259  257  249  235  217  197  177  158  142  130  123  122
  123  126  126  125  122  119  116  115  115  117  120  127  136  146  158  170
  183  198  214  230  246  260  272  281  289  296  303  310  317  323  328  331
  333  334  333  330  325  317  307  296  285  275  266  258  250  243  237  232
  228  225  223  223  223  224  226  229  234
    40.0-180.0 180.0   5.0 450.0                            LAT/LON1/LON2/DLON/H
  235  237  241  245  248  247  241  230  217  201  184  167  151  139  132  129
  130  132  134  133  131  129  128  126  125  125  127  132  140  150  161  174
  187  203  220  237  254  269  281  290  298  305  312  319  327  335  341  346
  349  350  349  347  342  335  325  314  303  293  284  276  268  262  257  253
  250  247  244  241  239  238  236  236  235
    37.5-180.0 180.0   5.0 450.0                            LAT/LON1/LON2/DLON/H
  241  236  233  232  232  230  226  219  210  200  188  175  161  149  141  137
  137  138  140  140  140  140  139  138  135  134  134  138  145  155  165  177
  191  206  224  242  259  275  287  297  304  311  318  326  335  345  353  359
  363  365  365  364  361  355  347  337  327  318  309  302  295  289  285  282
  279  276  272  267  263  259  254  248  241
    35.0-180.0 180.0   5.0 450.0                            LAT/LON1/LON2/DLON/H
  254  240  228  220  215  211  208  204  200  195  188  180  170  159  150  145
  143  143  145  146  148  149  150  149  146  143  142  145  150  159  169  180
  193  208  225  243  262  278  291  301  308  315  323  332  342  353  363  371
  376  380  382  383  383  381  376  369  361  353  345  338  331  326  322  319
  316  312  307  300  294  288  279  268  254
    32.5-180.0 180.0   5.0 450.0                            LAT/LON1/LON2/DLON/H
  275  252  231  215  204  197  192  190  189  188  187  183  176  167  159  153
  150  149  150  152  154  157  160  159  156  152  150  150  154  161  170  181
  193  208  225  243  261  278  292  303  311  319  327  336  347  359  370  380
  388  394  400  405  410  413  412  408  402  396  390  382  375  369  364  361
  358  353  347  339  331  323  312  295  275
    30.0-180.0 180.0   5.0 450.0                            LAT/LON1/LON2/DLON/H
  303  273  245  221  204  192  186  182  182  183  184  184  181  175  168  161
  158  156  156  158  162  166  169  169  165  160  156  154  156  162  169  179
  192  206  223  241  260  277  292  304  313  321  329  338  350  363  375  387
  398  408  418  429  440  448  451  451  449  444  438  430  422  414  408  404
  400  395  388  379  371  362  349  329  303
    27.5-180.0 180.0   5.0 450.0                            LAT/LON1/LON2/DLON/H
  335  301  267  238  216  201  191  185  183  183  184  186  185  182  177  171
  167  165  165  167  170  174  177  177  173  167  160  156  156  159  165  175
  188  203  220  238  258  276  292  305  314  322  330  340  351  365  379  393
  406  420  435  452  468  481  489  492  492  489  483  475  466  456  449  443
  438  432  425  417  409  400  386  364  335
    25.0-180.0 180.0   5.0 450.0                            LAT/LON1/LON2/DLON/H
  365  330  294  263  239  221  208  198  192  189  188  190  190  189  186  182
  179  176  176  177  180  183  186  185  180  171  163  156  152  153  158  168
  181  198  216  235  255  274  291  304  314  322  330  340  352  366  381  396
  412  429  449  470  490  507  517  522  523  522  517  509  499  488  479  472
  467  461  454  447  440  431  417  395  365
    22.5-180.0 180.0   5.0 450.0                            LAT/LON1/LON2/DLON/H
  389  355  321  291  267  248  233  220  209  201  197  196  197  197  196  193
  190  188  188  188  189  191  192  190  184  174  163  153  147  145  149  158
  173  191  211  231  252  272  289  303  313  321  330  341  353  368  383  399
  416  435  458  481  503  520  530  536  538  537  534  527  518  507  497  489
  483  478  473  467  461  453  439  418  389
    20.0-180.0 180.0   5.0 450.0                            LAT/LON1/LON2/DLON/H
  401  371  341  314  293  275  259  244  229  216  208  204  204  205  204  203
  201  199  198  197  197  197  197  193  186  174  161  148  139  134  137  147
  164  184  206  227  248  268  286  300  311  320  330  342  356  371  386  402
  419  438  461  484  504  518  527  531  533  534  532  528  521  511  502  494
  488  483  479  475  470  462  448  428  401
    17.5-180.0 180.0   5.0 450.0                            LAT/LON1/LON2/DLON/H
  400  374  349  328  310  295  280  264  246  230  218  212  211  211  211  209
  207  206  204  202  200  199  197  192  184  171  156  141  130  123  125  136
  154  176  200  222  244  264  282  296  308  319  331  345  361  376  391  406
  422  440  460  480  496  506  510  511  513  515  516  515  511  504  496  488
  482  478  475  472  467  459  444  424  400
    15.0-180.0 180.0   5.0 450.0                            LAT/LON1/LON2/DLON/H
  387  365  345  329  315  303  289  273  255  238  224  217  214  214  212  211
  209  207  205  202  199  196  192  187  178  164  149  133  120  113  113  124
  143  168  193  217  239  259  276  291  305  318  333  350  367  384  399  412
  426  442  459  475  485  488  487  485  486  489  492  495  495  491  485  477
  471  467  464  462  456  446  431  410  387
    12.5-180.0 180.0   5.0 450.0                            LAT/LON1/LON2/DLON/H
  368  348  332  319  308  297  285  270  254  237  224  216  213  211  209  206
  204  202  200  196  192  187  183  178  168  155  140  124  111  103  103  114
  134  159  185  210  232  252  270  286  302  318  336  356  376  393  408  420
  433  446  461  472  476  474  468  463  463  466  471  476  479  478  473  466
  459  454  451  448  442  430  412  390  368
    10.0-180.0 180.0   5.0 450.0                            LAT/LON1/LON2/DLON/H
  348  329  314  302  292  281  270  256  241  227  215  208  205  203  200  196
  194  192  190  185  180  175  171  165  156  143  130  116  104   96   95  105
  125  151  178  203  225  245  263  281  300  319  340  362  383  402  417  429
  441  454  467  475  475  469  461  455  453  455  460  465  469  470  466  459
  450  443  438  434  426  413  393  371  348
     7.5-180.0 180.0   5.0 450.0                            LAT/LON1/LON2/DLON/H
  334  315  300  287  275  262  249  236  222  210  201  196  193  190  186  182
  179  178  176  171  166  161  156  151  142  131  119  108   98   91   90   99
  117  143  170  195  217  237  256  276  297  319  342  365  387  407  423  437
  450  465  478  486  485  478  469  463  461  461  463  466  468  469  464  455
  444  435  429  423  413  399  379  356  334
     5.0-180.0 180.0   5.0 450.0                            LAT/LON1/LON2/DLON/H
  328  309  293  278  263  247  231  217  203  192  185  180  178  175  171  166
  164  162  160  156  151  146  142  136  129  119  110  101   94   88   87   94
  111  136  163  188  210  229  249  271  293  317  340  363  385  406  424  441
  457  475  491  501  503  498  492  487  484  482  478  476  474  471  465  454
  441  430  421  413  403  389  370  349  328
     2.5-180.0 180.0   5.0 450.0                            LAT/LON1/LON2/DLON/H
  329  312  295  279  261  242  223  205  190  179  171  167  164  160  156  151
  149  148  146  142  137  133  129  123  116  108  101   96   92   87   86   91
  107  130  156  180  202  221  242  264  288  311  333  355  376  397  418  438
  458  480  501  516  522  522  520  518  515  508  499  488  480  473  463  451
  436  423  413  404  394  381  365  347  329
