IONEX/casg1680.22i
     1.0            IONOSPHERE MAPS     MIX                 IONEX VERSION / TYPE
BDSMART-IONO1.0     AIR/CAS             2022-06-20 21:14:17 PGM / RUN BY / DATE
Global ionospheric map for day 168 2022                     DESCRIPTION
Contact address: Li Zishen                                  DESCRIPTION
                Chinese Academy of Sciences                 DESCRIPTION
                Aerospace Information Research Institute    DESCRIPTION
                No. 9, Dengzhuang South Road                DESCRIPTION
                Beijing 100094, China                       DESCRIPTION
                Email:lizishen@aircas.ac.cn                 DESCRIPTION
  2022     6    17     0     0  0.00                        EPOCH OF FIRST MAP
  2022     6    18     0     0  0.00                        EPOCH OF LAST MAP
  1800.0                                                    INTERVAL
    49                                                      # OF MAPS IN FILE
  COSZ                                                      MAPPING FUNCTION
     0.0                                                    ELEVATION CUTOFF
TEC is obtained by adjusted uncombined raw observation      OBSERVABLES USED
  6371.0                                                    BASE RADIUS 
     2                                                      MAP DIMENSION
   450.0 450.0   0.0                                        HGT1 / HGT2 / DHGT
    87.5 -87.5  -2.5                                        LAT1 / LAT2 / DLAT
  -180.0 180.0   5.0                                        LON1 / LON2 / DLON
    -1                                                      EXPONENT
TEC values in 0.1 tec units;  9999, if no value available   COMMENT
DCB values in nanoseconds, reference is Sum_of_SatDCBs = 0  COMMENT
                                                            END OF HEADER
[from data line 11154]
    27                                                      START OF TEC MAP
  2022     6    17    13     0     0                        EPOCH OF CURRENT MAP
    87.5-180.0 180.0   5.0 450.0                            LAT/LON1/LON2/DLON/H
  144  145  146  146  147  148  148  149  150  150  151  152  152  153  154  154
  155  155  155  156  156  156  157  157  157  157  157  157  156  156  156  155
  155  154  154  153  152  152  151  150  149  149  148  147  146  146  145  144
  144  143  143  142  142  141  141  141  141  141  140  140  140  140  140  141
  141  141  141  142  142  143  143  144  144
    85.0-180.0 180.0   5.0 450.0                            LAT/LON1/LON2/DLON/H
  143  144  145  146  147  148  149  151  152  153  154  155  156  157  158  159
  160  161  162  163  164  164  165  165  166  166  166  166  165  165  164  164
  163  162  161  160  158  157  155  154  153  151  150  149  147  146  145  144
  143  142  142  141  140  140  139  139  138  138  138  137  137  137  137  137
  138  138  138  139  139  140  141  142  143
    82.5-180.0 180.0   5.0 450.0                            LAT/LON1/LON2/DLON/H
  143  144  146  147  148  149  151  152  153  154  155  156  157  158  160  161
  162  164  165  166  168  169  170  171  172  172  173  173  173  172  172  171
  170  169  168  166  165  163  161  159  157  155  154  152  151  150  148  148
  147  146  146  145  145  144  144  143  142  142  141  140  140  139  139  138
  138  138  138  138  139  140  141  142  143
    80.0-180.0 180.0   5.0 450.0                            LAT/LON1/LON2/DLON/H
  144  146  147  148  150  151  152  152  153  153  154  155  156  157  158  159
  161  162  164  166  168  169  171  172  174  175  176  177  177  177  177  177
  176  175  174  172  170  169  167  164  163  161  159  158  157  156  155  155
  155  155  155  155  155  155  154  154  153  152  151  149  147  146  144  143
  142  141  140  140  140  141  142  143  144
    77.5-180.0 180.0   5.0 450.0                            LAT/LON1/LON2/DLON/H
  146  148  149  150  151  152  152  153  152  152  152  152  152  153  153  155
  156  158  160  162  164  167  169  171  173  174  176  177  178  179  179  180
  180  179  178  177  176  174  172  170  168  166  165  164  164  164  164  165
  165  166  167  168  169  169  169  169  168  166  164  162  159  156  153  150
  147  145  144  143  142  143  143  145  146
    75.0-180.0 180.0   5.0 450.0                            LAT/LON1/LON2/DLON/H
  148  149  151  152  153  154  154  153  152  151  150  149  149  148  149  149
  151  153  155  157  160  162  164  167  169  171  173  175  176  178  179  181
  181  182  181  181  180  178  176  175  173  172  171  171  171  172  173  175
  177  179  181  182  184  185  185  185  184  182  179  176  172  167  163  158
  154  150  147  145  144  144  145  146  148
    72.5-180.0 180.0   5.0 450.0                            LAT/LON1/LON2/DLON/H
  148  150  152  154  155  155  155  154  153  151  149  148  146  145  145  145
  146  148  150  152  155  157  160  162  165  167  169  171  174  176  178  180
  182  183  183  183  183  181  180  178  177  176  176  176  178  179  181  184
  187  189  192  194  196  197  198  198  197  195  192  188  183  178  172  166
  161  156  151  148  146  145  146  147  148
    70.0-180.0 180.0   5.0 450.0                            LAT/LON1/LON2/DLON/H
  148  150  152  154  155  156  156  155  154  153  151  148  146  145  144  144
  144  145  147  149  152  154  157  159  161  164  166  169  172  174  177  180
  182  184  185  185  185  184  182  181  180  179  180  181  182  184  187  190
  193  196  198  201  203  204  205  205  205  203  201  197  193  187  181  174
  167  161  155  151  148  146  146  147  148
    67.5-180.0 180.0   5.0 450.0                            LAT/LON1/LON2/DLON/H
  147  148  150  152  153  155  156  156  156  155  153  151  149  147  146  145
  144  145  146  148  150  153  155  158  160  163  165  168  171  174  178  181
  184  186  187  187  187  186  184  183  182  182  182  183  185  188  190  193
  196  198  200  202  203  205  206  207  207  206  205  202  198  193  187  180
  173  166  160  154  150  147  146  146  147
    65.0-180.0 180.0   5.0 450.0                            LAT/LON1/LON2/DLON/H
  145  145  146  147  149  151  153  155  156  157  156  155  153  151  149  148
  147  147  147  149  150  153  155  158  161  164  167  170  173  176  180  183
  186  188  189  189  189  187  186  185  184  183  184  185  187  189  192  194
  196  197  198  199  200  201  203  204  205  205  205  204  201  198  193  186
  179  172  165  159  154  149  147  145  145
    62.5-180.0 180.0   5.0 450.0                            LAT/LON1/LON2/DLON/H
  142  141  141  141  143  145  148  152  155  157  158  157  156  154  153  151
  150  149  149  150  151  153  156  159  162  166  169  173  176  180  183  186
  189  191  191  191  191  189  188  187  186  186  186  187  189  191  193  194
  195  195  195  196  196  197  199  200  202  203  204  204  203  201  198  192
  186  179  172  165  158  153  148  145  142
    60.0-180.0 180.0   5.0 450.0                            LAT/LON1/LON2/DLON/H
  140  137  135  134  135  138  142  146  151  154  157  158  157  156  155  154
  153  152  152  152  152  154  157  160  164  168  172  176  180  184  187  190
  192  193  194  193  193  192  191  190  189  189  190  191  192  193  195  195
  195  195  195  195  195  196  197  199  201  203  204  205  206  205  202  198
  193  186  179  171  164  157  150  145  140
    57.5-180.0 180.0   5.0 450.0                            LAT/LON1/LON2/DLON/H
  139  134  130  128  128  130  134  139  144  149  153  155  156  156  156  155
  155  154  153  153  153  154  157  160  165  170  175  179  184  188  191  193
  195  196  196  196  195  195  194  194  194  194  195  196  197  198  199  199
  199  199  198  199  199  200  202  204  205  207  208  209  210  210  208  204
  199  193  186  178  170  161  153  146  139
    55.0-180.0 180.0   5.0 450.0                            LAT/LON1/LON2/DLON/H
  140  132  127  124  122  124  127  132  138  143  147  150  152  153  154  155
  156  156  155  154  153  154  156  160  165  170  176  181  186  191  194  197
  198  199  199  199  198  199  199  200  201  202  203  204  204  205  206  206
  206  206  207  207  209  211  213  214  216  216  217  217  217  216  214  210
  205  199  192  184  175  166  157  148  140
    52.5-180.0 180.0   5.0 450.0                            LAT/LON1/LON2/DLON/H
  142  134  128  123  121  121  124  128  132  137  141  144  146  149  152  154
  156  157  156  155  154  154  156  160  165  171  177  184  189  194  198  201
  202  203  203  203  204  205  207  209  210  212  213  214  214  215  215  216
  216  217  218  220  222  225  228  229  230  229  228  227  225  223  220  215
  210  203  197  189  181  171  161  151  142
    50.0-180.0 180.0   5.0 450.0                            LAT/LON1/LON2/DLON/H
  145  138  132  128  125  124  125  127  131  134  137  139  142  146  150  154
  157  158  159  158  157  157  158  161  167  173  180  187  193  199  204  207
  208  209  210  211  212  214  217  220  223  225  227  227  227  227  227  227
  228  229  231  233  236  240  243  245  245  243  241  238  235  231  226  220
  213  207  200  193  185  176  165  155  145
    47.5-180.0 180.0   5.0 450.0                            LAT/LON1/LON2/DLON/H
  150  143  139  135  133  131  131  131  133  135  136  138  141  145  149  155
  159  161  162  162  162  162  163  166  171  178  185  193  200  207  212  216
  218  219  221  222  225  228  232  236  239  242  243  244  243  242  241  240
  240  240  242  244  248  252  255  257  257  255  252  248  243  238  232  224
  217  210  204  197  190  181  170  159  150
    45.0-180.0 180.0   5.0 450.0                            LAT/LON1/LON2/DLON/H
  156  150  147  145  143  142  140  140  139  140  140  141  144  148  153  158
  163  166  168  169  170  171  172  175  180  186  194  203  211  218  224  228
  231  234  236  239  243  247  252  256  260  263  264  264  262  259  256  253
  251  251  251  252  255  259  262  265  265  263  260  255  250  244  237  229
  221  214  208  202  195  186  175  164  156
    42.5-180.0 180.0   5.0 450.0                            LAT/LON1/LON2/DLON/H
  160  156  154  154  154  153  151  149  148  147  147  148  150  154  160  165
  169  173  176  179  182  184  186  188  193  199  207  216  224  232  238  243
  248  252  256  262  267  272  276  280  284  287  289  287  283  278  272  267
  263  260  259  258  260  262  265  268  269  267  264  260  255  249  242  234
  225  219  213  209  202  192  181  169  160
    40.0-180.0 180.0   5.0 450.0                            LAT/LON1/LON2/DLON/H
  164  160  159  160  162  161  160  158  156  155  155  156  160  164  170  175
  179  183  187  191  196  199  202  204  208  214  223  231  240  248  254  260
  266  272  279  287  295  301  305  309  312  315  316  314  308  300  291  283
  277  272  268  266  265  266  268  270  270  269  266  262  258  253  247  239
  231  225  220  216  209  199  186  174  164
    37.5-180.0 180.0   5.0 450.0                            LAT/LON1/LON2/DLON/H
  166  161  160  162  165  165  164  162  161  160  161  164  169  175  181  186
  190  194  199  206  212  217  219  221  224  230  238  247  255  263  270  276
  284  292  303  314  324  331  336  339  342  344  345  341  334  323  313  303
  295  288  283  279  276  275  276  276  275  272  268  264  260  256  250  244
  237  231  227  223  216  205  191  177  166
    35.0-180.0 180.0   5.0 450.0                            LAT/LON1/LON2/DLON/H
  167  160  158  160  163  164  164  162  161  161  164  168  175  183  192  199
  203  208  214  222  230  234  236  236  238  243  251  259  267  275  282  290
  299  310  324  339  352  361  365  368  370  373  373  368  360  349  337  327
  319  312  307  302  299  296  293  291  287  281  274  267  262  258  253  247
  241  235  231  227  221  209  195  180  167
    32.5-180.0 180.0   5.0 450.0                            LAT/LON1/LON2/DLON/H
  167  158  154  155  157  159  159  158  157  158  161  167  177  188  200  210
  217  223  230  239  247  250  250  247  248  252  259  267  275  282  290  299
  310  324  342  360  376  387  391  393  395  397  397  393  385  375  365  356
  350  345  341  338  334  329  324  317  309  298  286  274  266  260  255  249
  242  236  232  227  221  210  196  181  167
    30.0-180.0 180.0   5.0 450.0                            LAT/LON1/LON2/DLON/H
  167  156  150  148  150  152  152  150  149  150  154  161  173  187  203  218
  229  237  246  255  262  263  260  254  252  256  262  270  278  286  295  305
  318  334  354  376  395  406  411  412  413  415  416  413  408  401  394  390
  386  385  384  383  380  373  364  353  339  322  302  284  271  261  255  248
  240  233  227  221  215  206  194  180  167
    27.5-180.0 180.0   5.0 450.0                            LAT/LON1/LON2/DLON/H
  166  155  147  143  144  146  145  143  141  140  144  151  163  180  201  221
  237  250  260  269  274  272  265  257  253  255  262  269  278  287  298  310
  324  342  363  387  407  419  424  424  425  427  429  429  427  425  424  424
  426  428  431  432  430  423  410  394  373  349  322  297  277  263  253  244
  235  225  217  210  204  197  188  178  166
    25.0-180.0 180.0   5.0 450.0                            LAT/LON1/LON2/DLON/H
  166  155  146  141  141  142  142  138  134  132  133  139  150  169  193  219
  241  257  270  278  281  277  267  256  251  253  260  269  278  290  303  318
  333  350  371  395  415  427  431  431  431  434  437  440  443  447  453  458
  463  468  474  479  478  469  453  431  405  374  341  309  283  264  251  239
  227  215  204  195  189  185  181  175  166
    22.5-180.0 180.0   5.0 450.0                            LAT/LON1/LON2/DLON/H
  167  157  147  141  142  143  142  137  132  127  126  127  136  154  181  211
  239  259  273  282  284  278  266  255  250  253  261  271  283  298  315  331
  346  362  381  403  421  432  435  434  435  438  443  449  457  467  478  488
  495  501  508  513  512  502  483  457  426  392  354  318  287  265  248  234
  220  205  191  180  173  171  173  172  167
    20.0-180.0 180.0   5.0 450.0                            LAT/LON1/LON2/DLON/H
  167  159  149  144  144  146  145  139  132  126  122  119  123  138  165  198
  230  254  270  279  281  275  264  255  253  258  268  280  294  313  333  352
  367  380  396  414  429  438  439  438  439  443  449  458  470  485  500  511
  517  521  526  530  528  516  493  464  432  397  359  322  290  266  247  231
  215  198  181  168  160  160  165  169  167
    17.5-180.0 180.0   5.0 450.0                            LAT/LON1/LON2/DLON/H
  168  160  151  146  148  150  148  142  134  128  121  115  113  123  147  181
  215  242  260  271  274  271  264  259  260  269  282  296  314  336  360  380
  394  405  416  430  442  448  448  446  447  452  458  468  482  500  516  525
  527  526  527  528  523  508  483  453  421  389  355  320  290  266  248  231
  215  197  178  163  153  153  160  167  168
    15.0-180.0 180.0   5.0 450.0                            LAT/LON1/LON2/DLON/H
  167  160  151  147  148  151  148  142  135  130  123  114  107  111  131  163
  198  226  246  259  266  267  266  267  274  287  303  320  340  365  392  413
  426  433  441  450  458  462  460  459  460  465  472  481  495  512  526  531
  526  518  513  509  500  481  454  424  396  369  341  313  287  266  249  234
  219  201  183  165  154  153  159  167  167
    12.5-180.0 180.0   5.0 450.0                            LAT/LON1/LON2/DLON/H
  167  158  149  144  146  147  144  137  132  129  124  114  103  102  118  147
  180  209  230  246  258  265  271  279  293  310  329  347  369  396  424  446
  457  462  466  472  477  479  477  475  477  482  488  495  506  520  530  528
  516  500  488  479  466  444  416  387  363  342  322  302  282  265  251  238
  225  210  193  175  162  158  162  168  167
    10.0-180.0 180.0   5.0 450.0                            LAT/LON1/LON2/DLON/H
  166  156  145  139  139  139  134  127  123  124  122  114  102   97  108  133
  164  193  216  236  252  266  280  295  314  335  355  375  397  423  451  472
  482  486  488  492  495  495  493  493  495  499  503  507  514  522  525  517
  498  476  459  445  428  404  376  349  329  315  302  288  274  261  250  240
  230  219  205  188  173  167  168  170  166
     7.5-180.0 180.0   5.0 450.0                            LAT/LON1/LON2/DLON/H
  166  153  140  133  131  128  120  112  110  114  116  111  100   94  102  124
  153  181  206  229  251  271  290  311  334  358  378  397  418  443  468  487
  496  499  501  504  507  506  505  505  509  512  513  513  514  516  513  499
  476  451  431  414  395  370  342  318  302  292  284  275  264  253  244  236
  231  224  213  199  185  176  174  173  166
     5.0-180.0 180.0   5.0 450.0                            LAT/LON1/LON2/DLON/H
  166  151  137  128  123  116  105   96   94  100  106  105   97   93  100  119
  146  174  201  228  254  279  302  326  351  375  395  412  430  451  472  488
  496  499  501  505  507  507  507  509  512  515  513  509  505  501  492  476
  452  427  407  390  371  346  320  298  284  276  269  261  251  241  232  225
  223  220  214  204  191  182  178  175  166
     2.5-180.0 180.0   5.0 450.0                            LAT/LON1/LON2/DLON/H
  165  150  135  125  118  108   94   82   79   85   93   96   92   91   99  118
  144  172  202  232  261  288  313  337  362  385  402  417  431  447  464  476
  482  485  488  491  494  496  496  499  503  504  500  492  484  475  464  447
  426  405  389  373  354  331  308  288  275  267  258  248  236  223  212  206
  205  206  205  198  189  182  179  175  165
