IONEX/casg1680.22i
     1.0            IONOSPHERE MAPS     MIX                 IONEX VERSION / TYPE
BDSMART-IONO1.0     AIR/CAS             2022-06-20 21:14:17 PGM / RUN BY / DATE
Global ionospheric map for day 168 2022                     DESCRIPTION
Contact address: Li Zishen                                  DESCRIPTION
                Chinese Academy of Sciences                 DESCRIPTION
                Aerospace Information Research Institute    DESCRIPTION
                No. 9, Dengzhuang South Road                DESCRIPTION
                Beijing 100094, China                       DESCRIPTION
                Email:lizishen@aircas.ac.cn                 DESCRIPTION
  2022     6    17     0     0  0.00                        EPOCH OF FIRST MAP
  2022     6    18     0     0  0.00                        EPOCH OF LAST MAP
  1800.0                                                    INTERVAL
    49                                                      # OF MAPS IN FILE
  COSZ                                                      MAPPING FUNCTION
     0.0                                                    ELEVATION CUTOFF
TEC is obtained by adjusted uncombined raw observation      OBSERVABLES USED
  6371.0                                                    BASE RADIUS 
     2                                                      MAP DIMENSION
   450.0 450.0   0.0                                        HGT1 / HGT2 / DHGT
    87.5 -87.5  -2.5                                        LAT1 / LAT2 / DLAT
  -180.0 180.0   5.0                                        LON1 / LON2 / DLON
    -1                                                      EXPONENT
TEC values in 0.1 tec units;  9999, if no value available   COMMENT
DCB values in nanoseconds, reference is Sum_of_SatDCBs = 0  COMMENT
                                                            END OF HEADER
[from data line 2574]
     7                                                      START OF TEC MAP
  2022     6    17     3     0     0                        EPOCH OF CURRENT MAP
    87.5-180.0 180.0   5.0 450.0                            LAT/LON1/LON2/DLON/H
  180  180  180  180  180  180  180  180  180  180  180  179  179  179  179  178
  178  177  177  176  176  175  175  174  173  173  172  172  171  171  170  170
  169  169  169  169  169  169  169  169  169  169  169  170  170  170  171  171
  172  172  172  173  173  174  174  175  175  176  176  177  177  177  178  178
  178  179  179  179  180  180  180  180  180
    85.0-180.0 180.0   5.0 450.0                            LAT/LON1/LON2/DLON/H
  181  181  181  180  180  180  180  180  180  180  179  179  179  179  179  178
  178  177  176  175  174  173  171  170  168  166  165  163  162  160  159  158
  158  157  157  157  157  157  158  158  159  160  160  161  162  163  163  164
  165  166  166  167  168  169  170  170  171  172  173  174  175  176  176  177
  178  179  179  180  180  180  181  181  181
    82.5-180.0 180.0   5.0 450.0                            LAT/LON1/LON2/DLON/H
  181  180  180  179  178  177  177  176  176  176  176  176  177  177  177  178
  178  177  176  175  173  171  168  165  162  158  155  152  149  147  145  143
  143  142  142  143  143  144  146  147  148  149  151  152  153  154  155  156
  157  158  159  160  161  163  164  165  166  167  169  170  171  173  174  175
  177  178  179  180  180  181  181  181  181
    80.0-180.0 180.0   5.0 450.0                            LAT/LON1/LON2/DLON/H
  182  181  180  178  176  175  173  171  170  170  170  170  172  173  175  176
  177  178  177  176  174  170  166  161  155  150  144  139  135  132  129  128
  127  127  128  129  131  133  135  137  139  141  143  144  146  147  148  150
  151  152  153  154  155  157  158  160  161  163  165  167  169  171  173  175
  177  178  180  181  182  183  183  183  182
    77.5-180.0 180.0   5.0 450.0                            LAT/LON1/LON2/DLON/H
  187  185  183  180  177  174  170  167  165  163  162  163  165  167  170  174
  177  179  179  178  176  171  165  158  150  142  134  127  122  118  115  114
  114  115  117  119  122  125  128  130  133  135  137  139  141  142  144  145
  146  148  149  150  152  154  155  157  159  161  163  166  168  171  174  176
  179  181  183  185  187  188  188  188  187
    75.0-180.0 180.0   5.0 450.0                            LAT/LON1/LON2/DLON/H
  195  193  190  187  182  177  171  166  161  157  155  155  157  160  164  170
  174  178  181  180  177  172  164  155  145  135  125  117  111  106  104  104
  105  107  111  114  118  121  125  128  130  133  135  137  139  140  142  143
  145  147  149  151  153  154  156  158  161  163  165  168  171  174  177  180
  183  186  189  191  193  195  195  195  195
    72.5-180.0 180.0   5.0 450.0                            LAT/LON1/LON2/DLON/H
  204  203  200  196  191  184  177  169  162  155  151  149  149  152  157  163
  170  176  179  180  177  171  162  151  139  127  117  109  103   99   99  100
  102  106  110  114  118  122  125  128  131  133  135  138  139  141  143  146
  148  150  153  155  157  160  162  164  166  168  171  173  176  179  183  186
  189  192  195  198  200  202  203  204  204
    70.0-180.0 180.0   5.0 450.0                            LAT/LON1/LON2/DLON/H
  212  212  210  207  202  195  186  177  167  158  150  145  143  145  149  155
  163  169  173  175  172  166  156  144  132  120  110  103   98   97   98  101
  105  109  114  118  122  125  128  131  133  136  138  141  143  146  148  151
  154  157  160  163  166  168  170  172  174  176  178  180  183  186  189  192
  196  198  201  204  206  208  210  211  212
    67.5-180.0 180.0   5.0 450.0                            LAT/LON1/LON2/DLON/H
  216  218  218  216  212  206  197  187  176  165  154  146  142  140  142  147
  153  159  163  165  162  156  146  135  123  112  104   99   97   98  101  106
  111  115  119  123  126  129  131  134  137  140  143  146  149  152  155  159
  162  166  169  172  175  177  179  181  182  184  185  187  190  192  195  198
  201  203  206  207  209  211  213  215  216
    65.0-180.0 180.0   5.0 450.0                            LAT/LON1/LON2/DLON/H
  217  220  221  221  219  215  208  199  188  176  164  153  145  140  138  140
  143  147  150  151  148  142  134  124  114  105  100   97   98  102  107  112
  117  121  124  127  129  131  134  137  140  144  148  152  156  159  163  167
  170  174  177  180  183  185  187  188  189  190  191  192  195  197  200  203
  205  207  208  209  210  212  213  215  217
    62.5-180.0 180.0   5.0 450.0                            LAT/LON1/LON2/DLON/H
  216  219  221  223  223  221  216  209  200  189  178  166  155  146  140  136
  136  136  137  136  133  128  121  113  106  101   98   99  102  107  113  118
  122  125  127  128  129  131  134  138  143  148  153  158  162  166  170  173
  177  180  183  185  188  189  190  191  192  192  193  195  197  200  202  205
  208  209  211  211  211  211  212  214  216
    60.0-180.0 180.0   5.0 450.0                            LAT/LON1/LON2/DLON/H
  215  218  220  222  223  223  221  217  211  204  194  183  170  158  148  140
  134  130  128  125  122  117  112  107  103  101  101  104  108  113  118  122
  125  126  126  126  127  129  133  138  145  151  157  163  168  172  175  178
  181  183  185  187  189  190  190  191  192  192  193  195  197  200  204  207
  210  212  213  213  213  213  213  214  215
    57.5-180.0 180.0   5.0 450.0                            LAT/LON1/LON2/DLON/H
  219  220  221  222  222  223  223  222  220  216  210  201  190  176  163  150
  140  132  126  121  118  114  111  108  107  108  110  113  117  120  123  125
  125  124  123  122  123  126  132  138  146  153  160  166  171  175  178  181
  183  184  185  186  187  188  188  189  190  191  192  194  197  200  204  208
  212  215  217  218  218  218  218  218  219
    55.0-180.0 180.0   5.0 450.0                            LAT/LON1/LON2/DLON/H
  228  227  227  226  225  224  224  225  226  226  225  220  211  198  183  167
  153  142  133  127  123  120  119  119  120  122  124  127  128  129  128  127
  124  121  119  118  120  124  130  138  146  154  161  167  172  176  179  181
  183  184  185  186  186  186  187  188  189  191  192  194  197  201  205  209
  214  218  222  225  226  227  228  228  228
    52.5-180.0 180.0   5.0 450.0                            LAT/LON1/LON2/DLON/H
  243  242  239  236  233  230  229  229  231  234  236  235  230  219  205  189
  173  160  150  143  139  137  136  138  140  143  144  143  142  138  134  129
  124  120  117  116  118  123  129  137  145  153  160  167  172  176  180  182
  185  186  187  188  188  188  189  191  192  194  195  197  199  202  206  211
  217  223  228  233  237  240  242  244  243
    50.0-180.0 180.0   5.0 450.0                            LAT/LON1/LON2/DLON/H
  263  261  258  254  248  242  238  235  236  239  244  246  245  238  226  212
  197  184  174  167  162  160  161  163  165  166  166  162  156  149  142  134
  127  121  117  117  119  123  129  136  144  151  158  165  171  176  181  185
  189  192  194  195  195  196  197  199  200  201  201  202  203  205  209  214
  220  226  233  240  247  253  258  262  263
    47.5-180.0 180.0   5.0 450.0                            LAT/LON1/LON2/DLON/H
  282  283  280  276  269  261  253  246  243  244  248  253  255  252  244  232
  220  209  200  193  189  187  187  189  190  190  187  181  172  162  152  142
  133  126  122  120  122  125  130  136  141  148  155  163  171  178  185  191
  197  202  205  208  209  210  211  212  212  211  210  209  209  210  213  217
  223  229  237  245  255  264  272  279  282
    45.0-180.0 180.0   5.0 450.0                            LAT/LON1/LON2/DLON/H
  298  301  301  299  293  285  274  262  253  250  251  256  261  261  257  249
  239  231  224  218  213  211  210  211  212  210  205  197  187  175  164  153
  144  136  130  128  128  129  132  135  139  146  154  163  173  183  192  200
  209  216  222  225  227  228  229  229  227  225  221  217  215  215  217  220
  225  231  239  248  259  271  282  292  298
    42.5-180.0 180.0   5.0 450.0                            LAT/LON1/LON2/DLON/H
  309  315  318  319  317  310  297  282  267  258  255  259  264  266  265  260
  253  247  242  237  232  229  227  227  227  224  219  210  200  190  179  168
  157  148  141  137  135  135  134  135  139  145  154  166  178  190  201  212
  223  232  240  244  247  248  247  246  243  238  232  226  222  221  222  225
  229  234  240  249  260  274  287  299  309
    40.0-180.0 180.0   5.0 450.0                            LAT/LON1/LON2/DLON/H
  315  323  330  335  337  333  321  303  284  269  262  263  267  270  269  266
  262  257  253  248  243  239  237  236  235  233  228  221  213  204  195  184
  173  163  155  149  145  142  139  138  140  147  158  172  187  200  212  224
  236  248  256  262  264  264  263  261  256  249  241  233  229  228  229  232
  235  239  243  251  262  275  290  304  315
    37.5-180.0 180.0   5.0 450.0                            LAT/LON1/LON2/DLON/H
  321  331  339  347  353  352  343  325  303  284  273  271  273  274  273  270
  265  261  257  252  247  242  239  238  238  236  233  229  224  219  211  201
  189  178  169  162  156  150  144  141  143  152  165  181  196  210  222  234
  247  259  268  274  275  275  273  270  265  257  248  241  237  237  240  243
  246  249  252  258  268  281  295  309  321
    35.0-180.0 180.0   5.0 450.0                            LAT/LON1/LON2/DLON/H
  333  342  350  358  366  368  361  344  321  301  288  284  283  283  279  273
  267  262  257  252  246  241  238  238  239  239  238  237  236  233  226  216
  203  192  183  175  168  160  151  147  148  157  172  189  204  217  228  239
  252  265  274  279  279  278  276  274  270  263  255  248  246  249  254  260
  264  266  269  273  282  294  308  322  333
    32.5-180.0 180.0   5.0 450.0                            LAT/LON1/LON2/DLON/H
  355  361  367  373  380  383  377  361  340  320  307  301  299  295  287  278
  269  262  256  250  244  240  238  239  241  242  243  245  246  245  238  227
  213  202  194  188  180  169  158  151  152  162  177  194  208  219  229  239
  252  264  273  277  276  274  273  273  271  267  262  258  259  264  273  281
  287  290  294  298  306  318  332  345  355
    30.0-180.0 180.0   5.0 450.0                            LAT/LON1/LON2/DLON/H
  389  393  395  397  399  399  392  377  357  339  327  322  317  310  298  285
  273  263  256  250  244  241  241  243  246  248  250  253  255  253  245  232
  218  208  202  197  189  176  163  153  153  162  177  193  205  215  223  234
  246  259  267  270  269  267  267  269  271  271  270  270  274  283  295  306
  314  320  325  331  340  352  366  380  389
    27.5-180.0 180.0   5.0 450.0                            LAT/LON1/LON2/DLON/H
  433  436  433  429  425  419  408  392  373  357  347  342  336  325  310  293
  278  267  260  253  248  246  248  251  255  256  257  259  259  256  245  229
  214  206  204  202  194  179  162  150  148  156  169  183  195  204  213  224
  238  252  260  263  261  259  261  267  273  278  281  285  293  305  319  332
  343  351  359  367  378  392  408  423  433
    25.0-180.0 180.0   5.0 450.0                            LAT/LON1/LON2/DLON/H
  480  483  479  470  459  445  427  407  387  372  364  359  351  338  320  301
  285  273  265  260  256  255  257  261  264  263  262  260  258  250  235  217
  202  197  199  199  191  174  155  140  136  142  153  166  177  187  198  213
  230  245  255  257  256  255  259  268  278  287  295  302  312  326  342  356
  369  379  390  401  415  431  450  467  480
    22.5-180.0 180.0   5.0 450.0                            LAT/LON1/LON2/DLON/H
  520  527  524  512  495  474  449  422  400  385  376  370  360  345  326  306
  290  279  272  267  264  264  266  269  269  265  259  254  247  236  217  196
  182  180  185  188  180  161  140  124  118  122  131  142  154  167  182  202
  223  241  253  257  256  257  263  274  287  299  310  320  331  346  362  376
  389  401  414  428  444  463  484  504  520
    20.0-180.0 180.0   5.0 450.0                            LAT/LON1/LON2/DLON/H
  547  559  559  549  529  502  470  437  411  393  382  374  362  345  326  307
  293  283  277  273  270  269  270  270  267  259  248  238  227  212  190  168
  154  155  164  169  161  141  118  102   96   98  106  116  129  146  168  193
  219  241  255  261  263  266  273  285  299  312  324  336  348  363  378  391
  403  416  429  445  462  481  503  526  547
    17.5-180.0 180.0   5.0 450.0                            LAT/LON1/LON2/DLON/H
  554  571  578  572  554  525  488  450  418  396  382  371  357  339  321  304
  291  283  278  274  271  268  266  263  255  242  227  213  199  181  158  135
  123  126  138  144  136  117   94   79   73   75   81   91  106  128  156  187
  218  243  260  269  273  279  287  298  312  325  338  350  362  376  390  402
  412  423  437  452  469  486  507  530  554
    15.0-180.0 180.0   5.0 450.0                            LAT/LON1/LON2/DLON/H
  542  564  577  578  565  538  500  459  423  396  378  363  346  329  312  297
  286  278  273  269  264  258  252  245  233  216  198  181  166  147  125  103
   93   98  110  117  110   91   72   59   55   56   60   70   87  114  147  184
  218  246  265  277  286  294  303  314  325  337  349  361  374  388  401  411
  419  427  439  453  467  481  498  519  542
    12.5-180.0 180.0   5.0 450.0                            LAT/LON1/LON2/DLON/H
  518  540  559  568  562  541  505  464  424  393  371  352  335  318  302  288
  277  269  263  257  250  241  231  220  204  185  164  146  132  115   95   76
   68   73   86   92   86   70   55   47   44   44   47   56   74  104  141  180
  217  246  267  282  296  308  319  328  337  347  358  370  384  399  412  421
  427  432  441  453  464  473  483  498  518
    10.0-180.0 180.0   5.0 450.0                            LAT/LON1/LON2/DLON/H
  491  511  531  546  548  534  504  464  424  390  364  343  325  309  294  280
  267  256  248  240  231  219  206  191  173  152  132  115  102   90   74   58
   51   57   68   74   69   57   47   42   41   40   41   48   67   97  135  176
  212  241  264  283  301  318  331  340  347  355  366  379  395  411  426  435
  439  442  448  457  466  470  472  478  491
     7.5-180.0 180.0   5.0 450.0                            LAT/LON1/LON2/DLON/H
  472  485  503  520  529  522  498  462  423  388  360  338  320  305  291  275
  259  243  231  222  210  197  181  164  145  125  105   91   82   74   62   50
   44   49   59   64   60   52   47   46   45   43   41   46   63   92  130  169
  204  232  255  278  301  323  340  350  356  363  374  388  406  426  443  453
  456  457  461  469  476  477  472  468  472
     5.0-180.0 180.0   5.0 450.0                            LAT/LON1/LON2/DLON/H
  467  471  484  500  512  510  492  461  424  390  361  339  323  309  294  275
  253  232  216  204  192  177  160  143  125  105   88   76   71   67   61   52
   47   51   58   62   60   55   54   54   53   49   44   46   61   88  123  159
  192  218  242  268  296  324  344  356  364  372  383  398  418  440  460  471
  475  475  478  487  494  494  485  473  467
     2.5-180.0 180.0   5.0 450.0                            LAT/LON1/LON2/DLON/H
  477  472  478  491  502  504  490  463  429  396  368  347  331  318  302  278
  250  224  204  191  178  163  146  129  113   96   81   72   70   70   67   61
   57   59   64   66   65   63   63   64   62   54   47   47   59   83  114  147
  177  202  226  254  287  319  345  361  370  379  391  407  428  452  473  487
  490  490  494  505  516  517  507  491  477
