IONEX/casg1680.22i
     1.0            IONOSPHERE MAPS     MIX                 IONEX VERSION / TYPE
BDSMART-IONO1.0     AIR/CAS             2022-06-20 21:14:17 PGM / RUN BY / DATE
Global ionospheric map for day 168 2022                     DESCRIPTION
Contact address: Li Zishen                                  DESCRIPTION
                Chinese Academy of Sciences                 DESCRIPTION
                Aerospace Information Research Institute    DESCRIPTION
                No. 9, Dengzhuang South Road                DESCRIPTION
                Beijing 100094, China                       DESCRIPTION
                Email:lizishen@aircas.ac.cn                 DESCRIPTION
  2022     6    17     0     0  0.00                        EPOCH OF FIRST MAP
  2022     6    18     0     0  0.00                        EPOCH OF LAST MAP
  1800.0                                                    INTERVAL
    49                                                      # OF MAPS IN FILE
  COSZ                                                      MAPPING FUNCTION
     0.0                                                    ELEVATION CUTOFF
TEC is obtained by adjusted uncombined raw observation      OBSERVABLES USED
  6371.0                                                    BASE RADIUS 
     2                                                      MAP DIMENSION
   450.0 450.0   0.0                                        HGT1 / HGT2 / DHGT
    87.5 -87.5  -2.5                                        LAT1 / LAT2 / DLAT
  -180.0 180.0   5.0                                        LON1 / LON2 / DLON
    -1                                                      EXPONENT
TEC values in 0.1 tec units;  9999, if no value available   COMMENT
DCB values in nanoseconds, reference is Sum_of_SatDCBs = 0  COMMENT
                                                            END OF HEADER
[from data line 11583]
    28                                                      START OF TEC MAP
  2022     6    17    13    30     0                        EPOCH OF CURRENT MAP
    87.5-180.0 180.0   5.0 450.0                            LAT/LON1/LON2/DLON/H
  139  140  140  141  141  142  142  143  143  144  144  145  145  146  146  147
  147  148  148  149  149  149  149  150  150  150  150  150  150  149  149  149
  148  148  147  147  146  146  145  144  144  143  142  142  141  140  140  139
  139  138  138  138  137  137  137  137  136  136  136  136  136  136  136  136
  137  137  137  137  138  138  138  139  139
    85.0-180.0 180.0   5.0 450.0                            LAT/LON1/LON2/DLON/H
  139  140  141  141  142  143  144  144  145  146  147  148  149  150  151  152
  153  154  155  156  157  157  158  159  159  159  160  160  159  159  159  158
  157  156  155  154  153  152  150  149  148  146  145  144  143  142  141  140
  139  138  138  137  137  136  136  136  136  135  135  135  135  135  135  135
  135  136  136  136  137  137  138  139  139
    82.5-180.0 180.0   5.0 450.0                            LAT/LON1/LON2/DLON/H
  141  142  143  143  144  145  145  146  147  148  149  150  151  152  153  155
  156  158  160  161  163  164  165  166  167  168  169  169  169  169  168  167
  166  165  164  162  161  159  157  155  153  151  150  148  147  146  145  144
  143  142  142  142  141  141  141  141  140  140  139  139  139  138  138  138
  138  138  138  138  139  139  140  140  141
    80.0-180.0 180.0   5.0 450.0                            LAT/LON1/LON2/DLON/H
  144  145  146  146  147  147  148  148  148  149  149  150  151  152  154  155
  157  159  162  164  166  168  170  171  173  174  175  176  176  176  176  175
  175  173  172  170  168  166  164  162  159  157  156  154  153  152  151  151
  151  151  151  151  151  151  151  150  150  149  148  147  146  145  144  143
  142  141  141  141  142  142  143  143  144
    77.5-180.0 180.0   5.0 450.0                            LAT/LON1/LON2/DLON/H
  148  149  149  150  150  150  150  150  150  150  149  150  150  151  152  154
  156  158  161  164  166  169  171  173  175  177  178  179  180  181  181  181
  180  180  178  177  175  173  170  168  166  164  162  161  160  160  160  160
  161  162  163  163  164  164  164  164  163  161  160  158  155  153  151  149
  147  146  145  144  144  145  146  147  148
    75.0-180.0 180.0   5.0 450.0                            LAT/LON1/LON2/DLON/H
  151  152  153  154  154  154  154  153  152  151  150  149  149  149  150  151
  153  156  159  162  165  168  170  173  175  177  178  180  181  182  183  183
  184  183  183  181  180  178  175  173  171  169  168  167  167  167  169  170
  172  173  175  177  178  178  178  178  176  174  172  169  165  161  157  154
  151  149  147  146  146  147  148  149  151
    72.5-180.0 180.0   5.0 450.0                            LAT/LON1/LON2/DLON/H
  152  154  156  157  158  158  158  157  155  154  152  150  149  148  148  149
  151  153  156  159  162  165  168  171  173  175  176  178  179  181  182  183
  184  185  185  184  183  181  179  176  174  173  172  172  173  174  176  179
  181  184  186  188  189  190  190  189  188  186  182  178  174  169  163  159
  154  151  149  148  147  148  149  151  152
    70.0-180.0 180.0   5.0 450.0                            LAT/LON1/LON2/DLON/H
  153  155  157  159  161  161  162  161  160  158  155  153  151  149  148  148
  149  151  153  156  159  163  166  168  170  172  174  175  177  179  181  182
  184  185  186  185  184  182  180  178  176  175  175  175  177  179  182  185
  188  190  193  195  196  197  197  197  196  193  190  186  180  175  168  163
  157  153  150  148  147  148  149  151  153
    67.5-180.0 180.0   5.0 450.0                            LAT/LON1/LON2/DLON/H
  152  154  157  159  161  163  164  165  164  162  160  157  154  151  150  149
  149  150  152  154  157  160  164  166  169  170  172  173  175  177  179  181
  184  185  186  186  185  183  181  179  177  176  176  178  180  183  186  189
  191  193  195  197  198  199  200  200  199  197  195  191  186  180  173  167
  161  156  152  149  148  147  148  150  152
    65.0-180.0 180.0   5.0 450.0                            LAT/LON1/LON2/DLON/H
  149  151  153  156  159  163  165  167  167  166  164  161  158  155  152  151
  150  150  151  153  156  159  162  165  168  170  172  173  175  177  179  182
  184  185  186  186  185  183  181  179  178  177  178  179  182  185  188  190
  192  194  195  195  196  197  198  199  199  199  197  194  190  185  178  172
  165  160  155  151  149  148  147  148  149
    62.5-180.0 180.0   5.0 450.0                            LAT/LON1/LON2/DLON/H
  145  146  148  151  155  159  163  166  167  167  166  164  161  158  156  154
  152  152  152  153  155  158  162  165  168  170  173  174  176  179  181  183
  185  186  187  187  186  184  182  181  180  179  180  182  184  187  189  191
  192  193  193  193  193  194  196  197  199  200  199  198  195  191  185  178
  172  165  160  155  151  149  147  145  145
    60.0-180.0 180.0   5.0 450.0                            LAT/LON1/LON2/DLON/H
  141  140  141  143  147  152  157  162  165  166  165  164  162  160  158  157
  155  154  154  154  155  158  161  165  168  171  174  177  179  182  184  186
  188  188  189  188  187  186  185  184  183  183  184  185  187  190  191  193
  193  193  192  192  193  194  195  197  200  202  203  203  201  198  192  186
  179  173  166  160  155  150  146  143  141
    57.5-180.0 180.0   5.0 450.0                            LAT/LON1/LON2/DLON/H
  137  135  134  136  139  144  150  155  159  161  162  161  161  160  160  160
  159  157  156  155  155  157  160  164  168  172  176  179  183  186  188  190
  191  191  191  191  190  190  189  189  189  189  189  191  192  194  195  196
  196  196  195  196  196  198  200  202  204  207  209  209  208  206  201  195
  188  181  174  166  159  153  147  141  137
    55.0-180.0 180.0   5.0 450.0                            LAT/LON1/LON2/DLON/H
  135  131  129  129  132  137  143  148  152  155  156  157  158  159  161  162
  161  160  158  156  156  157  159  163  167  172  177  182  186  190  193  195
  195  195  194  194  194  195  195  196  197  197  197  198  199  200  201  202
  202  202  203  204  205  207  209  211  213  215  217  218  217  214  209  203
  196  188  181  172  164  155  147  140  135
    52.5-180.0 180.0   5.0 450.0                            LAT/LON1/LON2/DLON/H
  134  130  127  127  128  132  137  142  146  149  151  152  154  157  161  163
  164  163  161  159  157  157  159  162  167  173  179  185  191  196  199  201
  201  200  199  199  200  202  204  206  207  208  208  208  208  209  210  210
  211  212  214  216  219  221  223  224  225  226  227  227  225  222  217  210
  203  195  187  177  168  158  149  141  134
    50.0-180.0 180.0   5.0 450.0                            LAT/LON1/LON2/DLON/H
  137  132  129  128  129  131  135  140  144  146  148  150  152  156  161  164
  166  167  165  162  160  159  160  164  169  176  183  190  197  203  207  209
  209  207  206  207  209  212  216  219  221  221  221  220  220  219  220  220
  221  223  226  230  234  237  238  238  238  237  236  235  233  229  223  216
  209  201  192  182  171  160  151  143  137
    47.5-180.0 180.0   5.0 450.0                            LAT/LON1/LON2/DLON/H
  141  138  135  134  133  135  138  141  145  147  149  151  154  158  162  167
  169  170  170  168  166  165  165  168  174  181  189  198  206  213  218  220
  220  219  218  219  222  226  231  236  238  239  237  235  233  232  231  231
  232  235  239  243  247  250  251  250  248  246  244  242  239  235  228  221
  214  206  197  186  175  163  154  146  141
    45.0-180.0 180.0   5.0 450.0                            LAT/LON1/LON2/DLON/H
  147  145  144  142  141  141  143  146  149  152  154  156  159  163  167  170
  173  176  176  176  175  173  174  177  183  191  200  209  218  226  231  233
  234  234  235  237  240  246  251  257  260  260  258  254  251  247  245  244
  244  246  249  253  258  260  260  258  255  252  249  247  244  239  233  226
  219  211  202  191  179  167  157  151  147
    42.5-180.0 180.0   5.0 450.0                            LAT/LON1/LON2/DLON/H
  154  153  152  150  149  148  149  152  156  160  163  166  169  172  175  177
  180  183  186  187  187  186  187  190  196  204  214  223  233  240  246  250
  252  254  256  260  265  270  277  282  286  286  283  277  271  266  261  258
  256  256  258  261  264  266  265  262  259  255  252  249  247  243  238  232
  225  218  209  198  185  172  162  156  154
    40.0-180.0 180.0   5.0 450.0                            LAT/LON1/LON2/DLON/H
  159  159  158  157  155  153  154  157  162  167  173  178  182  185  186  188
  190  194  199  202  203  202  203  205  212  220  230  239  248  256  262  267
  272  277  282  288  294  300  306  312  316  316  311  304  296  288  281  275
  271  268  268  269  270  270  268  265  260  256  253  251  249  246  242  238
  232  226  218  206  192  178  167  161  159
    37.5-180.0 180.0   5.0 450.0                            LAT/LON1/LON2/DLON/H
  162  162  161  160  157  155  155  158  164  171  180  188  195  199  201  202
  204  209  216  220  222  221  220  222  228  236  246  255  263  270  277  283
  291  301  311  320  326  332  338  344  348  348  342  334  323  313  303  295
  289  285  282  280  278  276  273  269  264  258  255  252  251  250  247  243
  239  234  226  214  200  185  173  165  162
    35.0-180.0 180.0   5.0 450.0                            LAT/LON1/LON2/DLON/H
  163  162  161  159  156  153  152  155  161  171  182  195  205  213  217  219
  222  229  236  242  242  239  236  237  242  250  259  267  275  282  289  298
  309  323  338  350  359  364  369  375  379  379  373  363  352  340  330  320
  313  308  303  299  295  290  285  279  272  265  259  255  254  253  251  248
  244  239  232  221  206  191  177  168  163
    32.5-180.0 180.0   5.0 450.0                            LAT/LON1/LON2/DLON/H
  162  159  157  155  152  148  146  147  153  164  178  195  211  223  231  237
  243  251  259  264  262  256  250  248  252  259  267  275  283  290  298  308
  323  342  362  378  387  392  396  401  406  406  400  391  380  369  358  350
  343  338  334  328  321  314  306  297  287  276  266  260  256  255  252  249
  245  240  233  223  209  194  180  169  162
    30.0-180.0 180.0   5.0 450.0                            LAT/LON1/LON2/DLON/H
  160  154  152  150  147  142  138  138  143  153  169  188  209  228  243  254
  263  273  282  285  280  270  260  255  257  263  270  278  286  295  304  316
  334  357  381  399  409  413  416  421  425  426  422  414  405  396  388  382
  378  376  372  366  357  347  336  323  309  292  277  265  259  255  251  246
  241  235  228  219  208  194  181  169  160
    27.5-180.0 180.0   5.0 450.0                            LAT/LON1/LON2/DLON/H
  157  150  147  146  143  138  133  130  132  140  155  176  201  226  249  266
  280  293  301  303  294  279  265  258  258  263  270  279  289  299  310  323
  342  367  394  414  424  427  428  432  437  439  436  431  426  421  418  415
  416  417  416  410  399  385  370  354  334  311  289  272  261  253  247  240
  232  225  218  210  201  191  179  167  157
    25.0-180.0 180.0   5.0 450.0                            LAT/LON1/LON2/DLON/H
  155  147  145  144  143  137  130  125  124  128  140  160  187  218  247  272
  292  306  315  314  302  284  267  258  257  261  269  279  292  305  318  332
  351  377  404  424  433  434  433  436  441  444  444  443  443  444  445  447
  451  456  459  453  440  423  404  383  357  328  300  277  261  251  241  230
  220  210  202  196  191  185  176  166  155
    22.5-180.0 180.0   5.0 450.0                            LAT/LON1/LON2/DLON/H
  153  146  144  145  145  140  132  124  120  121  127  143  169  203  239  270
  294  311  320  319  305  286  268  259  258  262  271  284  301  318  332  346
  363  387  413  431  438  436  434  436  441  445  447  451  457  463  468  473
  480  489  493  488  473  452  429  404  375  341  308  281  261  247  235  221
  207  195  186  180  178  177  172  164  153
    20.0-180.0 180.0   5.0 450.0                            LAT/LON1/LON2/DLON/H
  153  146  145  147  148  144  136  128  122  118  119  128  151  185  224  260
  288  307  317  316  303  285  270  262  263  268  279  295  316  338  354  367
  381  401  423  439  443  439  436  437  441  445  450  458  469  480  487  492
  500  509  514  509  491  466  440  412  381  345  310  281  260  245  230  214
  197  182  171  166  167  169  168  162  153
    17.5-180.0 180.0   5.0 450.0                            LAT/LON1/LON2/DLON/H
  152  145  145  149  151  147  140  132  126  120  115  118  134  166  205  243
  273  294  305  307  298  285  274  271  274  282  295  315  340  365  384  395
  405  421  438  450  451  445  441  442  445  450  456  467  482  494  500  503
  508  516  519  511  490  462  434  405  374  340  307  279  259  243  228  211
  193  176  163  157  158  163  165  161  152
    15.0-180.0 180.0   5.0 450.0                            LAT/LON1/LON2/DLON/H
  152  145  144  148  150  146  140  135  131  124  115  111  121  147  185  222
  253  275  289  294  292  286  282  285  292  303  318  341  370  398  417  427
  434  445  457  465  464  457  453  454  457  460  467  479  494  506  508  506
  505  508  507  496  471  441  412  384  357  327  299  275  257  243  228  212
  194  176  161  154  155  160  164  160  152
    12.5-180.0 180.0   5.0 450.0                            LAT/LON1/LON2/DLON/H
  150  143  141  143  143  139  134  132  131  127  117  108  111  132  166  201
  231  254  271  282  287  289  294  304  316  330  347  371  402  431  451  459
  463  470  478  483  480  474  471  472  474  476  482  493  506  514  510  501
  493  489  483  467  440  408  379  355  332  309  287  268  255  243  230  216
  200  182  166  157  156  161  164  160  150
    10.0-180.0 180.0   5.0 450.0                            LAT/LON1/LON2/DLON/H
  149  139  135  135  132  126  122  123  127  126  117  106  105  122  151  184
  212  236  256  272  285  296  309  325  342  358  376  400  430  459  478  486
  488  492  498  500  498  493  492  494  495  495  497  505  515  517  506  489
  473  463  451  431  402  370  343  323  306  289  274  261  250  240  230  219
  206  191  175  163  160  163  165  160  149
     7.5-180.0 180.0   5.0 450.0                            LAT/LON1/LON2/DLON/H
  147  135  129  125  119  111  105  108  116  119  113  104  102  115  141  171
  199  223  247  268  287  306  325  347  367  384  401  424  451  478  495  501
  503  506  510  512  510  508  509  512  513  511  509  512  516  512  495  471
  449  434  418  395  365  335  312  296  283  272  261  251  242  234  226  218
  209  197  182  170  165  166  166  159  147
     5.0-180.0 180.0   5.0 450.0                            LAT/LON1/LON2/DLON/H
  145  132  124  116  107   95   88   91  101  107  106   99   99  111  135  164
  191  218  244  270  294  317  341  365  387  404  420  438  461  483  498  503
  504  507  512  514  513  514  517  521  522  517  512  509  507  497  475  448
  424  405  387  363  335  308  288  276  267  258  249  239  230  221  215  210
  205  197  184  173  167  167  166  158  145
     2.5-180.0 180.0   5.0 450.0                            LAT/LON1/LON2/DLON/H
  143  130  120  111   98   84   75   76   85   93   95   93   96  109  133  161
  189  218  248  276  303  327  353  378  400  416  429  442  459  476  486  491
  492  496  500  503  504  506  511  517  516  509  500  493  486  472  448  421
  397  378  360  337  312  289  274  264  256  247  237  225  213  202  195  193
  192  188  179  169  165  165  163  156  143
