IONEX/casg1680.22i
     1.0            IONOSPHERE MAPS     MIX                 IONEX VERSION / TYPE
BDSMART-IONO1.0     AIR/CAS             2022-06-20 21:14:17 PGM / RUN BY / DATE
Global ionospheric map for day 168 2022                     DESCRIPTION
Contact address: Li Zishen                                  DESCRIPTION
                Chinese Academy of Sciences                 DESCRIPTION
                Aerospace Information Research Institute    DESCRIPTION
                No. 9, Dengzhuang South Road                DESCRIPTION
                Beijing 100094, China                       DESCRIPTION
                Email:lizishen@aircas.ac.cn                 DESCRIPTION
  2022     6    17     0     0  0.00                        EPOCH OF FIRST MAP
  2022     6    18     0     0  0.00                        EPOCH OF LAST MAP
  1800.0                                                    INTERVAL
    49                                                      # OF MAPS IN FILE
  COSZ                                                      MAPPING FUNCTION
     0.0                                                    ELEVATION CUTOFF
TEC is obtained by adjusted uncombined raw observation      OBSERVABLES USED
  6371.0                                                    BASE RADIUS 
     2                                                      MAP DIMENSION
   450.0 450.0   0.0                                        HGT1 / HGT2 / DHGT
    87.5 -87.5  -2.5                                        LAT1 / LAT2 / DLAT
  -180.0 180.0   5.0                                        LON1 / LON2 / DLON
    -1                                                      EXPONENT
TEC values in 0.1 tec units;  9999, if no value available   COMMENT
DCB values in nanoseconds, reference is Sum_of_SatDCBs = 0  COMMENT
                                                            END OF HEADER
[from data line 6435]
    16                                                      START OF TEC MAP
  2022     6    17     7    30     0                        EPOCH OF CURRENT MAP
    87.5-180.0 180.0   5.0 450.0                            LAT/LON1/LON2/DLON/H
  167  167  168  168  168  169  169  170  170  171  171  172  172  173  173  174
  174  174  175  175  176  176  176  176  177  177  177  177  177  177  177  177
  177  177  177  177  177  177  176  176  176  176  175  175  175  175  174  174
  174  173  173  173  172  172  172  171  171  170  170  170  169  169  168  168
  168  168  167  167  167  167  167  167  167
    85.0-180.0 180.0   5.0 450.0                            LAT/LON1/LON2/DLON/H
  160  160  161  162  162  163  164  165  166  167  168  169  170  171  172  172
  173  174  174  175  175  175  176  176  177  177  177  178  178  178  178  178
  178  178  178  178  177  177  176  176  176  175  175  175  174  174  174  174
  174  174  174  173  173  173  173  172  171  170  170  169  168  166  165  164
  163  162  161  161  160  160  160  160  160
    82.5-180.0 180.0   5.0 450.0                            LAT/LON1/LON2/DLON/H
  153  154  154  156  157  158  160  162  163  165  166  167  168  169  169  170
  170  170  170  171  171  171  171  171  172  172  173  174  174  175  176  176
  176  176  176  176  175  174  174  173  172  172  171  171  172  172  173  173
  174  175  176  177  177  178  178  177  177  176  174  173  171  169  166  164
  162  160  158  156  155  154  153  153  153
    80.0-180.0 180.0   5.0 450.0                            LAT/LON1/LON2/DLON/H
  149  149  150  151  153  155  157  159  160  162  164  165  166  166  166  166
  166  165  164  164  163  163  162  162  163  164  165  166  168  169  171  172
  172  173  173  172  171  170  169  168  167  166  166  166  167  169  171  173
  175  178  181  183  185  186  187  188  187  186  185  182  180  176  173  169
  166  162  159  156  153  151  150  149  149
    77.5-180.0 180.0   5.0 450.0                            LAT/LON1/LON2/DLON/H
  148  148  148  149  150  152  154  156  158  160  161  162  163  163  163  162
  161  159  157  156  154  153  152  151  151  152  154  156  159  161  164  166
  168  169  169  169  168  166  164  162  161  160  161  161  163  166  169  174
  178  183  187  191  195  198  200  201  202  201  199  197  193  189  184  180
  174  169  165  160  157  153  151  149  148
    75.0-180.0 180.0   5.0 450.0                            LAT/LON1/LON2/DLON/H
  152  150  149  149  149  150  152  153  155  157  158  159  159  159  159  157
  156  153  151  148  145  143  141  140  139  140  142  145  149  153  158  161
  164  166  167  166  165  163  160  158  157  156  156  158  161  165  170  176
  182  188  194  200  205  209  212  214  215  215  214  211  208  204  199  193
  187  181  176  170  165  161  157  154  152
    72.5-180.0 180.0   5.0 450.0                            LAT/LON1/LON2/DLON/H
  159  155  153  151  149  149  149  150  151  152  153  154  154  154  154  153
  151  148  145  142  138  135  131  129  128  129  131  135  140  146  152  158
  162  165  166  165  164  161  158  156  155  154  155  157  161  166  172  179
  186  193  200  206  212  217  220  223  225  225  225  223  221  217  212  207
  201  195  189  183  177  172  167  163  159
    70.0-180.0 180.0   5.0 450.0                            LAT/LON1/LON2/DLON/H
  169  163  158  153  150  147  145  144  144  145  145  146  147  148  148  147
  146  143  140  137  132  128  124  121  119  119  121  126  132  140  148  155
  161  165  166  166  164  161  159  156  155  156  157  160  165  170  176  183
  190  197  203  209  214  218  222  225  227  228  229  229  228  226  223  219
  214  209  203  197  192  186  180  174  169
    67.5-180.0 180.0   5.0 450.0                            LAT/LON1/LON2/DLON/H
  181  173  165  158  151  145  141  138  136  135  136  136  137  138  139  139
  138  137  134  131  126  122  117  113  111  111  113  119  126  136  145  154
  161  165  167  167  165  163  160  159  159  160  162  166  171  176  182  187
  193  198  203  207  210  213  216  219  221  224  226  227  228  228  227  226
  223  219  215  210  206  200  194  188  181
    65.0-180.0 180.0   5.0 450.0                            LAT/LON1/LON2/DLON/H
  194  185  174  164  154  145  137  132  128  126  125  125  125  126  127  128
  128  127  125  122  119  114  110  106  103  104  107  113  122  133  144  154
  162  166  168  168  166  164  163  163  164  166  169  174  178  183  187  191
  195  198  200  201  203  204  206  208  210  214  217  221  224  226  227  228
  227  225  223  220  217  213  208  202  194
    62.5-180.0 180.0   5.0 450.0                            LAT/LON1/LON2/DLON/H
  208  198  186  173  160  148  137  128  122  117  114  113  113  113  114  115
  115  115  114  111  108  104  101   98   97   98  102  110  120  132  144  155
  163  167  169  168  167  165  165  166  169  173  177  181  186  189  193  195
  197  197  197  196  195  195  195  196  199  203  207  212  217  221  224  226
  227  227  227  226  225  224  220  215  208
    60.0-180.0 180.0   5.0 450.0                            LAT/LON1/LON2/DLON/H
  222  212  200  186  170  155  142  130  120  113  107  104  102  102  102  102
  102  101  100   98   95   93   91   90   90   93   99  109  121  134  147  157
  165  168  169  168  167  166  167  170  175  179  184  189  192  196  198  199
  199  199  197  194  192  190  189  190  192  196  200  205  211  216  220  223
  225  226  227  229  230  231  230  227  222
    57.5-180.0 180.0   5.0 450.0                            LAT/LON1/LON2/DLON/H
  235  228  217  202  186  169  152  137  124  114  106  100   96   94   92   91
   90   88   86   84   82   81   81   83   86   91  100  111  124  138  151  161
  167  170  169  168  167  167  170  174  180  185  190  195  198  201  204  205
  205  204  201  198  195  192  191  191  193  196  200  205  209  213  217  220
  222  224  226  229  232  235  238  238  235
    55.0-180.0 180.0   5.0 450.0                            LAT/LON1/LON2/DLON/H
  247  243  235  222  205  187  169  151  135  122  111  102   96   92   88   86
   83   80   76   74   72   73   74   78   84   92  103  116  131  146  158  166
  171  172  171  169  168  170  174  179  185  191  196  201  205  208  211  214
  215  214  211  208  205  203  202  202  203  205  207  210  213  216  218  220
  221  223  225  228  232  237  243  246  247
    52.5-180.0 180.0   5.0 450.0                            LAT/LON1/LON2/DLON/H
  256  256  251  241  226  208  189  169  152  136  123  112  103   97   92   87
   83   79   74   70   69   69   72   78   85   96  109  124  140  155  166  173
  176  175  174  172  172  175  179  185  192  198  203  208  212  217  222  226
  228  228  226  223  221  219  219  219  220  220  220  220  220  221  222  222
  223  224  225  227  232  238  245  251  256
    50.0-180.0 180.0   5.0 450.0                            LAT/LON1/LON2/DLON/H
  261  265  265  258  246  229  209  189  170  154  139  127  117  109  103   97
   92   86   80   76   73   73   76   82   91  103  118  134  151  166  176  181
  182  181  179  178  179  182  187  193  200  206  212  217  222  228  235  241
  245  245  244  241  238  238  238  239  239  238  235  232  230  228  227  227
  227  226  227  228  231  237  245  253  261
    47.5-180.0 180.0   5.0 450.0                            LAT/LON1/LON2/DLON/H
  261  269  272  270  260  245  227  207  188  172  158  147  136  127  120  114
  108  102   95   89   85   84   86   91   99  111  126  144  162  176  185  189
  189  187  186  187  189  193  198  204  211  217  223  229  236  243  251  258
  262  262  260  256  254  253  255  256  256  253  248  243  238  235  233  232
  232  231  231  230  232  235  242  251  261
    45.0-180.0 180.0   5.0 450.0                            LAT/LON1/LON2/DLON/H
  256  266  272  273  267  254  237  219  202  188  177  167  158  149  141  135
  129  122  116  109  103  100   99  102  108  118  134  153  171  185  193  196
  196  195  196  198  201  205  210  216  223  231  238  245  252  260  268  275
  278  276  271  266  263  263  265  267  267  264  258  251  245  240  238  238
  238  238  237  235  234  235  239  246  256
    42.5-180.0 180.0   5.0 450.0                            LAT/LON1/LON2/DLON/H
  248  258  266  269  266  255  239  223  209  200  193  186  179  171  163  156
  150  144  138  130  124  118  114  112  115  124  138  157  177  191  200  203
  203  204  207  211  214  218  222  228  237  246  255  262  269  277  284  289
  290  285  278  271  267  268  271  274  275  272  266  258  252  247  244  245
  246  246  245  242  238  235  236  240  248
    40.0-180.0 180.0   5.0 450.0                            LAT/LON1/LON2/DLON/H
  240  247  255  259  257  247  233  219  209  205  204  202  198  191  183  175
  169  163  157  150  142  134  127  122  121  126  140  159  179  195  204  208
  210  213  218  223  227  229  233  240  250  262  272  280  286  292  297  299
  297  290  280  272  268  270  275  280  282  280  275  268  262  258  255  256
  257  258  257  252  246  240  236  236  240
    37.5-180.0 180.0   5.0 450.0                            LAT/LON1/LON2/DLON/H
  234  238  243  246  244  235  221  209  203  204  209  214  213  207  199  190
  183  177  171  164  156  147  137  128  124  126  138  158  179  196  206  212
  216  222  229  235  238  239  242  250  262  276  288  296  300  303  305  305
  301  292  282  274  272  276  283  291  295  295  291  287  282  277  275  274
  274  274  273  267  259  249  241  235  234
    35.0-180.0 180.0   5.0 450.0                            LAT/LON1/LON2/DLON/H
  235  232  233  234  230  221  207  196  193  199  210  221  224  220  211  200
  192  185  179  172  165  155  144  133  126  126  136  155  176  195  207  214
  221  230  239  246  247  246  249  258  273  289  302  308  310  309  308  307
  302  295  287  282  284  291  302  311  318  320  320  317  314  310  306  302
  300  298  294  288  278  265  252  242  235
    32.5-180.0 180.0   5.0 450.0                            LAT/LON1/LON2/DLON/H
  242  233  229  225  220  209  195  185  183  193  209  224  231  228  219  207
  196  187  180  174  168  160  149  138  129  127  136  153  174  192  206  216
  225  237  248  253  253  251  253  264  281  300  312  317  315  312  309  308
  306  302  299  300  307  319  333  345  353  358  361  361  360  356  349  342
  335  329  322  314  302  288  271  255  242
    30.0-180.0 180.0   5.0 450.0                            LAT/LON1/LON2/DLON/H
  257  242  231  223  215  203  189  178  177  188  207  225  235  234  224  211
  197  187  179  173  168  162  154  144  136  132  138  152  171  189  203  215
  227  241  253  259  258  255  257  270  289  308  320  322  318  313  311  311
  314  317  321  329  343  359  376  390  400  406  411  415  416  412  403  391
  379  367  356  345  331  315  296  276  257
    27.5-180.0 180.0   5.0 450.0                            LAT/LON1/LON2/DLON/H
  277  256  239  227  217  204  190  179  177  187  205  225  236  237  228  214
  199  187  178  172  168  164  160  153  145  140  143  153  169  184  198  211
  226  242  256  261  260  257  261  276  297  316  327  327  321  316  315  321
  329  340  352  368  387  407  426  440  450  458  465  471  474  471  461  445
  427  410  394  379  363  345  325  301  277
    25.0-180.0 180.0   5.0 450.0                            LAT/LON1/LON2/DLON/H
  299  273  252  236  224  212  198  187  183  190  205  223  236  238  231  217
  202  188  178  172  169  168  166  162  156  150  149  154  164  177  189  203
  220  239  254  261  261  260  267  283  305  324  333  332  326  323  327  337
  352  369  389  410  433  455  473  486  495  502  511  520  526  525  515  497
  475  452  432  413  394  375  352  327  299
    22.5-180.0 180.0   5.0 450.0                            LAT/LON1/LON2/DLON/H
  320  291  267  248  235  223  211  200  194  196  206  221  232  236  231  220
  205  191  181  174  171  171  172  170  165  159  153  153  157  165  176  190
  210  231  249  258  261  264  274  292  315  332  340  339  336  337  345  361
  381  403  426  450  473  494  509  519  525  532  541  552  561  563  556  539
  515  490  465  443  421  399  375  349  320
    20.0-180.0 180.0   5.0 450.0                            LAT/LON1/LON2/DLON/H
  336  307  281  261  246  236  226  215  206  203  207  217  227  232  230  221
  208  196  185  177  173  173  174  174  170  162  153  147  145  149  158  173
  195  219  240  254  261  268  282  303  324  340  348  350  351  357  370  389
  412  435  459  481  501  517  527  533  536  542  551  563  575  582  578  565
  543  518  491  466  441  417  392  365  336
    17.5-180.0 180.0   5.0 450.0                            LAT/LON1/LON2/DLON/H
  348  320  294  272  257  247  238  229  218  210  207  211  218  224  225  220
  210  199  189  180  175  172  172  172  168  159  146  135  129  129  136  152
  176  204  230  248  260  273  290  312  333  347  356  361  369  381  398  419
  441  462  482  500  514  523  527  527  528  531  540  553  567  578  581  573
  556  533  507  480  453  426  400  374  348
    15.0-180.0 180.0   5.0 450.0                            LAT/LON1/LON2/DLON/H
  355  331  306  284  267  256  247  238  226  214  205  203  208  214  218  215
  209  200  191  181  173  167  164  162  157  146  132  118  109  107  113  130
  157  189  218  241  259  277  298  320  339  352  362  372  386  405  425  445
  464  480  495  505  511  513  511  507  505  506  514  527  542  556  565  565
  554  536  513  486  457  429  402  379  355
    12.5-180.0 180.0   5.0 450.0                            LAT/LON1/LON2/DLON/H
  361  342  319  295  276  262  252  243  229  213  200  194  197  203  208  208
  204  197  189  179  167  157  150  145  138  127  113   98   88   85   92  110
  139  175  208  236  258  280  302  324  340  352  364  379  400  423  445  463
  477  489  496  500  499  494  487  480  476  477  483  494  509  525  538  543
  540  528  509  484  455  426  401  380  361
    10.0-180.0 180.0   5.0 450.0                            LAT/LON1/LON2/DLON/H
  368  353  333  309  285  267  254  243  228  210  193  185  186  192  198  198
  196  191  184  173  159  144  132  124  116  105   91   78   69   67   74   93
  125  163  201  232  258  281  304  323  337  347  360  380  406  432  454  470
  480  487  490  489  484  475  465  457  453  454  458  466  477  492  506  516
  518  512  498  476  450  422  398  381  368
     7.5-180.0 180.0   5.0 450.0                            LAT/LON1/LON2/DLON/H
  376  367  350  324  297  273  255  241  224  204  186  177  178  184  189  189
  186  182  176  165  148  130  115  104   95   84   72   61   55   54   62   82
  116  157  196  230  257  280  302  318  328  336  350  373  402  429  451  464
  473  477  479  476  470  461  451  445  442  443  445  449  455  465  477  488
  494  492  483  466  442  417  396  383  376
     5.0-180.0 180.0   5.0 450.0                            LAT/LON1/LON2/DLON/H
  384  380  366  341  309  280  257  239  219  198  180  171  173  179  183  182
  177  173  167  156  138  117  100   87   77   68   58   50   46   47   56   77
  111  153  195  228  255  277  296  308  314  320  334  358  387  415  435  447
  455  461  464  464  460  455  449  445  445  446  446  445  444  447  454  463
  469  470  465  452  433  412  395  386  384
     2.5-180.0 180.0   5.0 450.0                            LAT/LON1/LON2/DLON/H
  389  390  379  355  322  289  262  239  216  194  177  170  173  179  181  177
  170  164  158  146  128  108   90   77   67   58   51   46   44   46   55   75
  110  153  194  227  252  272  287  295  298  301  313  336  364  390  409  421
  431  440  447  452  455  455  454  455  457  458  456  451  443  439  439  443
  446  447  444  436  421  405  392  387  389
