IONEX/codg1680.22i
     1.0            IONOSPHERE MAPS     GNSS                IONEX VERSION / TYPE
ADDNEQ2 V5.5        AIUB                21-JUN-22 23:07     PGM / RUN BY / DATE 
CODE'S GLOBAL IONOSPHERE MAPS FOR DAY 168, 2022             COMMENT             
Global ionosphere maps (GIM) are generated on a daily basis DESCRIPTION         
at CODE using data from about 300 GNSS sites of the IGS and DESCRIPTION         
other institutions. The vertical total electron content     DESCRIPTION         
(VTEC) is modeled in a solar-geomagnetic reference frame    DESCRIPTION         
using a spherical harmonics expansion up to degree and      DESCRIPTION         
order 15. Piece-wise linear functions are used for          DESCRIPTION         
representation in the time domain. The time spacing of      DESCRIPTION         
their vertices is 1 hour, conforming with the epochs of the DESCRIPTION         
VTEC maps.                                                  DESCRIPTION         
To convert line-of-sight TEC into vertical TEC, a modified  DESCRIPTION         
single-layer model mapping function approximating the JPL   DESCRIPTION         
extended slab model mapping function is adopted. The        DESCRIPTION         
mapping function is evaluated at geodetic satellite         DESCRIPTION         
elevation angles. For the computation of the ionospheric    DESCRIPTION         
pierce points, a spherical layer with a radius of 6821 km   DESCRIPTION         
is assumed, implying geocentric, not geodetic IONEX         DESCRIPTION         
latitudes.                                                  DESCRIPTION         
Instrumental biases with respect to each involved GNSS code DESCRIPTION         
observable are estimated as constant values for each        DESCRIPTION         
day. They are modeled with one set of bias parameters for   DESCRIPTION         
each satellite and each station in case of GPS and for each DESCRIPTION         
satellite-station link in case of GLONASS. The code bias    DESCRIPTION         
datum is defined by zero-mean conditions imposed on the     DESCRIPTION         
satellite bias estimates. In this file, just GPS C1W-C2W    DESCRIPTION         
satellite and station bias values are included. The         DESCRIPTION         
complete set of GNSS code bias results is provided in an    DESCRIPTION         
additional Bias-SINEX file as pseudo-absolute values        DESCRIPTION         
specific to each observable.                                DESCRIPTION         
Note: These GIM results correspond to the results for the   DESCRIPTION         
middle day of a 3-day combination analysis solving for 73   DESCRIPTION         
times 256, or 18688 VTEC parameters and 3 daily sets of     DESCRIPTION         
GNSS code bias parameters.                                  DESCRIPTION         
Contact address: code(at)aiub.unibe.ch                      DESCRIPTION         
Data archive:    ftp.aiub.unibe.ch/CODE/                    DESCRIPTION         
                 www.aiub.unibe.ch/download/CODE/           DESCRIPTION         
  2022     6    17     0     0     0                        EPOCH OF FIRST MAP  
  2022     6    18     0     0     0                        EPOCH OF LAST MAP   
  3600                                                      INTERVAL            
[...]
barh bjco bjfs bndy boav bogo bogt bor1 braz brft brst brux COMMENT             
bshm cags cas1 ccj2 cedu chpg chpi chti chur ckis cnmr coco COMMENT             
cord cpvg cpxf crar cro1 daej darw dav1 dgar dhlg drao dubo COMMENT             
ebre faa1 fair flin flrs frdn ftna func ganp glsv gode godz COMMENT             
gol2 gold gope gras graz guam harb hers hert hlfx hnlc hob2 COMMENT             
hofn holb hrao hyde ieng iisc invk iqal irkj joz2 joze kerg COMMENT             
kir0 kiri kiru kit3 kokb kokv koug kour krgg laut lmmf lpal COMMENT             
lpgs m0se mac1 madr mal2 mana mas1 mat1 mate maw1 mcil mcm4 COMMENT             
mdo1 mdvj medi mets mgue mizu mkea mobs monp morp mqzg mro1 COMMENT             
mtka nano nico nklg nlib nnor not1 nrc1 nya1 nyal ohi2 onsa COMMENT             
opmt ous2 pado park pdel penc pert pie1 pohn pol2 polv pots COMMENT             
pove prds ptag ptbb ptvl qaq1 quin rabt ramo reun reyk rgdg COMMENT             
rio2 riop salu samo sant savo sch2 scor scrz scub seyg smst COMMENT             
sofi spt0 ssia sthl stjo stk2 str2 suth sutm suwn sydn syog COMMENT             
tabl tabv tash thtg thti thu2 tid1 tidb tlse tong tow2 tro1 COMMENT             
tsea tskb tuva twtf uclu ufpr ulab unb3 unbj unsa urum usn7 COMMENT             
usud vald vill voim wab1 wab2 wark wgtn whit will wind wsrt COMMENT             
wtza wtzl wtzr wtzz wuhn xmis yar2 yar3 yarr yell zamb zeck COMMENT             
zim2 zim3 zimm                                              COMMENT             
                                                            END OF HEADER       
[from data line 858]
     3                                                      START OF TEC MAP    
  2022     6    17     2     0     0                        EPOCH OF CURRENT MAP
    87.5-180.0 180.0   5.0 450.0                            LAT/LON1/LON2/DLON/H
  174  175  175  175  175  175  175  175  175  174  174  174  173  172  172  171
  170  170  169  168  167  166  165  164  163  162  161  160  159  158  157  157
  156  155  155  154  154  154  154  154  154  154  154  154  154  154  155  155
  156  156  157  158  158  159  160  161  162  163  164  164  165  166  167  168
  169  170  171  171  172  173  173  174  174
    85.0-180.0 180.0   5.0 450.0                            LAT/LON1/LON2/DLON/H
  181  181  182  182  182  182  182  181  181  180  179  179  178  177  176  175
  173  172  171  169  167  165  164  162  159  157  155  153  152  150  148  147
  146  145  144  143  143  142  142  142  142  143  143  144  144  145  146  146
  147  148  149  150  152  153  154  156  157  159  160  162  164  166  167  169
  171  172  174  175  177  178  179  180  181
    82.5-180.0 180.0   5.0 450.0                            LAT/LON1/LON2/DLON/H
  185  186  186  186  186  185  184  183  182  181  180  179  178  177  176  175
  174  173  171  169  167  165  162  159  156  153  149  146  143  141  139  137
  135  134  133  133  133  133  133  134  134  135  136  136  137  138  139  140
  141  142  143  145  146  148  149  151  153  155  157  159  161  163  166  168
  171  173  176  178  180  182  183  184  185
    80.0-180.0 180.0   5.0 450.0                            LAT/LON1/LON2/DLON/H
  188  189  189  188  187  185  184  182  180  178  177  175  174  173  173  173
  172  172  171  169  167  164  161  157  153  148  143  139  135  132  129  128
  126  126  125  126  126  127  128  129  130  131  132  134  135  136  137  138
  139  140  141  142  143  144  146  148  149  151  153  156  159  161  164  167
  171  174  177  180  182  184  186  188  188
    77.5-180.0 180.0   5.0 450.0                            LAT/LON1/LON2/DLON/H
  191  191  191  189  188  185  182  179  176  173  170  168  167  167  167  168
  169  169  170  169  168  165  161  156  150  144  138  133  128  125  122  121
  120  120  121  122  124  126  127  129  130  132  133  134  136  137  138  139
  140  141  141  142  143  144  146  147  149  150  152  155  157  160  164  167
  171  175  178  182  185  187  189  191  191
    75.0-180.0 180.0   5.0 450.0                            LAT/LON1/LON2/DLON/H
  194  194  193  191  189  185  181  177  172  168  164  161  159  158  159  161
  164  166  168  169  168  165  161  155  148  141  133  127  122  119  117  116
  117  119  121  123  125  128  130  132  134  135  137  138  140  141  142  143
  144  145  145  146  147  148  149  150  151  152  154  156  158  162  165  169
  173  177  181  185  188  191  193  194  194
    72.5-180.0 180.0   5.0 450.0                            LAT/LON1/LON2/DLON/H
  197  197  195  194  191  187  183  177  171  165  160  155  152  151  152  155
  158  162  165  167  167  165  160  153  145  137  129  122  118  115  114  115
  117  120  123  126  129  131  134  136  137  139  141  143  145  146  148  149
  150  151  151  152  153  153  154  155  155  156  158  159  162  165  169  173
  177  182  186  189  192  195  196  197  197
    70.0-180.0 180.0   5.0 450.0                            LAT/LON1/LON2/DLON/H
  199  198  197  196  193  190  186  181  174  167  160  154  150  147  147  149
  153  157  162  164  165  162  157  150  141  132  124  118  114  113  114  117
  120  124  127  130  133  135  137  138  140  142  145  147  150  152  154  155
  156  157  158  158  159  160  160  161  161  162  163  164  166  170  173  178
  183  187  191  195  197  199  200  200  199
    67.5-180.0 180.0   5.0 450.0                            LAT/LON1/LON2/DLON/H
  200  198  197  197  195  194  191  186  180  173  166  158  152  148  146  146
  149  153  156  159  159  157  151  144  135  127  119  115  113  113  116  120
  124  128  131  133  135  136  137  139  141  144  147  150  154  157  159  161
  162  162  163  163  164  164  165  166  166  167  167  169  171  174  178  183
  188  193  197  201  202  203  202  201  200
    65.0-180.0 180.0   5.0 450.0                            LAT/LON1/LON2/DLON/H
  199  197  196  196  196  196  195  192  188  182  175  167  160  154  149  147
  147  149  151  152  152  149  144  137  129  122  116  113  113  116  119  124
  128  131  132  133  134  134  135  136  139  143  147  152  156  160  163  165
  166  166  165  165  166  167  168  168  169  169  170  172  174  178  182  188
  193  198  202  205  206  206  204  202  199
    62.5-180.0 180.0   5.0 450.0                            LAT/LON1/LON2/DLON/H
  199  197  195  195  195  196  197  197  195  191  185  179  171  164  158  152
  149  147  146  145  143  141  136  131  125  119  116  115  116  120  124  128
  130  131  131  130  130  129  130  132  136  140  146  152  158  163  166  168
  168  167  166  165  165  166  167  168  169  169  170  172  174  178  183  189
  195  201  205  208  209  208  206  203  199
    60.0-180.0 180.0   5.0 450.0                            LAT/LON1/LON2/DLON/H
  201  198  196  195  196  197  198  199  199  198  195  190  184  177  169  162
  154  148  143  140  137  135  131  128  124  121  120  120  122  126  129  131
  131  130  128  125  124  124  125  128  132  138  144  150  157  163  168  169
  169  167  164  162  162  162  164  165  166  166  167  169  172  176  182  188
  194  200  204  208  210  210  208  205  201
    57.5-180.0 180.0   5.0 450.0                            LAT/LON1/LON2/DLON/H
  207  204  201  200  199  199  200  200  201  202  202  200  197  191  183  174
  163  154  145  139  136  134  133  132  131  130  130  131  132  134  134  134
  131  127  123  120  118  119  122  125  130  135  141  148  156  163  168  170
  170  167  163  160  159  159  160  161  162  162  163  165  168  172  177  183
  189  195  201  205  209  211  211  210  207
    55.0-180.0 180.0   5.0 450.0                            LAT/LON1/LON2/DLON/H
  218  216  214  211  208  206  204  203  202  203  205  207  207  204  198  188
  176  164  153  145  141  140  141  143  145  146  146  145  145  143  140  136
  130  124  118  115  114  116  120  125  129  133  138  145  153  161  168  171
  171  168  164  160  158  158  159  159  160  159  159  161  163  167  172  178
  183  189  195  201  207  213  216  218  218
    52.5-180.0 180.0   5.0 450.0                            LAT/LON1/LON2/DLON/H
  232  233  232  230  225  220  214  208  205  204  206  210  214  214  211  203
  191  178  167  158  154  154  158  162  166  167  166  164  159  154  147  140
  131  123  117  113  113  116  121  126  129  132  135  141  149  158  168  174
  176  174  169  165  163  162  162  162  161  160  159  159  161  164  168  173
  177  183  189  197  206  215  223  229  232
    50.0-180.0 180.0   5.0 450.0                            LAT/LON1/LON2/DLON/H
  249  253  255  253  248  240  230  220  212  208  209  213  218  222  222  218
  208  196  185  177  173  175  180  186  190  192  189  183  175  165  155  145
  135  126  119  115  115  119  124  128  131  131  132  136  144  156  169  179
  183  183  180  176  174  172  172  171  168  166  163  162  163  165  168  171
  174  179  186  195  206  219  231  241  249
    47.5-180.0 180.0   5.0 450.0                            LAT/LON1/LON2/DLON/H
  264  273  278  279  275  266  253  239  226  217  214  216  222  228  232  231
  225  216  206  199  196  199  204  211  215  215  211  202  190  177  164  152
  142  133  125  121  121  124  129  132  133  131  130  132  141  155  172  186
  194  197  196  193  190  189  188  186  182  178  174  172  171  171  173  175
  177  181  187  197  209  224  239  252  264
    45.0-180.0 180.0   5.0 450.0                            LAT/LON1/LON2/DLON/H
  275  287  296  301  300  292  279  262  245  232  225  224  228  235  241  243
  241  235  227  221  219  221  226  232  236  235  229  218  203  188  174  163
  153  144  137  132  130  131  134  137  136  133  130  131  141  157  177  195
  208  213  214  212  211  210  208  206  202  196  191  187  185  184  184  185
  186  190  196  204  217  231  246  261  275
    42.5-180.0 180.0   5.0 450.0                            LAT/LON1/LON2/DLON/H
  282  295  308  317  320  316  304  288  269  253  242  238  239  244  250  255
  255  252  246  241  238  239  242  247  250  249  242  230  215  199  186  176
  167  160  152  145  141  140  141  143  142  138  134  135  144  162  184  205
  221  229  232  232  232  231  231  228  224  219  213  207  203  201  200  201
  203  207  212  219  229  241  254  267  282
    40.0-180.0 180.0   5.0 450.0                            LAT/LON1/LON2/DLON/H
  285  299  313  325  332  333  326  312  295  278  265  257  254  257  261  266
  267  265  260  254  250  249  251  254  256  255  250  239  225  210  198  189
  183  177  169  161  153  150  150  152  152  148  143  143  151  169  192  215
  232  241  246  248  250  251  251  250  247  243  237  230  225  221  220  222
  226  231  236  242  248  255  263  273  285
    37.5-180.0 180.0   5.0 450.0                            LAT/LON1/LON2/DLON/H
  290  301  315  329  339  344  342  333  320  305  291  281  275  273  275  277
  278  275  269  262  256  253  253  254  256  256  253  245  233  220  209  202
  197  193  186  176  167  162  162  164  165  162  157  155  161  178  200  221
  238  248  254  258  262  265  268  269  268  264  259  252  246  242  242  246
  253  260  266  270  272  274  276  281  290
    35.0-180.0 180.0   5.0 450.0                            LAT/LON1/LON2/DLON/H
  301  309  321  334  345  353  355  350  342  330  318  307  299  294  291  290
  286  280  272  263  257  252  251  251  253  255  255  250  240  228  217  210
  207  204  198  189  180  175  175  178  180  177  172  168  172  185  204  223
  238  248  255  261  268  273  278  281  282  281  277  271  265  261  263  269
  280  290  298  302  301  299  296  296  301
    32.5-180.0 180.0   5.0 450.0                            LAT/LON1/LON2/DLON/H
  322  328  336  347  357  364  368  366  361  354  344  334  324  316  309  302
  294  283  271  261  254  250  248  248  250  254  256  254  245  233  220  212
  209  208  204  198  191  187  188  192  194  192  184  178  178  187  203  219
  232  241  249  258  267  275  281  286  290  291  289  284  279  276  280  290
  304  319  330  335  333  328  323  321  322
    30.0-180.0 180.0   5.0 450.0                            LAT/LON1/LON2/DLON/H
  356  360  366  373  380  385  387  385  382  376  368  358  348  337  326  314
  299  284  269  258  252  249  248  248  250  254  258  256  247  232  217  206
  202  202  202  200  197  196  198  202  204  199  190  181  177  183  195  208
  219  229  239  251  262  272  280  286  291  294  294  291  287  286  292  305
  324  343  358  365  365  361  357  355  356
    27.5-180.0 180.0   5.0 450.0                            LAT/LON1/LON2/DLON/H
  399  405  410  414  417  418  415  411  405  398  389  380  368  355  341  324
  304  283  266  255  252  252  253  253  254  256  258  255  244  226  206  191
  185  186  190  194  196  199  202  205  204  197  185  173  167  171  180  192
  203  214  227  242  257  268  276  282  287  292  293  292  290  292  300  316
  338  360  379  391  394  394  393  395  399
    25.0-180.0 180.0   5.0 450.0                            LAT/LON1/LON2/DLON/H
  446  455  462  465  466  462  455  445  433  422  410  397  384  369  352  332
  308  283  264  255  254  259  262  261  259  257  256  250  235  212  187  168
  160  162  170  180  188  194  197  197  193  182  168  155  148  151  161  173
  186  199  216  235  252  265  272  276  281  286  289  290  291  295  306  323
  347  372  394  409  418  422  428  436  446
    22.5-180.0 180.0   5.0 450.0                            LAT/LON1/LON2/DLON/H
  487  502  512  518  518  512  501  485  467  448  430  412  395  378  359  336
  309  283  264  256  260  267  271  269  262  255  248  237  218  192  163  141
  130  133  144  159  172  180  182  178  169  156  141  128  123  127  139  153
  169  187  208  232  252  264  270  273  277  282  287  290  293  300  312  330
  353  378  402  421  434  444  456  471  487
    20.0-180.0 180.0   5.0 450.0                            LAT/LON1/LON2/DLON/H
  515  535  550  560  563  559  547  527  502  475  449  424  402  382  361  337
  310  284  265  259  265  274  277  271  259  245  232  217  195  166  136  113
  101  104  117  135  150  159  158  150  138  123  108   98   95  102  117  135
  155  178  205  232  254  267  272  274  277  283  289  294  300  309  321  338
  359  384  408  428  444  457  473  493  515
    17.5-180.0 180.0   5.0 450.0                            LAT/LON1/LON2/DLON/H
  525  548  567  582  591  592  583  563  535  501  466  434  406  381  359  335
  309  284  267  262  267  276  276  266  247  227  209  190  167  139  111   88
   78   80   93  111  127  134  130  119  104   89   77   70   71   81   99  121
  145  173  204  235  259  273  278  280  285  291  299  306  314  324  337  351
  369  390  413  432  448  463  479  501  525
    15.0-180.0 180.0   5.0 450.0                            LAT/LON1/LON2/DLON/H
  518  541  561  580  595  604  602  586  558  521  480  440  406  378  354  331
  307  284  268  263  266  270  266  250  226  202  180  160  138  114   91   72
   63   65   76   92  106  110  103   89   74   61   53   51   54   66   85  110
  138  170  205  239  265  279  286  291  299  308  318  328  337  348  359  370
  384  401  420  437  451  463  477  496  518
    12.5-180.0 180.0   5.0 450.0                            LAT/LON1/LON2/DLON/H
  500  518  536  555  575  592  599  591  568  531  487  443  404  372  347  325
  304  284  268  261  260  258  248  226  199  171  149  131  113   95   78   66
   60   62   70   82   91   92   82   67   53   45   42   43   48   59   77  102
  132  167  205  240  268  285  295  305  318  332  345  356  366  377  386  395
  404  416  431  445  455  462  471  483  500
    10.0-180.0 180.0   5.0 450.0                            LAT/LON1/LON2/DLON/H
  480  490  502  518  539  561  576  578  562  530  487  442  400  366  341  320
  301  283  267  257  250  240  223  198  168  142  121  106   94   83   75   70
   68   69   74   81   85   82   71   56   45   42   44   47   51   59   74   97
  127  163  202  238  267  287  302  319  339  359  376  388  398  407  415  421
  425  433  445  456  462  465  466  471  480
     7.5-180.0 180.0   5.0 450.0                            LAT/LON1/LON2/DLON/H
  468  469  472  481  498  521  542  552  544  519  481  437  396  361  335  315
  297  281  265  251  237  221  198  170  141  118  101   91   84   81   80   82
   84   85   86   88   87   81   69   56   50   51   56   60   61   64   74   93
  122  157  196  232  262  284  305  330  358  384  403  416  425  434  440  443
  446  450  459  468  472  472  469  467  468
     5.0-180.0 180.0   5.0 450.0                            LAT/LON1/LON2/DLON/H
  471  464  458  457  466  485  507  522  521  502  470  430  392  358  332  312
  295  278  262  244  226  204  178  149  122  103   91   85   83   85   90   97
  102  103  102   99   94   86   75   64   62   67   74   77   73   70   74   89
  115  150  187  222  252  277  303  334  369  400  422  434  443  450  456  458
  459  462  470  479  483  483  479  475  471
     2.5-180.0 180.0   5.0 450.0                            LAT/LON1/LON2/DLON/H
  489  479  465  454  453  464  483  497  500  486  459  424  389  358  332  311
  293  276  258  239  217  192  164  137  114   99   91   89   89   93  100  111
  118  120  116  110  103   94   83   76   76   83   91   91   84   75   73   84
  108  140  176  210  239  265  294  330  369  404  426  438  445  452  458  460
  461  465  473  483  491  495  495  493  489
