IONEX/codg1680.22i
     1.0            IONOSPHERE MAPS     GNSS                IONEX VERSION / TYPE
ADDNEQ2 V5.5        AIUB                21-JUN-22 23:07     PGM / RUN BY / DATE 
CODE'S GLOBAL IONOSPHERE MAPS FOR DAY 168, 2022             COMMENT             
Global ionosphere maps (GIM) are generated on a daily basis DESCRIPTION         
at CODE using data from about 300 GNSS sites of the IGS and DESCRIPTION         
other institutions. The vertical total electron content     DESCRIPTION         
(VTEC) is modeled in a solar-geomagnetic reference frame    DESCRIPTION         
using a spherical harmonics expansion up to degree and      DESCRIPTION         
order 15. Piece-wise linear functions are used for          DESCRIPTION         
representation in the time domain. The time spacing of      DESCRIPTION         
their vertices is 1 hour, conforming with the epochs of the DESCRIPTION         
VTEC maps.                                                  DESCRIPTION         
To convert line-of-sight TEC into vertical TEC, a modified  DESCRIPTION         
single-layer model mapping function approximating the JPL   DESCRIPTION         
extended slab model mapping function is adopted. The        DESCRIPTION         
mapping function is evaluated at geodetic satellite         DESCRIPTION         
elevation angles. For the computation of the ionospheric    DESCRIPTION         
pierce points, a spherical layer with a radius of 6821 km   DESCRIPTION         
is assumed, implying geocentric, not geodetic IONEX         DESCRIPTION         
latitudes.                                                  DESCRIPTION         
Instrumental biases with respect to each involved GNSS code DESCRIPTION         
observable are estimated as constant values for each        DESCRIPTION         
day. They are modeled with one set of bias parameters for   DESCRIPTION         
each satellite and each station in case of GPS and for each DESCRIPTION         
satellite-station link in case of GLONASS. The code bias    DESCRIPTION         
datum is defined by zero-mean conditions imposed on the     DESCRIPTION         
satellite bias estimates. In this file, just GPS C1W-C2W    DESCRIPTION         
satellite and station bias values are included. The         DESCRIPTION         
complete set of GNSS code bias results is provided in an    DESCRIPTION         
additional Bias-SINEX file as pseudo-absolute values        DESCRIPTION         
specific to each observable.                                DESCRIPTION         
Note: These GIM results correspond to the results for the   DESCRIPTION         
middle day of a 3-day combination analysis solving for 73   DESCRIPTION         
times 256, or 18688 VTEC parameters and 3 daily sets of     DESCRIPTION         
GNSS code bias parameters.                                  DESCRIPTION         
Contact address: code(at)aiub.unibe.ch                      DESCRIPTION         
Data archive:    ftp.aiub.unibe.ch/CODE/                    DESCRIPTION         
                 www.aiub.unibe.ch/download/CODE/           DESCRIPTION         
  2022     6    17     0     0     0                        EPOCH OF FIRST MAP  
  2022     6    18     0     0     0                        EPOCH OF LAST MAP   
  3600                                                      INTERVAL            
[...]
barh bjco bjfs bndy boav bogo bogt bor1 braz brft brst brux COMMENT             
bshm cags cas1 ccj2 cedu chpg chpi chti chur ckis cnmr coco COMMENT             
cord cpvg cpxf crar cro1 daej darw dav1 dgar dhlg drao dubo COMMENT             
ebre faa1 fair flin flrs frdn ftna func ganp glsv gode godz COMMENT             
gol2 gold gope gras graz guam harb hers hert hlfx hnlc hob2 COMMENT             
hofn holb hrao hyde ieng iisc invk iqal irkj joz2 joze kerg COMMENT             
kir0 kiri kiru kit3 kokb kokv koug kour krgg laut lmmf lpal COMMENT             
lpgs m0se mac1 madr mal2 mana mas1 mat1 mate maw1 mcil mcm4 COMMENT             
mdo1 mdvj medi mets mgue mizu mkea mobs monp morp mqzg mro1 COMMENT             
mtka nano nico nklg nlib nnor not1 nrc1 nya1 nyal ohi2 onsa COMMENT             
opmt ous2 pado park pdel penc pert pie1 pohn pol2 polv pots COMMENT             
pove prds ptag ptbb ptvl qaq1 quin rabt ramo reun reyk rgdg COMMENT             
rio2 riop salu samo sant savo sch2 scor scrz scub seyg smst COMMENT             
sofi spt0 ssia sthl stjo stk2 str2 suth sutm suwn sydn syog COMMENT             
tabl tabv tash thtg thti thu2 tid1 tidb tlse tong tow2 tro1 COMMENT             
tsea tskb tuva twtf uclu ufpr ulab unb3 unbj unsa urum usn7 COMMENT             
usud vald vill voim wab1 wab2 wark wgtn whit will wind wsrt COMMENT             
wtza wtzl wtzr wtzz wuhn xmis yar2 yar3 yarr yell zamb zeck COMMENT             
zim2 zim3 zimm                                              COMMENT             
                                                            END OF HEADER       
[from data line 3003]
     8                                                      START OF TEC MAP    
  2022     6    17     7     0     0                        EPOCH OF CURRENT MAP
    87.5-180.0 180.0   5.0 450.0                            LAT/LON1/LON2/DLON/H
  133  134  134  135  136  137  138  139  140  141  142  143  144  144  145  146
  147  148  148  149  149  149  150  150  150  150  150  149  149  149  148  148
  148  147  146  146  145  145  144  143  142  142  141  140  140  139  138  138
  137  137  136  136  135  135  134  134  133  133  132  132  132  132  131  131
  131  131  131  131  131  132  132  132  133
    85.0-180.0 180.0   5.0 450.0                            LAT/LON1/LON2/DLON/H
  128  129  130  131  133  134  136  138  140  142  144  146  148  150  152  153
  154  156  156  157  158  158  158  158  158  158  157  157  156  155  154  154
  153  152  151  150  149  148  146  145  144  143  142  141  141  140  139  139
  138  138  137  137  136  136  136  135  135  134  133  133  132  131  130  129
  128  128  127  127  126  126  127  127  128
    82.5-180.0 180.0   5.0 450.0                            LAT/LON1/LON2/DLON/H
  126  126  127  129  131  133  135  138  141  144  147  149  152  154  157  158
  160  161  162  163  163  163  162  162  161  160  159  158  158  157  156  155
  154  153  152  151  149  148  147  146  145  144  143  142  142  142  142  142
  143  143  144  145  145  146  146  146  146  146  145  144  143  141  139  137
  135  133  131  129  128  127  126  126  126
    80.0-180.0 180.0   5.0 450.0                            LAT/LON1/LON2/DLON/H
  128  128  128  129  131  133  136  138  141  145  148  151  154  156  159  161
  162  163  164  164  164  163  162  160  159  157  156  155  153  153  152  151
  151  150  150  149  148  147  146  145  144  144  143  143  144  145  146  148
  151  153  156  159  162  164  166  168  168  169  168  167  165  163  160  156
  152  148  144  141  137  134  131  129  128
    77.5-180.0 180.0   5.0 450.0                            LAT/LON1/LON2/DLON/H
  135  133  132  132  133  135  136  139  141  144  147  150  153  155  158  160
  161  162  162  162  160  159  157  154  152  150  148  146  145  145  145  145
  146  146  147  147  146  146  145  144  144  143  144  145  146  149  153  157
  162  167  173  178  183  188  192  195  197  199  199  198  196  193  189  184
  178  172  166  159  153  147  143  138  135
    75.0-180.0 180.0   5.0 450.0                            LAT/LON1/LON2/DLON/H
  146  142  139  138  137  137  138  139  140  142  144  147  149  151  153  155
  156  157  157  156  155  152  149  146  143  140  138  136  136  136  137  139
  141  143  144  145  146  145  145  144  143  143  144  147  150  154  160  167
  175  183  191  199  206  213  219  223  227  229  230  230  228  225  221  215
  208  200  191  183  174  165  158  151  146
    72.5-180.0 180.0   5.0 450.0                            LAT/LON1/LON2/DLON/H
  158  152  148  144  141  140  139  138  138  138  139  141  142  144  146  148
  149  150  150  149  147  144  141  137  134  131  128  127  127  129  131  135
  138  142  144  146  147  146  146  145  144  144  146  149  154  161  168  177
  187  197  207  217  226  234  240  246  250  253  255  256  255  253  249  243
  236  227  217  206  195  184  174  166  158
    70.0-180.0 180.0   5.0 450.0                            LAT/LON1/LON2/DLON/H
  170  163  156  151  146  142  139  136  134  133  132  132  133  135  136  138
  139  140  140  139  137  135  132  128  125  122  121  120  121  124  129  134
  139  144  147  149  150  149  148  147  146  147  149  153  159  167  177  187
  198  209  220  229  238  246  252  257  261  264  266  268  269  268  266  262
  255  247  236  225  213  201  189  179  170
    67.5-180.0 180.0   5.0 450.0                            LAT/LON1/LON2/DLON/H
  180  172  164  157  150  144  138  133  129  126  124  123  123  124  125  126
  127  128  128  127  126  124  122  120  117  116  115  116  119  123  129  136
  143  148  152  154  154  153  151  149  149  150  153  158  166  174  184  194
  205  216  225  234  241  246  251  254  257  259  262  265  267  269  269  267
  262  256  247  236  224  212  201  190  180
    65.0-180.0 180.0   5.0 450.0                            LAT/LON1/LON2/DLON/H
  189  180  172  164  155  147  138  130  124  119  115  113  112  112  113  114
  114  114  114  114  113  112  111  110  109  110  111  114  119  125  132  140
  148  154  158  160  159  157  155  153  153  155  159  165  173  181  190  199
  208  217  224  230  234  237  238  239  240  241  244  247  251  255  257  258
  257  253  246  238  228  218  207  198  189
    62.5-180.0 180.0   5.0 450.0                            LAT/LON1/LON2/DLON/H
  196  189  181  172  162  151  140  129  120  113  108  104  103  102  102  102
  101  100   99   98   98   98   98  100  102  105  109  114  120  127  136  144
  152  159  163  164  163  161  158  157  158  161  166  173  180  188  195  202
  208  213  217  220  221  221  219  217  216  216  217  221  225  231  236  239
  241  240  237  231  225  217  210  203  196
    60.0-180.0 180.0   5.0 450.0                            LAT/LON1/LON2/DLON/H
  204  199  193  184  173  160  145  132  120  110  103   99   96   94   93   91
   89   87   85   84   83   83   86   89   94  100  107  114  122  130  139  148
  156  162  166  167  166  164  161  161  164  169  175  182  189  194  199  202
  205  207  208  208  207  204  200  196  193  191  192  194  199  204  210  215
  219  221  221  219  217  214  211  207  204
    57.5-180.0 180.0   5.0 450.0                            LAT/LON1/LON2/DLON/H
  213  211  207  199  188  173  156  139  124  112  103   97   93   90   87   84
   80   77   74   71   70   71   75   80   88   96  106  115  124  133  141  149
  157  163  167  168  168  166  165  166  171  178  185  193  198  201  202  202
  202  201  200  198  195  191  187  182  178  175  174  175  178  182  187  192
  197  200  203  205  207  209  211  212  213
    55.0-180.0 180.0   5.0 450.0                            LAT/LON1/LON2/DLON/H
  223  225  224  218  207  191  172  153  135  120  109  102   96   90   85   81
   76   71   68   65   63   64   68   75   84   95  107  117  127  135  142  150
  156  162  167  169  169  169  169  173  179  188  197  204  208  208  206  204
  201  199  196  194  191  188  184  179  176  172  170  169  168  170  172  175
  179  183  188  193  199  206  212  218  223
    52.5-180.0 180.0   5.0 450.0                            LAT/LON1/LON2/DLON/H
  232  238  241  238  228  213  193  171  151  134  121  112  104   96   89   83
   77   73   69   66   64   64   68   74   85   97  110  122  131  139  145  150
  156  162  167  170  172  173  175  180  188  199  209  216  218  217  213  208
  204  202  199  198  196  193  191  189  186  183  179  175  171  169  167  167
  169  173  179  186  195  204  214  224  232
    50.0-180.0 180.0   5.0 450.0                            LAT/LON1/LON2/DLON/H
  240  249  255  255  248  234  215  192  171  153  139  128  118  108   99   91
   85   81   78   75   73   72   74   80   90  102  116  128  137  144  148  153
  157  163  169  174  178  180  183  189  199  210  221  228  230  227  222  217
  214  211  210  209  208  207  207  207  206  203  198  192  185  177  172  168
  168  171  176  184  194  206  217  229  240
    47.5-180.0 180.0   5.0 450.0                            LAT/LON1/LON2/DLON/H
  244  254  262  266  262  251  233  212  191  174  160  148  137  125  113  104
   98   95   93   91   89   86   86   90   98  110  124  136  145  151  155  158
  162  168  175  182  186  189  193  199  209  222  233  241  243  240  236  232
  229  227  226  226  225  225  227  228  229  227  222  214  203  193  184  178
  176  177  181  189  198  209  220  232  244
    45.0-180.0 180.0   5.0 450.0                            LAT/LON1/LON2/DLON/H
  242  252  261  268  268  260  246  227  209  193  181  171  159  146  132  121
  115  113  113  112  108  104  101  102  109  119  132  145  154  160  163  166
  170  177  185  192  198  201  204  210  220  233  246  254  258  256  253  251
  249  248  247  246  245  245  247  250  252  250  245  236  224  212  201  194
  191  190  193  198  205  214  223  232  242
    42.5-180.0 180.0   5.0 450.0                            LAT/LON1/LON2/DLON/H
  236  244  252  260  263  259  249  234  220  208  200  193  182  169  153  141
  134  133  134  133  129  123  117  115  119  128  140  152  163  169  173  176
  181  188  198  206  212  214  216  221  231  245  259  269  274  275  274  273
  273  272  270  267  265  264  266  269  271  270  265  255  243  232  222  215
  212  211  211  213  216  220  224  230  236
    40.0-180.0 180.0   5.0 450.0                            LAT/LON1/LON2/DLON/H
  229  232  238  245  249  249  242  232  222  216  214  211  204  191  175  161
  154  152  153  152  147  139  130  126  128  135  146  158  169  177  182  187
  193  201  211  221  226  228  228  232  242  257  272  284  291  294  295  296
  297  296  293  288  284  283  283  286  288  287  282  274  264  254  247  242
  239  237  235  232  229  228  227  227  229
    37.5-180.0 180.0   5.0 450.0                            LAT/LON1/LON2/DLON/H
  223  221  222  226  230  231  228  222  217  217  221  224  222  211  196  181
  172  169  169  167  161  151  141  135  135  140  150  161  172  181  188  195
  203  213  224  234  240  241  241  244  253  269  286  300  308  313  316  318
  319  318  314  309  305  303  304  306  308  307  303  296  288  281  277  275
  273  269  263  255  246  239  233  228  223
    35.0-180.0 180.0   5.0 450.0                            LAT/LON1/LON2/DLON/H
  224  216  211  210  211  212  211  207  207  211  221  231  233  226  213  198
  188  184  182  178  170  159  149  142  141  145  152  162  172  181  189  198
  208  221  234  246  252  253  252  255  266  282  299  314  324  330  334  337
  337  336  334  331  329  329  331  333  335  334  331  325  320  316  314  314
  313  307  296  282  267  254  244  234  224
    32.5-180.0 180.0   5.0 450.0                            LAT/LON1/LON2/DLON/H
  234  219  208  201  198  197  195  193  195  202  216  231  239  236  225  212
  201  195  191  185  176  165  156  150  148  150  154  160  167  175  184  195
  208  224  239  253  261  263  263  267  278  295  312  327  338  344  348  351
  352  352  353  355  358  362  366  369  372  372  370  366  362  359  360  360
  357  349  333  312  292  275  261  248  234
    30.0-180.0 180.0   5.0 450.0                            LAT/LON1/LON2/DLON/H
  253  233  215  202  195  191  187  184  186  194  209  226  238  240  233  221
  210  203  196  189  180  171  163  159  157  157  157  157  160  165  174  186
  202  220  239  255  266  271  274  279  291  307  324  338  348  354  358  361
  363  366  372  380  390  400  408  414  418  419  418  415  412  410  410  410
  405  392  371  346  321  300  285  270  253
    27.5-180.0 180.0   5.0 450.0                            LAT/LON1/LON2/DLON/H
  278  256  233  214  203  195  189  184  183  189  203  220  234  239  236  227
  217  208  200  192  184  177  172  170  168  164  159  153  150  151  158  171
  190  212  234  253  268  276  282  290  302  318  333  345  354  360  364  367
  371  378  390  407  425  441  452  461  466  470  471  469  466  463  461  458
  450  434  409  379  351  329  313  297  278
    25.0-180.0 180.0   5.0 450.0                            LAT/LON1/LON2/DLON/H
  306  282  256  235  219  209  201  194  189  191  200  214  227  235  234  228
  219  210  202  194  187  183  182  181  178  171  160  148  138  134  139  153
  174  199  225  248  266  279  288  298  311  326  339  350  358  364  369  373
  379  390  409  434  458  478  492  502  509  515  518  517  514  510  506  500
  489  470  443  412  382  359  342  326  306
    22.5-180.0 180.0   5.0 450.0                            LAT/LON1/LON2/DLON/H
  332  307  280  258  242  230  220  211  203  199  202  211  222  229  231  227
  219  211  202  195  191  190  191  191  186  176  159  141  124  116  119  133
  156  184  213  240  262  278  291  303  317  330  342  351  360  367  374  380
  388  403  427  457  485  506  519  529  537  545  550  550  548  543  537  530
  518  499  471  440  410  386  368  352  332
    20.0-180.0 180.0   5.0 450.0                            LAT/LON1/LON2/DLON/H
  350  326  300  279  264  252  242  231  221  212  209  211  218  223  226  223
  217  209  201  195  193  194  196  196  189  174  154  131  110   99  100  114
  139  169  201  231  256  275  291  305  319  332  343  352  361  372  381  389
  399  417  444  475  502  520  530  537  545  554  561  563  561  558  552  545
  534  517  492  462  433  409  389  372  350
    17.5-180.0 180.0   5.0 450.0                            LAT/LON1/LON2/DLON/H
  360  336  313  295  281  270  260  250  238  226  218  214  216  219  220  219
  213  206  198  193  192  194  196  193  183  166  143  117   96   83   83   98
  124  156  190  222  248  269  287  302  317  330  341  352  364  378  391  402
  413  432  459  488  510  520  523  526  533  542  550  554  555  554  551  546
  538  524  504  478  450  425  404  383  360
    15.0-180.0 180.0   5.0 450.0                            LAT/LON1/LON2/DLON/H
  362  338  318  303  292  282  272  262  250  237  226  218  215  215  216  214
  209  201  194  189  188  189  189  184  170  150  126  102   81   69   70   85
  112  146  181  214  241  262  280  296  312  327  339  353  368  386  403  416
  429  448  472  496  510  511  507  505  510  518  525  529  533  536  538  537
  533  524  509  487  462  436  411  387  362
    12.5-180.0 180.0   5.0 450.0                            LAT/LON1/LON2/DLON/H
  359  336  318  306  296  286  275  265  254  242  230  220  215  213  212  210
  204  197  189  184  181  180  177  168  151  130  107   86   69   59   61   77
  105  139  175  208  234  255  272  288  305  322  337  353  373  395  415  431
  445  463  484  502  507  500  489  484  486  492  496  500  505  513  520  524
  524  519  508  491  468  442  414  386  359
    10.0-180.0 180.0   5.0 450.0                            LAT/LON1/LON2/DLON/H
  355  333  318  307  297  285  272  261  251  240  229  219  213  210  208  206
  201  193  185  178  173  169  162  149  130  109   89   72   59   53   56   73
  100  135  171  203  229  248  263  280  298  317  335  354  376  401  425  443
  459  477  495  508  506  494  480  474  475  478  477  478  483  493  504  511
  514  511  504  490  469  443  414  383  355
     7.5-180.0 180.0   5.0 450.0                            LAT/LON1/LON2/DLON/H
  354  333  320  310  298  283  266  253  243  233  223  214  208  206  204  202
  197  190  182  173  166  158  147  130  110   90   74   62   54   51   55   71
   98  133  169  201  225  242  256  272  291  312  332  353  377  404  429  450
  468  487  505  514  511  498  487  485  487  485  478  472  474  484  496  504
  506  503  496  484  465  441  412  382  354
     5.0-180.0 180.0   5.0 450.0                            LAT/LON1/LON2/DLON/H
  357  338  326  317  303  284  263  246  234  224  215  207  202  200  199  198
  194  188  180  170  159  147  133  116   96   77   64   57   53   52   57   72
   98  131  167  198  221  237  249  265  285  307  328  349  372  399  426  450
  471  492  512  522  521  514  512  517  522  517  501  485  480  487  497  502
  500  493  485  473  457  436  410  383  357
     2.5-180.0 180.0   5.0 450.0                            LAT/LON1/LON2/DLON/H
  363  347  337  327  312  290  265  244  229  218  207  199  195  193  193  193
  190  185  177  166  153  139  124  106   87   72   62   57   55   56   60   73
   97  129  164  195  218  232  243  258  279  301  321  340  362  388  415  441
  466  491  513  527  532  536  547  564  575  566  542  515  500  499  502  501
  493  481  468  456  442  425  406  384  363
