IONEX/codg1680.22i
     1.0            IONOSPHERE MAPS     GNSS                IONEX VERSION / TYPE
ADDNEQ2 V5.5        AIUB                21-JUN-22 23:07     PGM / RUN BY / DATE 
CODE'S GLOBAL IONOSPHERE MAPS FOR DAY 168, 2022             COMMENT             
Global ionosphere maps (GIM) are generated on a daily basis DESCRIPTION         
at CODE using data from about 300 GNSS sites of the IGS and DESCRIPTION         
other institutions. The vertical total electron content     DESCRIPTION         
(VTEC) is modeled in a solar-geomagnetic reference frame    DESCRIPTION         
using a spherical harmonics expansion up to degree and      DESCRIPTION         
order 15. Piece-wise linear functions are used for          DESCRIPTION         
representation in the time domain. The time spacing of      DESCRIPTION         
their vertices is 1 hour, conforming with the epochs of the DESCRIPTION         
VTEC maps.                                                  DESCRIPTION         
To convert line-of-sight TEC into vertical TEC, a modified  DESCRIPTION         
single-layer model mapping function approximating the JPL   DESCRIPTION         
extended slab model mapping function is adopted. The        DESCRIPTION         
mapping function is evaluated at geodetic satellite         DESCRIPTION         
elevation angles. For the computation of the ionospheric    DESCRIPTION         
pierce points, a spherical layer with a radius of 6821 km   DESCRIPTION         
is assumed, implying geocentric, not geodetic IONEX         DESCRIPTION         
latitudes.                                                  DESCRIPTION         
Instrumental biases with respect to each involved GNSS code DESCRIPTION         
observable are estimated as constant values for each        DESCRIPTION         
day. They are modeled with one set of bias parameters for   DESCRIPTION         
each satellite and each station in case of GPS and for each DESCRIPTION         
satellite-station link in case of GLONASS. The code bias    DESCRIPTION         
datum is defined by zero-mean conditions imposed on the     DESCRIPTION         
satellite bias estimates. In this file, just GPS C1W-C2W    DESCRIPTION         
satellite and station bias values are included. The         DESCRIPTION         
complete set of GNSS code bias results is provided in an    DESCRIPTION         
additional Bias-SINEX file as pseudo-absolute values        DESCRIPTION         
specific to each observable.                                DESCRIPTION         
Note: These GIM results correspond to the results for the   DESCRIPTION         
middle day of a 3-day combination analysis solving for 73   DESCRIPTION         
times 256, or 18688 VTEC parameters and 3 daily sets of     DESCRIPTION         
GNSS code bias parameters.                                  DESCRIPTION         
Contact address: code(at)aiub.unibe.ch                      DESCRIPTION         
Data archive:    ftp.aiub.unibe.ch/CODE/                    DESCRIPTION         
                 www.aiub.unibe.ch/download/CODE/           DESCRIPTION         
  2022     6    17     0     0     0                        EPOCH OF FIRST MAP  
  2022     6    18     0     0     0                        EPOCH OF LAST MAP   
  3600                                                      INTERVAL            
[...]
barh bjco bjfs bndy boav bogo bogt bor1 braz brft brst brux COMMENT             
bshm cags cas1 ccj2 cedu chpg chpi chti chur ckis cnmr coco COMMENT             
cord cpvg cpxf crar cro1 daej darw dav1 dgar dhlg drao dubo COMMENT             
ebre faa1 fair flin flrs frdn ftna func ganp glsv gode godz COMMENT             
gol2 gold gope gras graz guam harb hers hert hlfx hnlc hob2 COMMENT             
hofn holb hrao hyde ieng iisc invk iqal irkj joz2 joze kerg COMMENT             
kir0 kiri kiru kit3 kokb kokv koug kour krgg laut lmmf lpal COMMENT             
lpgs m0se mac1 madr mal2 mana mas1 mat1 mate maw1 mcil mcm4 COMMENT             
mdo1 mdvj medi mets mgue mizu mkea mobs monp morp mqzg mro1 COMMENT             
mtka nano nico nklg nlib nnor not1 nrc1 nya1 nyal ohi2 onsa COMMENT             
opmt ous2 pado park pdel penc pert pie1 pohn pol2 polv pots COMMENT             
pove prds ptag ptbb ptvl qaq1 quin rabt ramo reun reyk rgdg COMMENT             
rio2 riop salu samo sant savo sch2 scor scrz scub seyg smst COMMENT             
sofi spt0 ssia sthl stjo stk2 str2 suth sutm suwn sydn syog COMMENT             
tabl tabv tash thtg thti thu2 tid1 tidb tlse tong tow2 tro1 COMMENT             
tsea tskb tuva twtf uclu ufpr ulab unb3 unbj unsa urum usn7 COMMENT             
usud vald vill voim wab1 wab2 wark wgtn whit will wind wsrt COMMENT             
wtza wtzl wtzr wtzz wuhn xmis yar2 yar3 yarr yell zamb zeck COMMENT             
zim2 zim3 zimm                                              COMMENT             
                                                            END OF HEADER       
[from data line 4290]
    11                                                      START OF TEC MAP    
  2022     6    17    10     0     0                        EPOCH OF CURRENT MAP
    87.5-180.0 180.0   5.0 450.0                            LAT/LON1/LON2/DLON/H
  154  155  157  158  159  161  162  164  165  166  167  169  170  171  171  172
  173  174  174  175  175  176  176  176  176  177  177  176  176  176  176  175
  175  174  173  173  172  171  170  169  168  166  165  164  163  161  160  159
  157  156  155  154  153  152  151  150  149  149  148  147  147  147  147  147
  147  148  148  149  150  151  152  153  154
    85.0-180.0 180.0   5.0 450.0                            LAT/LON1/LON2/DLON/H
  147  150  153  156  159  161  164  167  169  171  173  174  176  177  178  178
  179  180  180  181  181  182  182  183  183  184  184  184  185  185  185  184
  184  183  182  181  180  178  177  175  173  171  169  167  165  163  161  159
  157  155  153  151  149  148  146  144  142  141  139  138  137  136  135  135
  135  135  136  137  138  140  142  145  147
    82.5-180.0 180.0   5.0 450.0                            LAT/LON1/LON2/DLON/H
  143  147  151  155  160  164  167  171  173  175  177  178  178  178  178  178
  177  177  177  177  177  178  179  180  181  182  183  185  186  187  188  188
  188  188  188  187  185  184  182  180  178  176  174  172  170  168  167  165
  163  161  160  158  156  154  152  150  148  145  143  140  138  135  133  132
  130  130  129  130  131  133  136  139  143
    80.0-180.0 180.0   5.0 450.0                            LAT/LON1/LON2/DLON/H
  140  144  150  155  161  166  170  174  176  178  178  178  176  175  173  170
  168  167  166  165  165  166  167  168  170  173  175  178  180  182  184  186
  187  188  188  188  188  186  185  184  182  180  179  178  177  176  176  175
  175  175  175  174  173  172  171  169  166  163  159  156  152  147  143  139
  136  133  130  129  129  130  132  135  140
    77.5-180.0 180.0   5.0 450.0                            LAT/LON1/LON2/DLON/H
  137  142  148  154  161  167  172  175  177  178  177  175  171  167  163  158
  155  152  149  148  148  149  150  152  155  158  162  166  169  173  176  179
  182  184  185  186  186  186  185  184  183  182  182  182  183  185  187  189
  191  193  195  197  197  198  197  196  194  191  187  182  177  171  164  158
  151  145  140  135  133  131  132  134  137
    75.0-180.0 180.0   5.0 450.0                            LAT/LON1/LON2/DLON/H
  135  139  144  151  157  164  169  173  175  175  173  169  164  158  151  146
  140  136  134  132  132  133  135  137  140  144  148  152  157  161  166  170
  174  177  180  182  183  183  183  183  183  183  184  186  189  193  198  203
  207  212  216  219  222  224  225  225  224  221  218  213  208  200  192  183
  174  165  156  148  141  136  134  133  135
    72.5-180.0 180.0   5.0 450.0                            LAT/LON1/LON2/DLON/H
  134  135  138  144  150  156  162  166  168  168  166  161  155  148  141  135
  130  125  123  121  121  122  124  127  130  133  137  141  145  150  155  161
  166  170  174  177  179  180  180  181  181  183  185  189  194  200  207  214
  221  227  232  236  240  242  244  246  246  246  244  241  236  229  220  210
  199  188  176  164  154  145  139  135  134
    70.0-180.0 180.0   5.0 450.0                            LAT/LON1/LON2/DLON/H
  133  131  131  134  139  145  150  155  158  158  156  152  147  141  135  129
  124  121  118  117  118  119  120  122  124  127  130  133  138  142  148  154
  159  165  170  174  176  178  178  179  180  182  185  190  197  205  213  221
  228  234  239  243  245  248  250  252  254  256  257  256  254  249  242  233
  222  209  196  182  169  157  146  138  133
    67.5-180.0 180.0   5.0 450.0                            LAT/LON1/LON2/DLON/H
  135  128  125  125  127  131  135  140  143  145  145  142  139  135  130  127
  123  121  120  120  120  120  121  122  124  125  128  130  134  139  144  150
  157  163  168  173  176  177  178  179  180  182  185  191  199  207  216  224
  230  234  236  237  238  238  240  242  246  250  254  256  257  256  252  245
  237  226  213  199  185  170  157  145  135
    65.0-180.0 180.0   5.0 450.0                            LAT/LON1/LON2/DLON/H
  141  130  122  117  116  117  119  123  126  129  131  131  130  129  128  126
  125  125  125  125  124  124  124  124  125  126  128  131  135  140  145  151
  158  164  170  174  178  179  180  180  181  183  187  193  200  208  216  222
  226  227  225  223  220  217  217  220  224  230  237  243  247  249  249  246
  241  234  225  213  200  185  170  155  141
    62.5-180.0 180.0   5.0 450.0                            LAT/LON1/LON2/DLON/H
  152  137  125  115  109  106  105  107  109  113  115  118  120  122  123  125
  127  128  128  128  128  127  126  125  126  128  131  134  139  144  149  155
  161  168  173  178  181  183  184  183  184  185  189  195  201  209  215  219
  219  217  211  204  198  193  191  193  198  205  213  221  227  232  235  236
  236  233  229  222  212  200  185  168  152
    60.0-180.0 180.0   5.0 450.0                            LAT/LON1/LON2/DLON/H
  167  150  134  120  109  101   96   94   95   97  100  104  108  112  116  120
  124  127  128  128  126  125  123  123  125  128  133  138  144  150  155  161
  166  172  177  182  185  187  188  188  188  190  193  198  204  210  214  216
  214  208  199  189  180  172  169  171  176  183  191  199  206  211  216  220
  223  226  227  226  221  212  200  185  167
    57.5-180.0 180.0   5.0 450.0                            LAT/LON1/LON2/DLON/H
  185  167  149  132  116  104   94   88   86   85   87   91   95  100  106  111
  117  120  122  122  121  119  117  118  121  127  134  142  149  156  161  166
  171  176  181  185  189  191  193  193  194  196  198  202  207  211  214  214
  211  204  194  182  171  164  160  161  165  172  179  185  190  194  198  203
  209  215  221  225  226  222  214  201  185
    55.0-180.0 180.0   5.0 450.0                            LAT/LON1/LON2/DLON/H
  201  185  167  149  131  115  101   91   84   80   80   81   84   88   93   99
  105  110  113  113  112  110  110  112  118  126  136  146  154  161  166  170
  174  178  182  187  192  195  198  199  201  203  205  209  212  215  216  215
  212  205  196  186  176  168  165  166  170  175  179  183  184  185  187  191
  198  206  215  222  228  228  224  215  201
    52.5-180.0 180.0   5.0 450.0                            LAT/LON1/LON2/DLON/H
  213  200  185  168  150  132  115  101   91   84   80   78   77   79   82   87
   93   99  102  104  103  102  103  108  116  127  139  150  159  166  170  173
  175  179  184  189  194  199  203  206  209  212  214  217  219  220  220  220
  217  213  207  199  191  185  182  183  186  190  192  191  190  187  187  188
  193  201  210  219  226  230  229  223  213
    50.0-180.0 180.0   5.0 450.0                            LAT/LON1/LON2/DLON/H
  219  210  199  186  170  153  135  119  105   96   89   83   79   76   76   78
   84   89   94   96   97   98  101  108  118  131  144  156  165  170  173  174
  177  180  185  192  198  204  210  215  219  222  225  227  228  228  227  227
  226  225  222  217  212  207  205  206  208  210  210  207  203  199  196  195
  198  202  209  216  223  227  228  225  219
    47.5-180.0 180.0   5.0 450.0                            LAT/LON1/LON2/DLON/H
  217  212  206  198  187  172  156  140  126  115  106   98   89   81   76   76
   79   84   90   93   96   99  104  113  126  140  154  165  171  175  176  177
  179  184  190  197  205  212  219  225  231  235  238  240  239  238  237  237
  238  239  239  236  233  229  227  227  228  228  227  223  219  215  212  211
  210  211  213  217  220  223  223  221  217
    45.0-180.0 180.0   5.0 450.0                            LAT/LON1/LON2/DLON/H
  210  207  206  203  197  188  175  161  149  139  130  120  108   95   86   81
   82   85   90   95   98  104  111  123  138  153  166  176  180  181  181  182
  186  192  199  207  215  223  230  238  244  250  254  255  255  252  250  249
  251  254  255  254  250  245  242  241  241  240  238  236  234  233  232  231
  228  225  222  220  219  217  216  213  210
    42.5-180.0 180.0   5.0 450.0                            LAT/LON1/LON2/DLON/H
  198  197  198  200  200  196  188  178  170  163  156  146  132  116  102   93
   90   92   95   99  104  110  121  135  151  167  181  188  191  190  189  191
  197  205  213  222  229  237  244  252  260  267  272  274  273  270  267  266
  268  270  271  269  264  258  252  249  247  245  243  243  245  248  251  252
  248  241  233  226  220  214  209  203  198
    40.0-180.0 180.0   5.0 450.0                            LAT/LON1/LON2/DLON/H
  187  184  186  191  196  197  193  188  184  182  179  171  157  139  122  109
  102  101  102  104  109  116  129  145  164  181  195  202  203  201  201  205
  213  223  233  240  246  252  259  267  276  285  292  296  296  293  290  288
  288  290  290  286  279  270  263  257  253  249  248  249  255  263  269  271
  267  257  245  233  223  214  205  195  187
    37.5-180.0 180.0   5.0 450.0                            LAT/LON1/LON2/DLON/H
  179  172  172  178  186  191  192  191  191  193  194  190  178  160  141  126
  115  110  107  108  111  120  134  153  173  192  206  214  215  214  215  221
  232  245  255  261  265  269  274  282  293  303  312  318  320  319  316  314
  315  315  314  310  301  292  283  275  268  262  259  260  268  278  287  289
  283  271  255  241  228  217  205  192  179
    35.0-180.0 180.0   5.0 450.0                            LAT/LON1/LON2/DLON/H
  176  164  160  165  174  182  185  186  189  194  199  200  191  175  156  139
  126  117  111  108  111  119  135  156  178  199  215  223  225  226  230  239
  253  267  277  282  283  284  288  297  308  320  332  341  346  347  346  345
  346  348  348  344  337  329  320  311  301  291  284  284  289  298  305  305
  296  280  263  247  234  222  209  193  176
    32.5-180.0 180.0   5.0 450.0                            LAT/LON1/LON2/DLON/H
  178  161  153  155  163  172  177  179  181  187  195  198  194  181  164  147
  132  120  111  106  107  117  134  156  179  201  218  229  233  237  244  256
  273  288  297  300  299  298  301  310  322  336  350  361  369  374  376  379
  383  387  390  390  388  384  377  368  355  341  329  323  323  327  327  321
  306  287  267  251  238  228  215  198  178
    30.0-180.0 180.0   5.0 450.0                            LAT/LON1/LON2/DLON/H
  183  162  150  148  156  165  170  171  172  176  183  188  187  177  163  147
  132  119  108  101  103  113  131  154  178  200  218  230  238  244  255  270
  288  304  313  315  313  311  314  323  336  351  366  379  390  399  405  412
  420  429  438  446  450  452  450  441  426  407  389  376  369  364  354  338
  316  292  270  253  241  232  221  204  183
    27.5-180.0 180.0   5.0 450.0                            LAT/LON1/LON2/DLON/H
  189  166  150  146  152  161  167  167  165  165  169  173  173  166  155  141
  127  113  102   96   99  111  130  152  175  197  214  228  238  248  262  280
  299  316  325  327  325  324  328  337  350  365  381  395  408  419  430  442
  454  469  486  501  515  524  526  519  502  479  456  436  421  405  385  358
  327  297  272  254  242  233  224  210  189
    25.0-180.0 180.0   5.0 450.0                            LAT/LON1/LON2/DLON/H
  194  172  154  147  152  162  169  168  163  158  157  158  157  152  142  131
  118  106   95   91   96  109  129  151  173  192  209  223  236  249  265  285
  306  323  334  338  338  339  344  354  367  381  395  409  423  436  450  465
  482  502  525  548  568  583  589  583  566  542  516  493  471  447  416  379
  340  305  276  255  241  232  225  213  194
    22.5-180.0 180.0   5.0 450.0                            LAT/LON1/LON2/DLON/H
  198  177  158  150  155  166  175  175  167  157  150  146  143  137  129  119
  108   97   89   86   93  109  130  151  170  187  202  217  232  249  267  288
  309  327  341  349  354  358  365  375  387  400  412  424  437  451  466  482
  501  523  549  576  601  618  625  620  604  581  556  533  510  480  442  397
  354  315  284  259  241  230  222  213  198
    20.0-180.0 180.0   5.0 450.0                            LAT/LON1/LON2/DLON/H
  201  183  164  154  158  171  183  185  176  163  150  141  134  126  118  108
   98   89   82   82   91  108  129  149  166  181  196  212  229  248  268  290
  311  331  348  362  372  380  389  400  411  423  432  442  452  465  479  493
  510  531  556  582  605  620  626  620  606  587  569  551  529  499  459  412
  366  327  294  266  244  229  220  213  201
    17.5-180.0 180.0   5.0 450.0                            LAT/LON1/LON2/DLON/H
  206  190  171  159  161  175  189  194  186  172  156  142  131  121  111  101
   91   83   77   78   88  105  126  145  161  176  191  207  227  248  270  293
  315  336  357  376  392  405  416  426  438  448  456  463  471  481  491  501
  512  527  547  567  583  592  593  586  575  563  553  544  528  502  464  419
  376  339  307  277  250  231  221  215  206
    15.0-180.0 180.0   5.0 450.0                            LAT/LON1/LON2/DLON/H
  214  199  179  165  164  176  191  199  195  181  163  148  134  121  109   97
   87   79   74   75   83   99  118  137  154  170  186  206  227  251  275  298
  320  343  367  391  412  428  441  452  463  473  480  486  492  499  505  509
  512  519  529  540  546  545  539  530  523  519  519  518  511  490  457  418
  381  349  320  290  261  238  226  221  214
    12.5-180.0 180.0   5.0 450.0                            LAT/LON1/LON2/DLON/H
  227  213  191  172  166  175  189  199  197  186  170  154  139  124  110   98
   87   79   73   72   78   91  107  126  145  164  184  206  230  256  282  305
  328  351  377  405  429  447  461  472  484  494  503  509  514  519  521  518
  514  511  512  512  508  496  483  473  470  473  481  487  484  469  442  410
  380  354  330  303  274  251  238  233  227
    10.0-180.0 180.0   5.0 450.0                            LAT/LON1/LON2/DLON/H
  244  229  206  183  171  173  184  193  194  186  173  159  144  129  115  101
   90   82   75   72   74   81   95  113  135  158  183  208  235  262  289  314
  336  359  385  414  439  458  471  483  495  508  518  526  533  537  537  530
  520  511  504  497  483  464  446  435  436  444  454  461  459  445  422  396
  372  353  335  313  288  267  255  250  244
     7.5-180.0 180.0   5.0 450.0                            LAT/LON1/LON2/DLON/H
  262  247  223  197  179  174  178  184  185  179  170  159  147  133  119  106
   95   87   80   74   71   74   84  101  125  153  182  211  239  267  295  321
  343  365  389  416  439  457  469  481  495  510  523  534  544  550  551  543
  530  519  511  500  484  461  441  431  434  443  450  451  442  425  402  378
  359  345  332  317  299  282  273  268  262
     5.0-180.0 180.0   5.0 450.0                            LAT/LON1/LON2/DLON/H
  277  263  240  213  191  179  175  176  174  170  163  155  146  134  121  109
  100   92   85   78   72   71   76   92  117  149  182  212  241  269  298  324
  346  367  388  410  429  444  455  466  481  498  514  528  542  553  556  552
  542  534  530  524  510  489  471  464  468  473  472  459  437  410  383  359
  341  329  321  312  302  292  286  283  277
     2.5-180.0 180.0   5.0 450.0                            LAT/LON1/LON2/DLON/H
  283  271  251  227  204  188  177  171  166  160  154  149  142  133  121  111
  102   96   91   84   76   71   73   86  112  145  180  211  239  266  295  322
  345  363  380  396  410  420  429  440  455  473  490  507  525  541  550  551
  549  551  556  559  553  539  526  523  527  526  510  479  440  401  366  339
  319  307  301  298  296  293  290  288  283
