IONEX/codg1680.22i
     1.0            IONOSPHERE MAPS     GNSS                IONEX VERSION / TYPE
ADDNEQ2 V5.5        AIUB                21-JUN-22 23:07     PGM / RUN BY / DATE 
CODE'S GLOBAL IONOSPHERE MAPS FOR DAY 168, 2022             COMMENT             
Global ionosphere maps (GIM) are generated on a daily basis DESCRIPTION         
at CODE using data from about 300 GNSS sites of the IGS and DESCRIPTION         
other institutions. The vertical total electron content     DESCRIPTION         
(VTEC) is modeled in a solar-geomagnetic reference frame    DESCRIPTION         
using a spherical harmonics expansion up to degree and      DESCRIPTION         
order 15. Piece-wise linear functions are used for          DESCRIPTION         
representation in the time domain. The time spacing of      DESCRIPTION         
their vertices is 1 hour, conforming with the epochs of the DESCRIPTION         
VTEC maps.                                                  DESCRIPTION         
To convert line-of-sight TEC into vertical TEC, a modified  DESCRIPTION         
single-layer model mapping function approximating the JPL   DESCRIPTION         
extended slab model mapping function is adopted. The        DESCRIPTION         
mapping function is evaluated at geodetic satellite         DESCRIPTION         
elevation angles. For the computation of the ionospheric    DESCRIPTION         
pierce points, a spherical layer with a radius of 6821 km   DESCRIPTION         
is assumed, implying geocentric, not geodetic IONEX         DESCRIPTION         
latitudes.                                                  DESCRIPTION         
Instrumental biases with respect to each involved GNSS code DESCRIPTION         
observable are estimated as constant values for each        DESCRIPTION         
day. They are modeled with one set of bias parameters for   DESCRIPTION         
each satellite and each station in case of GPS and for each DESCRIPTION         
satellite-station link in case of GLONASS. The code bias    DESCRIPTION         
datum is defined by zero-mean conditions imposed on the     DESCRIPTION         
satellite bias estimates. In this file, just GPS C1W-C2W    DESCRIPTION         
satellite and station bias values are included. The         DESCRIPTION         
complete set of GNSS code bias results is provided in an    DESCRIPTION         
additional Bias-SINEX file as pseudo-absolute values        DESCRIPTION         
specific to each observable.                                DESCRIPTION         
Note: These GIM results correspond to the results for the   DESCRIPTION         
middle day of a 3-day combination analysis solving for 73   DESCRIPTION         
times 256, or 18688 VTEC parameters and 3 daily sets of     DESCRIPTION         
GNSS code bias parameters.                                  DESCRIPTION         
Contact address: code(at)aiub.unibe.ch                      DESCRIPTION         
Data archive:    ftp.aiub.unibe.ch/CODE/                    DESCRIPTION         
                 www.aiub.unibe.ch/download/CODE/           DESCRIPTION         
  2022     6    17     0     0     0                        EPOCH OF FIRST MAP  
  2022     6    18     0     0     0                        EPOCH OF LAST MAP   
  3600                                                      INTERVAL            
[...]
barh bjco bjfs bndy boav bogo bogt bor1 braz brft brst brux COMMENT             
bshm cags cas1 ccj2 cedu chpg chpi chti chur ckis cnmr coco COMMENT             
cord cpvg cpxf crar cro1 daej darw dav1 dgar dhlg drao dubo COMMENT             
ebre faa1 fair flin flrs frdn ftna func ganp glsv gode godz COMMENT             
gol2 gold gope gras graz guam harb hers hert hlfx hnlc hob2 COMMENT             
hofn holb hrao hyde ieng iisc invk iqal irkj joz2 joze kerg COMMENT             
kir0 kiri kiru kit3 kokb kokv koug kour krgg laut lmmf lpal COMMENT             
lpgs m0se mac1 madr mal2 mana mas1 mat1 mate maw1 mcil mcm4 COMMENT             
mdo1 mdvj medi mets mgue mizu mkea mobs monp morp mqzg mro1 COMMENT             
mtka nano nico nklg nlib nnor not1 nrc1 nya1 nyal ohi2 onsa COMMENT             
opmt ous2 pado park pdel penc pert pie1 pohn pol2 polv pots COMMENT             
pove prds ptag ptbb ptvl qaq1 quin rabt ramo reun reyk rgdg COMMENT             
rio2 riop salu samo sant savo sch2 scor scrz scub seyg smst COMMENT             
sofi spt0 ssia sthl stjo stk2 str2 suth sutm suwn sydn syog COMMENT             
tabl tabv tash thtg thti thu2 tid1 tidb tlse tong tow2 tro1 COMMENT             
tsea tskb tuva twtf uclu ufpr ulab unb3 unbj unsa urum usn7 COMMENT             
usud vald vill voim wab1 wab2 wark wgtn whit will wind wsrt COMMENT             
wtza wtzl wtzr wtzz wuhn xmis yar2 yar3 yarr yell zamb zeck COMMENT             
zim2 zim3 zimm                                              COMMENT             
                                                            END OF HEADER       
[from data line 6435]
    16                                                      START OF TEC MAP    
  2022     6    17    15     0     0                        EPOCH OF CURRENT MAP
    87.5-180.0 180.0   5.0 450.0                            LAT/LON1/LON2/DLON/H
  154  154  154  154  154  154  154  154  154  154  155  155  155  155  155  155
  155  155  154  154  154  154  154  154  153  153  153  152  152  151  151  150
  150  150  149  149  148  148  148  147  147  147  147  146  146  146  146  146
  147  147  147  147  147  148  148  148  149  149  149  150  150  151  151  151
  152  152  152  153  153  153  153  153  154
    85.0-180.0 180.0   5.0 450.0                            LAT/LON1/LON2/DLON/H
  156  156  156  156  156  156  157  157  157  157  157  157  157  158  158  158
  159  159  159  159  159  159  159  159  158  158  157  156  155  155  154  153
  151  150  149  148  147  146  145  145  144  144  143  143  143  143  143  143
  144  144  145  145  146  146  147  148  148  149  150  150  151  152  152  153
  154  154  155  155  155  156  156  156  156
    82.5-180.0 180.0   5.0 450.0                            LAT/LON1/LON2/DLON/H
  158  158  158  157  157  157  157  157  157  157  157  158  159  159  160  161
  162  163  164  164  165  165  165  165  165  164  163  162  161  160  158  156
  155  153  151  150  148  146  145  144  143  142  142  141  141  142  142  143
  143  144  145  146  146  147  148  149  149  150  150  151  152  153  153  154
  155  155  156  157  157  157  158  158  158
    80.0-180.0 180.0   5.0 450.0                            LAT/LON1/LON2/DLON/H
  158  158  157  157  156  156  156  155  155  156  156  157  158  159  161  162
  164  166  167  169  170  171  171  171  171  171  170  168  167  165  163  161
  159  157  155  152  150  148  146  145  143  143  142  142  142  143  144  145
  146  147  148  149  149  150  150  150  150  150  151  151  151  151  152  153
  153  154  155  156  157  157  158  158  158
    77.5-180.0 180.0   5.0 450.0                            LAT/LON1/LON2/DLON/H
  156  156  156  156  155  154  154  153  153  153  154  155  156  158  160  163
  165  168  170  173  174  176  177  177  177  176  175  174  172  170  168  166
  164  161  159  156  153  151  149  147  145  145  144  145  145  147  148  149
  151  152  153  154  154  154  153  152  151  150  149  148  148  148  148  148
  149  150  151  153  154  155  156  156  156
    75.0-180.0 180.0   5.0 450.0                            LAT/LON1/LON2/DLON/H
  154  154  154  154  154  153  153  152  152  152  152  153  155  157  159  162
  165  168  172  174  177  179  180  180  180  179  178  177  175  173  171  169
  167  165  162  160  157  154  152  150  148  148  148  149  150  152  154  156
  158  159  160  160  160  158  156  154  152  149  146  144  143  142  141  142
  142  144  145  147  149  150  152  153  154
    72.5-180.0 180.0   5.0 450.0                            LAT/LON1/LON2/DLON/H
  150  152  153  153  154  154  153  153  152  152  152  153  154  156  158  161
  164  168  171  175  177  179  181  181  181  180  179  177  176  174  173  171
  169  168  165  163  160  157  155  153  151  151  152  153  156  158  161  164
  166  167  167  166  165  162  159  155  151  147  143  140  137  135  134  134
  135  136  138  140  143  145  147  149  150
    70.0-180.0 180.0   5.0 450.0                            LAT/LON1/LON2/DLON/H
  147  149  151  153  155  156  156  156  155  155  154  154  155  156  157  160
  162  166  169  173  176  178  180  181  180  179  178  176  175  173  172  172
  171  169  168  165  163  160  157  155  154  155  156  158  161  165  168  170
  172  173  173  171  169  165  161  156  151  146  141  137  133  130  128  127
  128  130  132  134  137  139  142  144  147
    67.5-180.0 180.0   5.0 450.0                            LAT/LON1/LON2/DLON/H
  143  147  151  154  157  160  161  161  160  159  158  157  157  157  157  159
  161  163  166  170  173  175  177  178  178  177  176  174  173  172  171  171
  171  170  169  167  165  162  160  158  157  158  160  162  166  170  173  175
  177  177  175  173  170  167  162  158  153  147  142  137  132  128  125  124
  125  126  128  130  132  135  137  140  143
    65.0-180.0 180.0   5.0 450.0                            LAT/LON1/LON2/DLON/H
  140  145  150  156  160  164  166  166  166  164  163  161  160  159  158  158
  159  161  163  166  169  172  174  175  176  175  174  172  171  171  171  171
  172  172  171  169  167  164  162  160  159  161  163  166  170  174  176  178
  178  177  175  173  170  167  163  160  156  151  146  141  136  131  128  126
  125  126  128  129  131  132  134  137  140
    62.5-180.0 180.0   5.0 450.0                            LAT/LON1/LON2/DLON/H
  137  142  149  156  163  167  170  171  170  169  167  165  163  162  160  159
  158  158  159  161  164  167  170  172  173  173  173  172  171  171  171  172
  173  173  173  171  169  166  164  162  162  163  166  170  173  176  178  178
  177  176  173  171  169  167  165  164  162  159  155  150  144  139  134  132
  130  130  131  131  132  132  132  134  137
    60.0-180.0 180.0   5.0 450.0                            LAT/LON1/LON2/DLON/H
  134  140  147  156  164  169  172  173  172  171  169  167  166  164  162  161
  159  158  157  158  160  163  167  169  171  172  172  172  172  172  173  174
  175  175  175  174  171  169  167  165  165  167  170  173  176  178  178  177
  175  173  170  169  168  168  169  170  171  170  167  162  156  150  144  140
  138  137  137  136  135  133  131  131  134
    57.5-180.0 180.0   5.0 450.0                            LAT/LON1/LON2/DLON/H
  131  136  145  154  163  169  172  172  171  169  168  167  166  165  164  163
  160  158  157  156  157  160  163  167  170  172  173  173  174  174  176  177
  178  178  178  177  174  172  170  169  169  171  173  176  178  179  179  177
  174  171  169  169  170  173  176  180  183  183  181  176  169  162  155  149
  146  145  144  142  139  135  131  129  131
    55.0-180.0 180.0   5.0 450.0                            LAT/LON1/LON2/DLON/H
  128  133  142  152  161  167  169  169  168  166  165  164  164  165  165  165
  163  161  158  156  156  158  161  165  169  172  174  175  177  178  179  180
  181  181  181  180  178  176  175  174  174  175  178  180  182  182  180  177
  175  172  172  173  176  180  186  191  196  197  195  190  182  173  164  157
  153  151  150  147  143  137  131  128  128
    52.5-180.0 180.0   5.0 450.0                            LAT/LON1/LON2/DLON/H
  126  131  139  149  158  164  166  166  164  162  161  161  162  164  166  167
  166  164  161  158  157  157  160  165  169  173  176  179  180  182  183  184
  185  185  184  184  183  182  181  180  181  182  183  185  186  185  183  181
  179  178  178  181  186  192  198  204  209  210  208  201  192  181  171  163
  158  155  153  151  146  139  132  127  126
    50.0-180.0 180.0   5.0 450.0                            LAT/LON1/LON2/DLON/H
  125  129  137  146  155  161  163  163  162  160  158  158  159  162  166  169
  171  169  166  162  160  160  162  167  172  177  181  184  186  188  189  189
  189  189  189  190  190  190  190  190  190  190  191  192  192  191  189  187
  186  187  190  194  200  206  212  217  220  220  217  210  199  187  175  166
  160  157  155  153  148  141  133  127  125
    47.5-180.0 180.0   5.0 450.0                            LAT/LON1/LON2/DLON/H
  126  129  135  144  152  158  161  163  163  162  161  160  160  162  167  172
  176  176  173  169  166  165  168  172  178  184  188  191  194  195  196  196
  196  196  197  198  201  203  205  205  204  203  202  202  202  200  199  198
  198  200  204  209  215  221  225  228  229  227  223  215  204  191  179  168
  161  158  156  154  150  143  135  128  126
    45.0-180.0 180.0   5.0 450.0                            LAT/LON1/LON2/DLON/H
  128  129  134  141  148  155  161  166  169  170  169  166  165  166  171  177
  182  184  182  178  174  174  176  182  188  194  199  202  204  206  207  207
  206  207  209  213  218  223  225  225  224  221  219  217  215  214  212  212
  213  216  220  225  230  234  236  236  235  231  226  218  208  196  183  172
  164  159  157  155  151  145  138  131  128
    42.5-180.0 180.0   5.0 450.0                            LAT/LON1/LON2/DLON/H
  131  130  133  137  144  152  161  171  179  183  183  180  176  176  180  186
  192  195  193  189  186  185  189  195  202  209  213  217  219  221  222  222
  223  224  228  235  243  250  254  254  251  246  240  236  233  231  229  229
  230  233  237  240  243  244  243  241  237  233  227  221  213  202  190  178
  169  164  161  158  155  149  142  136  131
    40.0-180.0 180.0   5.0 450.0                            LAT/LON1/LON2/DLON/H
  136  132  131  133  138  147  160  175  190  200  203  200  195  192  194  200
  206  208  206  202  199  200  204  211  219  226  231  235  238  240  243  244
  246  250  256  266  276  286  291  290  285  277  268  261  257  253  251  250
  250  251  252  253  252  250  246  242  237  232  228  224  219  211  200  189
  178  171  167  164  159  154  148  141  136
    37.5-180.0 180.0   5.0 450.0                            LAT/LON1/LON2/DLON/H
  140  134  129  127  130  139  156  178  200  217  224  223  219  215  216  220
  224  225  222  217  214  215  220  228  237  245  250  255  259  264  268  272
  277  284  293  305  318  329  335  333  325  313  301  291  284  280  276  273
  271  270  267  263  258  253  246  240  235  231  229  229  227  222  213  202
  191  182  176  171  166  160  154  147  140
    35.0-180.0 180.0   5.0 450.0                            LAT/LON1/LON2/DLON/H
  144  135  127  121  121  130  149  176  205  230  244  248  245  242  243  245
  247  245  240  234  230  231  236  244  254  262  270  276  283  290  297  305
  314  325  337  351  366  377  381  378  367  352  336  324  315  309  305  300
  295  289  282  273  263  253  245  238  232  230  231  234  236  234  226  215
  203  194  186  180  173  167  160  153  144
    32.5-180.0 180.0   5.0 450.0                            LAT/LON1/LON2/DLON/H
  148  137  126  116  113  120  139  169  204  236  258  268  271  271  273  274
  273  268  261  253  247  246  250  258  268  278  287  296  306  317  329  342
  355  370  385  400  414  423  426  421  407  389  371  357  348  342  336  329
  321  310  298  283  268  254  243  235  230  229  232  239  244  244  237  226
  214  204  196  188  180  172  165  157  148
    30.0-180.0 180.0   5.0 450.0                            LAT/LON1/LON2/DLON/H
  151  139  126  114  108  112  129  159  197  234  263  282  292  298  302  303
  300  293  282  272  264  261  262  269  279  290  302  315  329  344  361  379
  397  416  433  447  458  464  464  456  441  422  404  390  381  375  369  360
  348  333  315  295  274  256  243  233  229  229  234  242  248  249  242  231
  219  210  202  194  184  176  168  160  151
    27.5-180.0 180.0   5.0 450.0                            LAT/LON1/LON2/DLON/H
  152  141  129  117  108  108  121  148  185  225  260  286  304  317  325  328
  325  316  304  291  281  274  273  277  287  301  316  332  350  369  390  413
  436  458  475  487  493  494  490  481  467  449  432  419  412  408  401  391
  376  357  335  309  283  261  244  234  228  228  233  242  248  248  240  228
  217  209  203  195  185  175  167  160  152
    25.0-180.0 180.0   5.0 450.0                            LAT/LON1/LON2/DLON/H
  150  143  133  122  113  110  116  137  170  209  248  280  307  327  340  346
  344  336  324  311  298  288  283  285  295  311  329  349  371  393  418  444
  470  492  509  517  517  512  504  495  482  467  454  445  441  438  432  420
  403  381  354  325  295  268  248  235  228  227  231  238  243  241  231  219
  208  202  197  190  181  171  163  157  150
    22.5-180.0 180.0   5.0 450.0                            LAT/LON1/LON2/DLON/H
  147  143  138  131  123  116  117  130  156  192  230  267  299  325  344  354
  356  350  341  329  315  303  295  296  306  324  346  368  392  416  442  469
  496  518  532  535  528  518  507  498  489  480  471  467  466  465  458  445
  425  401  373  340  306  276  253  238  229  226  228  233  235  230  218  204
  194  189  186  181  172  163  155  151  147
    20.0-180.0 180.0   5.0 450.0                            LAT/LON1/LON2/DLON/H
  142  142  142  139  133  125  121  127  145  175  211  248  282  313  337  352
  359  359  354  345  333  319  310  311  323  342  366  390  414  439  464  490
  515  535  545  543  531  515  502  495  491  488  486  486  487  486  478  463
  441  415  386  353  317  284  258  240  229  224  224  226  225  217  203  187
  177  173  172  168  161  152  146  142  142
    17.5-180.0 180.0   5.0 450.0                            LAT/LON1/LON2/DLON/H
  134  138  142  145  142  135  127  127  138  162  192  227  261  294  321  341
  354  361  363  359  349  336  328  331  345  367  391  415  439  461  484  506
  527  544  551  544  527  508  495  491  492  495  498  501  503  501  490  471
  447  421  393  360  323  288  260  241  229  222  219  218  215  205  188  172
  160  157  156  155  149  141  136  133  134
    15.0-180.0 180.0   5.0 450.0                            LAT/LON1/LON2/DLON/H
  126  131  138  144  145  140  132  128  135  152  177  207  239  271  300  324
  344  358  368  370  364  355  350  356  373  396  420  443  464  484  502  519
  535  547  551  542  524  503  491  489  496  504  509  513  513  507  492  469
  443  417  391  359  324  289  260  240  227  219  214  211  205  195  178  160
  148  144  143  142  138  132  127  125  126
    12.5-180.0 180.0   5.0 450.0                            LAT/LON1/LON2/DLON/H
  118  122  130  138  141  138  132  128  133  146  167  192  221  251  280  307
  331  353  370  378  377  372  372  383  404  428  451  470  488  505  518  530
  539  547  549  541  523  503  492  493  503  513  518  519  515  504  483  456
  429  404  380  352  318  284  256  236  223  214  208  203  198  187  171  154
  141  135  134  133  130  125  120  118  118
    10.0-180.0 180.0   5.0 450.0                            LAT/LON1/LON2/DLON/H
  111  112  118  125  129  129  126  125  130  142  160  182  207  235  264  293
  321  347  370  383  387  388  394  410  434  458  478  494  509  522  531  537
  541  545  547  541  526  509  500  502  511  520  523  519  508  490  464  434
  406  383  362  337  307  275  248  229  217  208  201  196  190  181  168  153
  140  132  129  128  126  122  117  113  111
     7.5-180.0 180.0   5.0 450.0                            LAT/LON1/LON2/DLON/H
  106  103  104  109  112  113  114  117  125  139  156  177  201  227  256  285
  314  343  368  385  394  400  412  433  459  482  498  511  522  532  539  540
  539  540  543  541  531  518  510  511  518  523  520  509  491  467  437  405
  377  356  339  318  290  260  235  218  207  199  191  186  181  175  166  153
  141  133  129  127  125  122  117  111  106
     5.0-180.0 180.0   5.0 450.0                            LAT/LON1/LON2/DLON/H
  103   96   93   92   94   95   98  105  118  134  154  176  200  227  255  284
  313  342  367  385  397  408  426  450  477  497  509  518  527  535  539  537
  532  532  536  539  534  525  517  515  517  516  506  488  463  434  402  371
  345  327  312  294  270  242  219  203  193  185  178  172  169  167  162  154
  144  136  131  128  126  124  119  112  103
     2.5-180.0 180.0   5.0 450.0                            LAT/LON1/LON2/DLON/H
  102   92   84   79   77   78   83   93  109  128  151  176  203  233  262  290
  317  344  367  384  398  413  434  460  485  502  510  515  522  529  532  527
  520  518  523  530  531  524  515  508  504  496  480  455  426  395  363  335
  312  296  284  268  246  221  199  184  175  167  160  155  154  155  155  152
  145  138  133  130  128  125  120  112  102
