IONEX/ehrg1680.22i
     1.0            IONOSPHERE MAPS     GPS                 IONEX VERSION / TYPE
PAR2IONEX           ESA/ESOC            18-JUN-22 08:29     PGM / RUN BY / DATE 
ESOC'S GLOBAL IONOSPHERE MAPS FOR DAY 168, 2022             DESCRIPTION         
SH: SPHERICAL HARMONIC MODEL FROM 278 STATS; N = 15, M = 15 DESCRIPTION         
  2022     6    17     0     0     0                        EPOCH OF FIRST MAP  
  2022     6    18     0     0     0                        EPOCH OF LAST MAP   
  3600                                                      INTERVAL            
    25                                                      # OF MAPS IN FILE   
  NONE                                                      MAPPING FUNCTION    
    10.0                                                    ELEVATION CUTOFF    
One-way carrier phase leveled to code                       OBSERVABLES USED    
   278                                                      # OF STATIONS       
    51                                                      # OF SATELLITES     
  6371.0                                                    BASE RADIUS         
     2                                                      MAP DIMENSION       
   450.0 450.0   0.0                                        HGT1 / HGT2 / DHGT  
    87.5 -87.5  -2.5                                        LAT1 / LAT2 / DLAT  
  -180.0 180.0   5.0                                        LON1 / LON2 / DLON  
    -1                                                      EXPONENT            
TEC/RMS values in 0.1 TECU; 9999, if no value available     COMMENT             
                                                            END OF HEADER       
[from data line 6006]
    15                                                      START OF TEC MAP    
  2022     6    17    14     0     0                        EPOCH OF CURRENT MAP
    87.5-180.0 180.0   5.0 450.0                            LAT/LON1/LON2/DLON/H
  140  140  140  141  141  141  141  141  142  142  142  142  142  142  143  143
  143  143  143  144  144  144  144  144  144  144  145  145  145  145  145  144
  144  144  144  144  143  143  143  142  142  142  141  141  140  140  140  139
  139  139  138  138  138  138  137  137  137  137  137  137  137  137  138  138
  138  138  138  139  139  139  139  140  140                                   
    85.0-180.0 180.0   5.0 450.0                            LAT/LON1/LON2/DLON/H
  142  143  143  144  144  144  144  144  144  144  144  144  145  145  145  145
  146  146  147  147  148  149  149  150  150  151  151  152  152  152  152  152
  152  152  151  151  150  149  149  148  147  146  145  144  143  142  142  141
  140  139  139  138  138  137  137  137  136  136  136  136  136  137  137  137
  138  138  139  140  140  141  141  142  142                                   
    82.5-180.0 180.0   5.0 450.0                            LAT/LON1/LON2/DLON/H
  146  147  147  148  148  148  148  147  147  147  146  146  146  146  146  147
  148  149  150  151  152  153  155  156  157  158  159  160  160  161  161  161
  161  161  160  159  159  158  156  155  154  152  151  150  148  147  146  145
  144  143  142  141  140  139  139  138  137  137  137  136  136  136  137  137
  138  139  140  141  142  143  144  145  146                                   
    80.0-180.0 180.0   5.0 450.0                            LAT/LON1/LON2/DLON/H
  148  150  151  151  151  151  151  150  149  148  147  147  146  146  147  147
  148  150  152  154  156  158  160  162  164  165  167  168  169  170  170  170
  170  170  169  168  167  166  164  163  161  159  158  156  155  153  152  151
  150  149  148  146  145  144  143  141  140  139  138  137  136  136  136  136
  137  138  139  141  142  144  145  147  148                                   
    77.5-180.0 180.0   5.0 450.0                            LAT/LON1/LON2/DLON/H
  149  150  152  153  153  153  153  152  150  149  148  146  146  145  146  147
  148  151  153  156  159  162  165  167  170  171  173  174  175  176  177  177
  177  177  176  175  174  173  171  169  167  165  164  162  161  160  159  158
  157  156  155  154  152  151  149  146  144  142  140  138  136  135  134  134
  134  135  136  138  140  142  144  147  149                                   
    75.0-180.0 180.0   5.0 450.0                            LAT/LON1/LON2/DLON/H
  146  149  151  153  154  154  154  153  151  149  148  146  145  144  145  146
  148  151  154  158  162  165  169  172  174  176  177  178  179  179  180  180
  180  180  180  179  178  176  175  173  171  169  168  167  166  166  165  165
  165  164  163  162  160  158  155  152  148  145  142  139  136  133  132  131
  130  131  131  133  135  138  140  143  146                                   
    72.5-180.0 180.0   5.0 450.0                            LAT/LON1/LON2/DLON/H
  141  144  148  150  152  154  154  153  152  150  148  146  144  144  144  145
  148  151  155  160  164  168  172  174  177  178  179  179  179  179  180  180
  181  181  181  180  179  178  176  174  172  171  170  169  170  170  171  171
  171  171  170  169  167  164  160  157  152  148  144  139  136  132  129  127
  126  126  126  127  129  131  134  138  141                                   
    70.0-180.0 180.0   5.0 450.0                            LAT/LON1/LON2/DLON/H
  135  139  143  147  150  153  154  155  154  152  150  147  146  145  145  146
  148  152  156  161  165  169  173  175  177  178  178  178  177  177  177  178
  179  179  180  179  178  177  175  173  171  170  170  171  172  173  174  176
  176  176  175  173  171  168  164  160  156  151  146  141  137  133  129  126
  124  123  122  123  124  126  128  131  135                                   
    67.5-180.0 180.0   5.0 450.0                            LAT/LON1/LON2/DLON/H
  129  133  138  143  148  152  155  156  156  155  153  150  148  147  147  148
  150  153  157  161  165  169  172  175  176  176  176  175  174  174  174  175
  176  177  178  178  177  175  173  171  170  169  170  171  173  175  177  178
  179  179  178  176  173  170  166  163  158  154  150  145  141  137  133  129
  126  124  122  121  121  122  124  126  129                                   
    65.0-180.0 180.0   5.0 450.0                            LAT/LON1/LON2/DLON/H
  126  130  134  140  145  151  155  157  158  158  156  154  152  151  150  151
  152  154  157  160  163  167  170  172  173  173  173  172  171  171  172  173
  175  177  178  178  176  175  172  170  169  169  169  171  174  176  178  180
  180  179  178  176  173  171  168  165  162  159  156  153  149  145  141  136
  133  129  126  124  123  122  122  124  126                                   
    62.5-180.0 180.0   5.0 450.0                            LAT/LON1/LON2/DLON/H
  126  128  132  137  143  149  155  158  160  160  159  158  156  155  154  154
  155  156  157  159  161  163  165  167  169  169  169  169  169  169  171  173
  176  178  179  179  178  176  173  171  170  170  171  173  175  178  179  180
  180  179  177  175  173  172  170  169  168  167  166  163  161  157  153  148
  143  139  135  132  129  127  125  125  126                                   
    60.0-180.0 180.0   5.0 450.0                            LAT/LON1/LON2/DLON/H
  128  129  132  136  142  148  154  158  161  162  161  160  158  158  157  158
  158  157  157  157  157  158  160  162  164  165  166  167  168  170  173  176
  179  182  183  183  182  179  177  174  173  173  174  176  178  180  181  181
  181  179  178  176  175  175  175  176  177  178  178  177  175  172  168  162
  157  151  146  141  137  134  131  129  128                                   
    57.5-180.0 180.0   5.0 450.0                            LAT/LON1/LON2/DLON/H
  133  132  133  136  141  147  152  157  160  161  161  160  159  159  160  160
  160  159  158  156  154  154  155  157  159  162  164  166  169  172  176  180
  184  187  188  188  187  185  182  180  179  179  180  181  182  183  183  183
  182  181  181  180  180  182  184  186  189  192  193  193  192  188  183  177
  170  163  157  151  147  143  139  135  133                                   
    55.0-180.0 180.0   5.0 450.0                            LAT/LON1/LON2/DLON/H
  139  136  135  137  140  145  150  154  157  158  158  158  158  159  160  162
  162  162  159  156  153  151  151  153  156  159  163  166  170  175  180  185
  190  193  194  194  193  191  189  188  187  187  187  188  188  188  187  187
  187  187  187  188  190  193  196  200  203  207  208  209  207  203  197  189
  181  173  166  160  155  150  146  142  139                                   
    52.5-180.0 180.0   5.0 450.0                            LAT/LON1/LON2/DLON/H
  144  141  138  138  140  143  147  151  154  156  156  156  156  157  159  162
  164  164  162  159  155  152  151  152  156  160  164  168  174  179  185  191
  195  198  199  200  199  199  198  198  198  198  197  197  196  194  194  194
  194  195  197  200  203  207  211  215  218  221  222  222  219  214  207  198
  189  179  171  164  159  155  152  148  144                                   
    50.0-180.0 180.0   5.0 450.0                            LAT/LON1/LON2/DLON/H
  148  144  141  140  140  141  145  148  152  154  155  155  155  156  159  163
  166  168  167  164  159  156  154  156  159  163  168  173  179  185  191  197
  201  204  205  206  207  208  210  212  213  212  211  209  206  204  203  203
  205  207  211  214  218  222  226  229  231  232  232  231  227  222  214  204
  193  182  173  166  161  158  155  152  148                                   
    47.5-180.0 180.0   5.0 450.0                            LAT/LON1/LON2/DLON/H
  150  147  144  141  140  140  143  146  151  154  157  157  157  158  160  164
  169  173  173  171  167  164  162  163  167  171  176  181  186  193  199  204
  208  211  212  214  217  222  226  230  232  232  230  226  222  218  216  217
  219  222  226  230  234  237  239  240  240  239  238  235  231  226  218  207
  195  184  174  166  161  158  155  153  150                                   
    45.0-180.0 180.0   5.0 450.0                            LAT/LON1/LON2/DLON/H
  151  148  145  142  140  140  141  146  151  157  162  164  164  164  165  169
  174  179  181  180  177  174  174  175  179  183  188  192  198  203  209  215
  219  221  224  228  233  241  248  254  257  257  254  249  243  238  235  234
  236  239  243  246  248  249  250  248  246  243  239  236  232  227  220  210
  198  186  175  167  161  158  155  153  151                                   
    42.5-180.0 180.0   5.0 450.0                            LAT/LON1/LON2/DLON/H
  150  148  146  143  140  139  140  145  153  162  170  175  176  175  175  177
  183  188  192  192  190  188  188  191  195  199  204  208  212  218  224  229
  234  237  242  248  257  267  278  286  290  289  285  278  270  263  258  256
  257  258  260  261  261  260  258  254  248  243  238  235  232  229  223  215
  204  191  180  171  164  159  155  153  150                                   
    40.0-180.0 180.0   5.0 450.0                            LAT/LON1/LON2/DLON/H
  150  148  146  143  139  137  137  142  153  167  179  188  191  191  190  191
  195  201  204  205  203  202  203  207  213  218  222  226  230  236  242  248
  254  261  268  277  289  302  315  324  328  327  321  312  302  293  286  282
  281  280  278  277  274  270  265  258  250  243  237  234  233  232  229  222
  212  200  189  179  170  163  157  153  150                                   
    37.5-180.0 180.0   5.0 450.0                            LAT/LON1/LON2/DLON/H
  151  148  146  143  138  133  132  138  151  168  187  201  208  210  209  210
  213  217  220  220  218  217  219  224  231  237  241  245  250  256  263  272
  281  290  301  314  328  344  357  367  370  368  361  350  337  326  318  312
  307  304  299  294  288  281  273  264  254  244  238  235  235  237  236  231
  222  212  201  190  180  171  162  155  151                                   
    35.0-180.0 180.0   5.0 450.0                            LAT/LON1/LON2/DLON/H
  153  149  146  142  136  129  126  131  145  166  190  210  224  229  231  232
  235  238  239  237  234  232  235  240  247  254  259  264  270  277  287  298
  311  325  340  355  372  388  402  410  412  408  399  386  373  360  350  343
  337  331  324  315  306  297  286  274  261  249  241  239  240  243  243  240
  233  223  213  203  193  181  170  160  153                                   
    32.5-180.0 180.0   5.0 450.0                            LAT/LON1/LON2/DLON/H
  156  151  147  141  134  125  120  122  135  159  187  214  234  246  252  256
  259  261  260  256  251  248  249  254  261  268  275  281  288  298  310  326
  343  362  380  399  416  432  443  450  449  443  433  419  405  392  382  375
  369  361  352  341  329  317  304  289  273  258  248  245  246  249  250  247
  240  232  223  214  204  192  178  166  156                                   
    30.0-180.0 180.0   5.0 450.0                            LAT/LON1/LON2/DLON/H
  160  153  148  142  133  123  115  114  125  147  178  210  237  256  268  277
  282  284  282  276  269  264  263  266  272  279  287  295  305  318  333  352
  374  397  419  438  455  469  477  480  477  470  458  445  431  419  411  406
  401  394  384  371  357  343  326  307  287  269  257  251  251  253  253  249
  242  234  227  221  212  201  186  172  160                                   
    27.5-180.0 180.0   5.0 450.0                            LAT/LON1/LON2/DLON/H
  164  156  150  143  134  123  113  109  115  135  165  199  232  258  278  292
  302  306  304  297  288  281  277  278  281  288  297  308  321  336  354  377
  402  428  451  471  486  496  500  500  494  485  474  462  450  441  436  434
  432  426  416  403  387  370  350  327  303  281  265  257  254  254  251  245
  237  229  224  220  215  205  191  177  164                                   
    25.0-180.0 180.0   5.0 450.0                            LAT/LON1/LON2/DLON/H
  167  158  152  145  137  126  115  108  110  124  150  184  220  252  279  300
  314  322  322  316  307  298  292  289  290  296  307  321  337  354  375  399
  426  453  476  494  505  511  512  508  501  492  482  472  463  458  457  459
  460  457  447  433  416  396  372  345  316  290  271  260  254  250  245  236
  226  218  214  212  210  204  193  179  167                                   
    22.5-180.0 180.0   5.0 450.0                            LAT/LON1/LON2/DLON/H
  167  159  153  147  141  132  123  114  111  119  138  168  204  240  272  298
  318  330  334  331  324  315  307  301  300  306  319  336  355  374  395  419
  446  472  493  507  515  516  514  508  500  492  485  478  472  470  473  479
  483  481  472  457  437  414  387  356  324  295  273  259  251  244  236  225
  213  203  199  200  201  198  190  178  167                                   
    20.0-180.0 180.0   5.0 450.0                            LAT/LON1/LON2/DLON/H
  165  158  152  149  145  140  133  125  118  119  130  154  186  222  257  288
  312  329  338  340  337  331  322  315  313  319  335  355  376  396  416  439
  464  487  504  514  517  515  510  504  497  491  487  483  480  481  486  494
  499  497  487  470  448  423  393  359  325  294  271  256  245  237  226  213
  200  189  184  185  187  187  183  174  165                                   
    17.5-180.0 180.0   5.0 450.0                            LAT/LON1/LON2/DLON/H
  160  154  150  148  147  147  144  138  129  124  128  144  171  204  239  271
  299  320  335  344  346  343  337  329  328  337  355  379  401  421  439  459
  480  499  511  517  516  513  507  501  496  493  492  490  489  490  495  502
  506  503  490  470  446  419  387  353  319  289  266  251  239  229  218  205
  190  178  172  171  174  175  173  167  160                                   
    15.0-180.0 180.0   5.0 450.0                            LAT/LON1/LON2/DLON/H
  154  148  145  144  146  150  152  148  140  131  129  138  159  188  220  252
  281  306  326  341  350  353  350  345  347  358  380  406  429  447  463  479
  496  509  517  519  516  512  507  503  500  500  501  501  500  499  501  505
  505  497  480  457  432  403  372  339  307  280  259  245  234  224  213  200
  186  173  165  162  163  164  163  159  154                                   
    12.5-180.0 180.0   5.0 450.0                            LAT/LON1/LON2/DLON/H
  147  142  138  137  140  147  153  153  147  137  131  135  151  175  204  233
  262  289  313  334  350  359  361  361  367  382  407  434  456  472  485  498
  511  519  523  522  519  516  513  511  510  512  514  514  510  505  502  499
  493  480  459  434  407  380  351  321  293  270  252  239  229  220  211  200
  187  175  164  159  156  156  154  151  147                                   
    10.0-180.0 180.0   5.0 450.0                            LAT/LON1/LON2/DLON/H
  140  135  130  128  131  138  147  150  146  138  132  134  146  167  192  219
  246  273  300  326  347  362  370  376  387  406  432  459  480  494  504  514
  523  528  528  526  524  523  523  523  524  525  527  524  516  506  496  486
  474  455  431  404  378  353  327  302  278  259  244  233  224  217  210  201
  191  179  168  160  154  151  148  144  140                                   
     7.5-180.0 180.0   5.0 450.0                            LAT/LON1/LON2/DLON/H
  136  130  123  119  119  125  133  139  138  133  129  132  143  162  185  210
  236  263  290  318  344  364  378  390  405  426  453  478  496  508  516  524
