IONEX/ehrg1680.22i
     1.0            IONOSPHERE MAPS     GPS                 IONEX VERSION / TYPE
PAR2IONEX           ESA/ESOC            18-JUN-22 08:29     PGM / RUN BY / DATE 
ESOC'S GLOBAL IONOSPHERE MAPS FOR DAY 168, 2022             DESCRIPTION         
SH: SPHERICAL HARMONIC MODEL FROM 278 STATS; N = 15, M = 15 DESCRIPTION         
  2022     6    17     0     0     0                        EPOCH OF FIRST MAP  
  2022     6    18     0     0     0                        EPOCH OF LAST MAP   
  3600                                                      INTERVAL            
    25                                                      # OF MAPS IN FILE   
  NONE                                                      MAPPING FUNCTION    
    10.0                                                    ELEVATION CUTOFF    
One-way carrier phase leveled to code                       OBSERVABLES USED    
   278                                                      # OF STATIONS       
    51                                                      # OF SATELLITES     
  6371.0                                                    BASE RADIUS         
     2                                                      MAP DIMENSION       
   450.0 450.0   0.0                                        HGT1 / HGT2 / DHGT  
    87.5 -87.5  -2.5                                        LAT1 / LAT2 / DLAT  
  -180.0 180.0   5.0                                        LON1 / LON2 / DLON  
    -1                                                      EXPONENT            
TEC/RMS values in 0.1 TECU; 9999, if no value available     COMMENT             
                                                            END OF HEADER       
[from data line 1716]
     5                                                      START OF TEC MAP    
  2022     6    17     4     0     0                        EPOCH OF CURRENT MAP
    87.5-180.0 180.0   5.0 450.0                            LAT/LON1/LON2/DLON/H
  155  155  156  156  157  157  158  159  159  160  160  161  161  162  162  162
  163  163  163  163  163  163  162  162  162  161  161  160  160  159  158  158
  157  156  156  155  154  154  153  153  152  152  151  151  151  150  150  150
  150  150  150  150  150  150  150  150  150  150  150  151  151  151  151  152
  152  152  153  153  153  154  154  155  155                                   
    85.0-180.0 180.0   5.0 450.0                            LAT/LON1/LON2/DLON/H
  152  152  153  153  154  155  156  157  158  159  160  162  163  164  165  166
  167  167  168  168  167  167  166  165  164  163  161  160  159  157  156  154
  153  151  150  149  148  147  146  145  145  144  143  143  142  142  142  142
  142  142  142  143  143  143  144  144  145  146  146  147  147  148  148  149
  149  149  150  150  150  151  151  151  152                                   
    82.5-180.0 180.0   5.0 450.0                            LAT/LON1/LON2/DLON/H
  149  149  149  149  150  150  151  152  154  156  158  160  162  164  166  168
  169  170  171  171  170  169  167  165  163  161  158  155  153  150  148  146
  144  142  141  140  139  138  137  137  136  135  135  134  134  134  134  134
  135  135  136  137  138  140  141  142  144  145  146  147  148  149  150  150
  150  151  151  151  150  150  150  150  149                                   
    80.0-180.0 180.0   5.0 450.0                            LAT/LON1/LON2/DLON/H
  151  150  149  148  147  146  146  147  148  150  152  155  158  161  164  167
  170  171  172  172  171  169  166  163  159  154  150  146  142  139  136  134
  132  131  130  130  129  129  129  129  128  128  128  127  127  128  128  129
  130  132  134  136  138  140  142  145  147  149  151  153  155  156  157  157
  158  158  158  157  156  155  154  153  151                                   
    77.5-180.0 180.0   5.0 450.0                            LAT/LON1/LON2/DLON/H
  159  156  153  150  148  145  144  143  143  143  145  148  152  156  160  164
  168  171  172  172  171  168  164  158  152  146  140  134  129  125  122  121
  120  120  120  121  122  123  123  123  124  124  124  124  124  125  126  127
  130  132  135  138  142  145  149  152  155  158  161  164  166  167  169  170
  170  171  170  169  168  167  164  162  159                                   
    75.0-180.0 180.0   5.0 450.0                            LAT/LON1/LON2/DLON/H
  173  169  164  159  154  149  145  142  139  138  139  141  144  149  154  159
  164  168  170  171  169  165  159  152  144  136  128  121  116  112  109  109
  109  111  113  116  118  120  122  123  123  123  124  124  125  126  128  131
  134  138  142  146  151  155  159  163  167  170  174  176  179  181  183  185
  186  186  186  186  185  183  180  177  173                                   
    72.5-180.0 180.0   5.0 450.0                            LAT/LON1/LON2/DLON/H
  191  186  180  173  165  158  151  145  140  136  134  135  137  141  146  152
  158  163  166  167  165  160  154  145  135  126  117  109  104  100   99  100
  103  106  110  115  118  122  124  126  127  127  128  129  130  132  135  138
  143  147  153  158  163  168  172  176  179  182  185  188  191  194  196  199
  200  202  203  203  202  201  199  195  191                                   
    70.0-180.0 180.0   5.0 450.0                            LAT/LON1/LON2/DLON/H
  210  204  197  189  180  170  161  152  144  137  133  131  131  134  138  144
  149  155  158  159  157  153  146  136  126  116  107  100   95   93   93   96
  100  105  111  117  122  127  130  132  133  134  135  136  138  141  145  149
  154  160  166  171  176  180  184  187  189  191  194  196  199  202  205  208
  210  213  215  217  218  218  216  214  210                                   
    67.5-180.0 180.0   5.0 450.0                            LAT/LON1/LON2/DLON/H
  226  221  214  206  195  184  173  162  152  143  136  131  129  129  131  135
  139  144  147  148  146  142  135  126  117  107   99   93   89   89   91   95
  101  107  115  122  128  133  137  140  142  143  144  146  148  152  156  162
  167  173  179  184  188  191  193  194  194  195  196  197  200  203  206  209
  213  217  221  224  227  229  230  229  226                                   
    65.0-180.0 180.0   5.0 450.0                            LAT/LON1/LON2/DLON/H
  237  233  228  219  209  197  185  174  162  152  143  135  130  127  126  126
  129  131  133  134  132  129  123  115  107  100   93   89   87   88   91   96
  103  111  118  126  133  139  143  147  150  152  153  156  159  163  168  173
  179  185  190  194  196  197  197  196  194  193  193  193  195  197  201  205
  209  214  219  224  229  233  236  238  237                                   
    62.5-180.0 180.0   5.0 450.0                            LAT/LON1/LON2/DLON/H
  241  240  235  228  219  208  197  185  174  164  154  145  136  129  124  121
  120  120  120  119  117  114  110  105   99   94   90   88   87   89   93   99
  105  113  121  128  136  143  148  153  156  159  161  164  168  172  177  182
  188  193  196  199  200  199  197  194  190  188  186  185  186  188  191  195
  199  204  210  216  223  230  236  240  241                                   
    60.0-180.0 180.0   5.0 450.0                            LAT/LON1/LON2/DLON/H
  240  241  238  232  224  215  205  196  187  178  168  158  147  137  128  121
  115  111  108  106  104  101   99   96   94   92   90   89   90   92   95  100
  106  113  121  128  136  144  151  157  161  164  167  170  174  178  183  188
  193  196  199  200  200  198  194  190  185  181  179  178  178  180  182  184
  188  192  197  204  212  221  229  236  240                                   
    57.5-180.0 180.0   5.0 450.0                            LAT/LON1/LON2/DLON/H
  236  239  238  233  227  219  212  205  199  193  185  175  163  150  137  126
  116  108  103   98   95   94   93   93   94   94   94   94   94   95   98  101
  106  112  119  126  135  144  152  159  164  168  171  174  178  182  186  191
  194  197  199  199  198  195  191  187  182  178  176  174  175  175  176  177
  178  180  185  191  200  210  221  230  236                                   
    55.0-180.0 180.0   5.0 450.0                            LAT/LON1/LON2/DLON/H
  232  236  237  233  228  222  217  213  211  207  202  194  182  167  152  137
  124  113  105   99   95   94   95   98  100  102  102  101  100  100  100  102
  105  109  115  123  132  142  152  160  166  170  173  176  180  184  188  192
  196  198  199  199  198  196  192  188  184  180  178  177  177  177  176  175
  173  173  175  181  189  200  212  223  232                                   
    52.5-180.0 180.0   5.0 450.0                            LAT/LON1/LON2/DLON/H
  229  235  237  234  230  225  222  221  222  222  219  212  201  186  169  153
  138  126  116  109  105  104  106  110  113  115  114  111  108  105  103  103
  105  108  112  119  129  140  151  160  167  171  174  177  181  186  191  195
  199  201  203  203  202  201  198  195  191  188  187  186  185  184  182  178
  174  172  171  175  183  194  207  219  229                                   
    50.0-180.0 180.0   5.0 450.0                            LAT/LON1/LON2/DLON/H
  229  236  239  238  234  230  229  229  232  235  234  230  220  205  188  172
  157  144  135  127  123  122  124  128  132  132  129  124  117  112  108  107
  106  108  111  118  127  139  151  160  167  172  175  179  184  190  197  202
  206  209  211  212  213  212  210  207  204  201  200  199  198  196  192  186
  180  175  173  175  182  192  205  218  229                                   
    47.5-180.0 180.0   5.0 450.0                            LAT/LON1/LON2/DLON/H
  233  241  244  243  240  237  236  238  242  246  247  244  236  222  206  191
  177  166  158  151  147  145  147  151  153  152  146  137  128  120  115  113
  111  111  113  118  127  139  151  162  169  174  178  184  190  198  206  213
  219  223  226  228  229  228  226  224  220  217  214  212  210  207  203  196
  189  183  179  180  186  196  209  222  233                                   
    45.0-180.0 180.0   5.0 450.0                            LAT/LON1/LON2/DLON/H
  239  247  250  250  247  244  244  246  250  255  257  255  248  236  221  207
  196  187  181  175  172  170  171  173  174  171  162  151  139  131  125  122
  119  118  118  121  129  140  153  164  172  178  184  191  199  209  220  229
  236  242  246  248  248  248  245  241  236  231  227  223  220  216  211  205
  199  193  189  190  195  205  216  229  239                                   
    42.5-180.0 180.0   5.0 450.0                            LAT/LON1/LON2/DLON/H
  249  255  258  257  254  252  251  253  257  261  264  262  256  245  232  220
  211  205  201  197  194  192  192  193  193  187  177  164  152  142  137  133
  130  127  124  126  132  143  155  167  177  184  192  201  211  223  236  247
  256  263  267  269  269  267  263  258  251  243  236  230  225  221  217  213
  208  204  202  204  209  218  228  239  249                                   
    40.0-180.0 180.0   5.0 450.0                            LAT/LON1/LON2/DLON/H
  261  266  267  265  261  259  258  259  262  266  268  266  261  251  238  227
  220  216  214  213  210  209  209  209  207  200  189  176  164  155  150  147
  142  137  132  132  136  146  159  171  182  192  201  212  224  238  252  265
  275  283  286  287  286  283  278  271  263  253  243  233  226  222  220  218
  217  217  217  221  227  235  245  254  261                                   
    37.5-180.0 180.0   5.0 450.0                            LAT/LON1/LON2/DLON/H
  279  281  279  274  269  265  264  265  266  268  269  268  263  253  241  231
  224  222  221  221  220  220  220  220  218  211  200  188  177  169  164  159
  154  146  140  137  141  150  162  175  188  199  211  223  236  250  265  278
  290  297  301  300  297  293  288  281  272  260  248  237  228  224  223  225
  229  232  237  242  250  259  267  274  279                                   
    35.0-180.0 180.0   5.0 450.0                            LAT/LON1/LON2/DLON/H
  303  302  296  288  280  273  271  270  270  270  270  268  264  254  242  231
  224  222  223  224  225  226  228  228  226  220  211  199  189  182  176  170
  162  153  145  142  144  152  165  178  192  205  219  232  245  258  273  287
  298  305  307  305  302  298  294  288  280  269  256  243  233  229  231  237
  245  253  261  269  279  288  296  301  303                                   
    32.5-180.0 180.0   5.0 450.0                            LAT/LON1/LON2/DLON/H
  335  331  321  308  296  286  280  277  275  272  270  268  264  256  243  232
  224  221  222  225  227  231  234  237  236  230  222  211  202  193  185  176
  165  155  147  143  146  154  165  179  193  208  223  236  248  261  274  288
  300  306  306  303  299  297  296  293  289  280  268  255  245  241  245  255
  267  279  290  302  313  323  331  335  335                                   
    30.0-180.0 180.0   5.0 450.0                            LAT/LON1/LON2/DLON/H
  374  368  355  338  319  305  295  289  283  277  273  270  266  258  246  233
  225  221  222  225  230  236  243  247  247  242  233  223  212  201  189  176
  163  152  144  142  145  152  163  176  190  206  221  235  247  258  271  285
  296  301  300  296  293  294  296  299  299  295  287  275  266  262  268  281
  296  311  325  338  351  363  371  374  374                                   
    27.5-180.0 180.0   5.0 450.0                            LAT/LON1/LON2/DLON/H
  416  410  396  375  351  331  317  306  296  286  278  273  268  261  250  238
  229  224  224  228  235  244  254  260  260  254  244  232  219  204  187  170
  154  143  137  136  140  147  156  168  182  198  215  229  240  252  265  279
  290  295  293  288  287  291  298  307  312  314  309  301  293  291  298  312
  330  346  361  376  391  403  412  416  416                                   
    25.0-180.0 180.0   5.0 450.0                            LAT/LON1/LON2/DLON/H
  458  454  441  418  390  364  344  328  312  297  285  277  272  265  256  245
  236  231  230  234  242  254  266  273  272  264  252  237  220  201  179  158
  141  130  126  127  132  138  146  156  169  186  203  218  231  244  259  275
  286  290  287  283  284  291  303  316  327  334  334  330  324  322  330  346
  364  381  397  412  427  440  450  456  458                                   
    22.5-180.0 180.0   5.0 450.0                            LAT/LON1/LON2/DLON/H
  494  494  484  461  430  399  374  353  332  312  295  283  276  270  262  254
  247  242  240  242  250  264  277  284  281  269  253  235  214  191  165  141
  123  114  112  116  121  126  132  140  152  170  189  207  223  238  256  273
  286  289  286  283  286  297  312  328  342  353  358  357  354  353  361  377
  396  412  427  441  457  470  481  489  494                                   
    20.0-180.0 180.0   5.0 450.0                            LAT/LON1/LON2/DLON/H
  519  524  519  499  467  433  403  377  352  327  305  290  280  274  268  262
  257  253  249  250  257  270  284  289  282  266  246  224  201  175  147  122
  105   97   98  102  108  112  115  122  134  153  174  196  216  235  256  276
  290  294  292  290  296  309  325  342  356  369  378  381  379  380  388  403
  421  436  449  462  477  490  501  510  519                                   
    17.5-180.0 180.0   5.0 450.0                            LAT/LON1/LON2/DLON/H
  531  542  543  527  496  460  427  398  370  341  314  295  283  276  271  268
  266  262  257  254  259  271  282  284  273  253  229  204  180  154  127  104
   89   83   84   90   94   97   99  104  117  137  161  187  212  236  260  282
  297  302  301  302  311  326  343  357  370  382  393  399  399  400  407  422
  438  452  463  474  487  499  509  519  531                                   
    15.0-180.0 180.0   5.0 450.0                            LAT/LON1/LON2/DLON/H
  531  546  553  542  513  477  443  412  382  350  321  298  283  275  271  269
  269  265  259  253  255  263  271  270  255  230  203  178  155  132  108   89
   77   73   75   79   83   84   85   90  102  124  151  181  210  238  265  289
  305  312  314  318  330  347  363  374  383  394  405  412  413  414  421  434
  449  461  470  479  490  500  508  517  531                                   
    12.5-180.0 180.0   5.0 450.0                            LAT/LON1/LON2/DLON/H
  523  541  552  545  519  484  449  418  387  355  323  298  281  270  266  265
  266  262  255  246  244  248  252  247  228  201  173  150  130  111   93   79
   70   68   70   73   75   75   75   80   92  115  144  176  208  239  268  293
  310  319  325  334  350  369  384  392  397  405  415  423  425  425  431  443
  456  466  473  480  489  497  502  509  523                                   
    10.0-180.0 180.0   5.0 450.0                            LAT/LON1/LON2/DLON/H
  513  531  544  540  516  483  449  418  387  354  323  296  276  263  257  256
  256  253  244  234  228  229  228  219  198  170  143  122  107   94   83   75
   70   69   71   72   72   71   71   75   87  108  138  171  205  237  266  291
  309  321  331  346  367  389  404  409  411  417  426  434  436  436  440  450
  462  471  476  481  488  494  497  501  513                                   
     7.5-180.0 180.0   5.0 450.0                            LAT/LON1/LON2/DLON/H
  506  522  535  532  510  478  445  415  384  351  319  292  270  255  246  243
  242  238  229  218  210  207  203  191  169  142  118  101   91   84   79   76
