IONEX/ehrg1680.22i
     1.0            IONOSPHERE MAPS     GPS                 IONEX VERSION / TYPE
PAR2IONEX           ESA/ESOC            18-JUN-22 08:29     PGM / RUN BY / DATE 
ESOC'S GLOBAL IONOSPHERE MAPS FOR DAY 168, 2022             DESCRIPTION         
SH: SPHERICAL HARMONIC MODEL FROM 278 STATS; N = 15, M = 15 DESCRIPTION         
  2022     6    17     0     0     0                        EPOCH OF FIRST MAP  
  2022     6    18     0     0     0                        EPOCH OF LAST MAP   
  3600                                                      INTERVAL            
    25                                                      # OF MAPS IN FILE   
  NONE                                                      MAPPING FUNCTION    
    10.0                                                    ELEVATION CUTOFF    
One-way carrier phase leveled to code                       OBSERVABLES USED    
   278                                                      # OF STATIONS       
    51                                                      # OF SATELLITES     
  6371.0                                                    BASE RADIUS         
     2                                                      MAP DIMENSION       
   450.0 450.0   0.0                                        HGT1 / HGT2 / DHGT  
    87.5 -87.5  -2.5                                        LAT1 / LAT2 / DLAT  
  -180.0 180.0   5.0                                        LON1 / LON2 / DLON  
    -1                                                      EXPONENT            
TEC/RMS values in 0.1 TECU; 9999, if no value available     COMMENT             
                                                            END OF HEADER       
[from data line 4719]
    12                                                      START OF TEC MAP    
  2022     6    17    11     0     0                        EPOCH OF CURRENT MAP
    87.5-180.0 180.0   5.0 450.0                            LAT/LON1/LON2/DLON/H
  147  148  149  150  151  152  153  154  155  155  156  157  157  158  158  159
  159  159  159  160  160  160  160  160  160  159  159  159  159  158  158  158
  157  156  156  155  154  154  153  152  151  150  150  149  148  147  146  145
  145  144  143  143  142  142  141  141  141  140  140  140  140  140  141  141
  141  142  143  143  144  145  146  146  147                                   
    85.0-180.0 180.0   5.0 450.0                            LAT/LON1/LON2/DLON/H
  146  148  150  152  154  156  157  159  160  161  162  163  164  164  164  165
  165  165  165  165  165  165  165  166  166  166  166  166  166  165  165  165
  164  163  163  162  161  159  158  157  155  154  152  151  149  148  147  145
  144  143  142  140  139  139  138  137  136  136  135  135  135  135  135  135
  136  136  137  138  140  141  143  144  146                                   
    82.5-180.0 180.0   5.0 450.0                            LAT/LON1/LON2/DLON/H
  145  148  151  154  157  159  162  164  165  166  167  167  167  166  166  165
  165  165  164  164  164  165  165  166  166  167  168  168  169  169  170  170
  170  169  169  168  167  166  165  163  162  160  158  157  155  153  152  151
  149  148  147  146  145  144  143  142  141  140  139  138  137  136  136  135
  135  135  135  136  137  139  141  143  145                                   
    80.0-180.0 180.0   5.0 450.0                            LAT/LON1/LON2/DLON/H
  143  147  150  154  158  162  164  167  168  168  168  167  166  164  162  161
  159  158  157  157  158  158  159  161  162  164  166  167  169  170  171  172
  173  173  173  173  173  172  171  170  169  168  166  165  164  163  162  161
  160  160  159  159  158  158  157  156  155  153  152  150  148  146  144  142
  140  138  137  136  136  137  138  140  143                                   
    77.5-180.0 180.0   5.0 450.0                            LAT/LON1/LON2/DLON/H
  139  142  147  151  156  161  164  167  168  168  167  165  162  158  155  152
  149  147  146  146  147  148  150  153  155  158  160  163  165  167  170  171
  173  175  176  177  177  177  177  177  176  175  175  174  174  174  174  175
  175  176  176  177  177  177  177  176  175  173  171  168  165  162  158  154
  149  145  142  138  136  135  135  136  139                                   
    75.0-180.0 180.0   5.0 450.0                            LAT/LON1/LON2/DLON/H
  131  135  139  145  151  156  161  164  166  165  163  160  155  151  146  141
  138  136  135  135  136  139  141  144  148  151  154  157  160  163  166  169
  171  174  176  178  180  181  181  182  182  182  182  183  184  185  187  188
  190  192  194  196  197  197  197  197  196  194  192  189  185  181  175  169
  162  155  149  142  137  133  130  130  131                                   
    72.5-180.0 180.0   5.0 450.0                            LAT/LON1/LON2/DLON/H
  123  125  130  136  142  149  155  159  161  161  158  154  149  143  138  133
  129  127  126  127  129  132  135  139  142  146  149  152  155  158  161  165
  168  172  175  178  181  183  184  186  186  187  188  190  191  194  197  200
  203  206  209  211  212  213  213  213  212  210  209  206  202  198  192  184
  176  167  157  147  139  131  126  123  123                                   
    70.0-180.0 180.0   5.0 450.0                            LAT/LON1/LON2/DLON/H
  115  116  119  125  132  139  146  151  154  154  152  148  143  138  132  128
  124  123  122  124  126  129  132  136  139  142  145  148  151  154  157  161
  166  170  174  178  182  184  187  188  189  191  192  194  196  200  203  207
  211  215  217  219  220  221  220  219  219  218  216  215  212  209  203  196
  188  177  166  154  142  132  124  118  115                                   
    67.5-180.0 180.0   5.0 450.0                            LAT/LON1/LON2/DLON/H
  112  110  111  115  122  129  136  141  145  146  145  142  138  134  130  127
  124  123  123  125  127  130  132  135  138  141  143  146  148  152  155  160
  165  170  175  179  183  186  189  190  192  193  194  196  199  202  206  210
  214  217  219  220  220  219  217  216  215  214  214  214  214  212  209  204
  196  186  174  161  148  136  125  117  112                                   
    65.0-180.0 180.0   5.0 450.0                            LAT/LON1/LON2/DLON/H
  115  110  108  110  114  119  125  130  134  136  137  135  134  131  129  128
  127  127  128  129  130  132  134  136  138  140  142  144  147  151  155  160
  166  172  177  182  186  189  191  192  194  195  196  198  200  203  206  210
  212  214  215  214  212  210  207  204  203  203  204  206  208  209  208  206
  200  192  182  170  158  145  133  123  115                                   
    62.5-180.0 180.0   5.0 450.0                            LAT/LON1/LON2/DLON/H
  125  117  112  110  110  113  116  120  123  125  126  127  127  128  129  130
  131  133  133  134  134  134  134  135  136  138  141  144  148  152  157  163
  169  175  181  185  189  192  194  195  196  197  198  199  201  203  206  208
  210  210  209  207  203  199  194  191  190  190  192  196  199  203  205  205
  202  197  190  180  169  158  146  135  125                                   
    60.0-180.0 180.0   5.0 450.0                            LAT/LON1/LON2/DLON/H
  142  132  123  116  112  111  111  111  112  113  115  116  119  122  126  130
  134  136  137  137  136  134  133  133  134  136  139  143  148  154  161  168
  174  180  186  190  193  196  198  199  200  201  202  203  204  205  206  208
  208  207  205  201  197  191  186  182  181  182  184  188  193  198  201  203
  203  200  196  190  183  174  164  153  142                                   
    57.5-180.0 180.0   5.0 450.0                            LAT/LON1/LON2/DLON/H
  163  151  139  128  120  114  109  106  104  103  103  105  109  114  121  127
  133  137  139  138  136  133  131  130  131  134  138  143  150  157  164  172
  179  185  191  194  197  200  202  204  205  207  208  208  209  209  210  210
  210  209  206  202  197  191  186  183  182  183  185  189  194  198  202  204
  204  204  202  200  196  190  183  174  163                                   
    55.0-180.0 180.0   5.0 450.0                            LAT/LON1/LON2/DLON/H
  183  171  157  144  132  122  113  106  101   97   94   95   98  104  112  121
  129  134  137  137  134  131  129  128  129  133  138  145  152  160  168  176
  183  190  195  198  201  204  207  209  212  214  215  216  216  217  217  217
  217  216  213  210  205  200  196  194  193  194  196  200  203  206  208  209
  209  208  208  207  207  204  200  193  183                                   
    52.5-180.0 180.0   5.0 450.0                            LAT/LON1/LON2/DLON/H
  200  188  175  160  146  134  123  113  104   96   91   89   90   96  104  113
  122  129  134  135  133  131  128  128  130  135  141  148  156  164  172  180
  187  193  198  202  205  208  212  216  220  223  225  226  227  227  228  228
  229  228  226  223  220  216  214  212  212  213  215  217  218  219  219  217
  216  214  213  213  214  214  212  208  200                                   
    50.0-180.0 180.0   5.0 450.0                            LAT/LON1/LON2/DLON/H
  210  200  188  175  161  148  136  124  113  103   95   90   88   91   97  106
  116  124  130  133  134  133  132  133  136  141  148  154  162  169  176  184
  190  196  202  206  210  214  219  225  230  234  237  239  240  240  241  243
  244  244  242  240  237  235  234  233  233  234  235  236  236  235  232  229
  225  221  219  217  218  218  218  216  210                                   
    47.5-180.0 180.0   5.0 450.0                            LAT/LON1/LON2/DLON/H
  212  206  196  185  173  162  151  140  128  117  107   98   93   93   96  102
  111  120  128  134  137  138  139  141  146  152  158  164  170  176  182  189
  195  201  206  211  217  223  229  236  243  248  252  254  255  256  258  259
  261  261  259  257  254  252  251  251  251  251  251  251  251  249  246  241
  235  229  224  220  218  217  217  216  212                                   
    45.0-180.0 180.0   5.0 450.0                            LAT/LON1/LON2/DLON/H
  208  204  198  190  182  173  165  156  146  136  125  115  106  101  100  103
  109  118  128  136  142  146  149  154  159  166  172  177  181  186  190  196
  202  208  214  220  227  234  243  251  258  265  269  272  274  275  277  278
  279  278  275  272  268  265  263  262  261  260  260  260  260  258  256  251
  245  238  230  223  217  214  212  210  208                                   
    42.5-180.0 180.0   5.0 450.0                            LAT/LON1/LON2/DLON/H
  201  199  196  191  185  180  175  169  163  155  146  135  124  115  109  108
  111  119  129  139  148  155  160  167  174  181  187  192  195  198  202  206
  212  218  225  232  241  250  260  269  278  285  290  294  295  297  298  299
  299  296  291  285  279  274  270  267  265  263  263  263  263  264  263  259
  253  245  236  226  217  210  205  203  201                                   
    40.0-180.0 180.0   5.0 450.0                            LAT/LON1/LON2/DLON/H
  194  193  191  189  185  181  179  177  175  171  165  155  144  132  122  116
  116  122  132  143  154  163  171  179  188  196  202  207  209  212  215  219
  225  231  239  248  259  269  280  290  300  308  314  318  321  322  323  322
  320  315  307  299  290  283  278  273  269  266  264  264  266  267  267  265
  260  252  242  231  219  209  201  196  194                                   
    37.5-180.0 180.0   5.0 450.0                            LAT/LON1/LON2/DLON/H
  189  188  187  185  182  178  176  177  178  179  177  171  161  148  135  125
  122  125  134  146  158  169  179  189  199  208  215  220  224  227  230  234
  240  247  256  267  279  291  303  314  324  333  341  346  348  349  349  348
  344  337  327  317  308  299  292  285  280  275  273  272  273  274  274  271
  266  258  248  236  223  210  200  193  189                                   
    35.0-180.0 180.0   5.0 450.0                            LAT/LON1/LON2/DLON/H
  189  187  185  182  177  172  169  169  173  178  180  179  171  159  145  132
  126  127  135  148  161  174  185  197  207  217  225  231  236  240  245  250
  256  264  274  287  301  314  326  337  349  359  368  374  377  378  378  376
  371  364  354  344  335  327  320  312  305  299  295  293  291  289  286  280
  272  263  253  241  228  215  203  194  189                                   
    32.5-180.0 180.0   5.0 450.0                            LAT/LON1/LON2/DLON/H
  192  188  185  181  173  165  159  158  161  168  174  177  172  162  149  136
  128  128  135  147  162  176  189  201  213  223  232  239  246  252  258  264
  271  280  292  307  322  337  349  360  372  384  394  402  405  406  406  405
  401  395  388  380  375  369  364  357  349  342  336  331  324  316  305  293
  280  267  256  245  234  221  209  198  192                                   
    30.0-180.0 180.0   5.0 450.0                            LAT/LON1/LON2/DLON/H
  195  190  186  181  171  160  150  145  147  154  162  166  165  158  146  135
  127  126  133  146  162  178  192  205  216  226  235  244  252  260  268  276
  284  295  309  326  343  357  369  380  392  405  417  425  429  431  432  433
  432  430  427  425  424  424  421  416  409  401  393  383  369  352  331  309
  288  271  257  247  238  227  215  203  195                                   
    27.5-180.0 180.0   5.0 450.0                            LAT/LON1/LON2/DLON/H
  197  191  187  182  172  158  145  136  135  139  146  152  153  148  139  130
  124  123  129  143  161  179  195  208  218  228  237  246  256  266  276  285
  296  309  325  343  361  376  388  398  409  423  435  443  448  450  453  457
  462  465  468  473  478  483  483  480  474  466  456  441  420  393  361  328
  298  274  257  246  238  229  218  206  197                                   
    25.0-180.0 180.0   5.0 450.0                            LAT/LON1/LON2/DLON/H
  196  189  186  182  173  160  145  133  128  129  134  138  138  135  130  123
  118  118  124  139  158  179  197  210  220  228  237  247  259  270  282  293
  306  321  340  360  379  394  404  414  424  436  448  456  460  464  469  477
  487  496  506  517  528  536  540  538  533  526  514  495  466  430  388  346
  307  276  255  243  236  229  218  206  196                                   
    22.5-180.0 180.0   5.0 450.0                            LAT/LON1/LON2/DLON/H
  191  184  181  180  175  165  151  138  129  126  127  128  127  125  121  116
  113  112  118  133  154  177  197  212  221  229  237  249  261  274  287  301
  316  334  356  377  396  411  420  428  437  448  457  464  467  471  479  492
  506  521  535  550  564  574  579  578  573  566  553  531  498  455  407  359
  315  279  254  239  232  225  215  202  191                                   
    20.0-180.0 180.0   5.0 450.0                            LAT/LON1/LON2/DLON/H
  184  176  174  176  176  171  160  147  137  131  127  124  121  118  115  112
  109  107  111  125  147  172  195  211  221  229  239  251  266  280  294  310
  328  349  373  395  414  427  436  442  450  458  465  469  471  475  485  500
  518  535  551  567  581  590  593  591  586  579  565  542  507  462  413  364
  319  281  254  238  229  222  211  197  184                                   
    17.5-180.0 180.0   5.0 450.0                            LAT/LON1/LON2/DLON/H
  179  168  166  170  174  174  168  159  149  141  134  128  122  117  114  111
  107  103  104  115  137  164  190  208  220  230  242  256  273  288  304  322
  343  367  391  413  431  444  452  458  463  469  473  474  474  478  488  504
  523  540  554  567  577  582  582  577  570  563  550  526  492  449  404  361
  320  284  257  239  229  221  210  194  179                                   
    15.0-180.0 180.0   5.0 450.0                            LAT/LON1/LON2/DLON/H
  178  165  160  164  171  175  173  167  160  152  144  135  126  121  117  114
  108  100   97  105  125  153  181  202  217  231  246  264  283  300  318  337
  361  386  411  431  447  459  467  473  477  480  481  480  478  481  490  506
  523  536  546  552  556  555  550  541  533  525  513  490  458  420  383  349
  317  287  262  245  234  225  213  196  178                                   
    12.5-180.0 180.0   5.0 450.0                            LAT/LON1/LON2/DLON/H
  185  168  160  160  166  172  173  170  165  159  151  142  133  126  123  118
  110   99   91   95  113  141  170  195  214  232  252  274  295  315  333  355
  379  405  429  447  461  471  479  486  490  492  491  487  484  485  493  506
  519  527  530  529  526  519  508  497  487  479  466  445  415  383  355  332
  311  290  270  253  243  234  223  206  185                                   
    10.0-180.0 180.0   5.0 450.0                            LAT/LON1/LON2/DLON/H
  200  179  165  160  162  166  167  166  163  160  154  145  137  131  127  123
  114  100   88   87  103  130  160  188  212  235  260  286  309  330  349  372
  397  422  443  458  469  478  487  494  499  500  498  494  490  490  496  505
  512  515  511  505  495  483  469  456  446  437  424  402  374  346  326  313
  303  291  276  263  254  247  237  221  200                                   
     7.5-180.0 180.0   5.0 450.0                            LAT/LON1/LON2/DLON/H
  219  197  177  166  161  159  158  156  155  153  149  143  136  131  129  126
  116  101   87   83   96  121  152  183  211  239  268  297  322  344  364  386
