IONEX/ehrg1680.22i
     1.0            IONOSPHERE MAPS     GPS                 IONEX VERSION / TYPE
PAR2IONEX           ESA/ESOC            18-JUN-22 08:29     PGM / RUN BY / DATE 
ESOC'S GLOBAL IONOSPHERE MAPS FOR DAY 168, 2022             DESCRIPTION         
SH: SPHERICAL HARMONIC MODEL FROM 278 STATS; N = 15, M = 15 DESCRIPTION         
  2022     6    17     0     0     0                        EPOCH OF FIRST MAP  
  2022     6    18     0     0     0                        EPOCH OF LAST MAP   
  3600                                                      INTERVAL            
    25                                                      # OF MAPS IN FILE   
  NONE                                                      MAPPING FUNCTION    
    10.0                                                    ELEVATION CUTOFF    
One-way carrier phase leveled to code                       OBSERVABLES USED    
   278                                                      # OF STATIONS       
    51                                                      # OF SATELLITES     
  6371.0                                                    BASE RADIUS         
     2                                                      MAP DIMENSION       
   450.0 450.0   0.0                                        HGT1 / HGT2 / DHGT  
    87.5 -87.5  -2.5                                        LAT1 / LAT2 / DLAT  
  -180.0 180.0   5.0                                        LON1 / LON2 / DLON  
    -1                                                      EXPONENT            
TEC/RMS values in 0.1 TECU; 9999, if no value available     COMMENT             
                                                            END OF HEADER       
[from data line 10296]
    25                                                      START OF TEC MAP    
  2022     6    18     0     0     0                        EPOCH OF CURRENT MAP
    87.5-180.0 180.0   5.0 450.0                            LAT/LON1/LON2/DLON/H
  140  141  142  142  143  144  144  145  145  146  146  146  146  146  146  146
  146  145  145  144  144  143  142  142  141  140  139  138  137  136  135  134
  133  132  131  131  130  129  129  128  128  127  127  127  127  127  127  127
  127  127  127  128  128  128  129  129  130  130  131  131  132  132  133  134
  134  135  136  136  137  138  139  139  140                                   
    85.0-180.0 180.0   5.0 450.0                            LAT/LON1/LON2/DLON/H
  143  145  146  148  149  151  152  153  154  155  156  157  157  157  157  157
  157  156  155  154  153  151  150  148  146  144  142  140  138  136  134  132
  130  129  127  125  124  123  122  122  121  121  121  121  121  121  121  122
  122  123  124  125  125  126  127  128  128  129  130  130  131  132  133  133
  134  135  136  137  138  139  140  142  143                                   
    82.5-180.0 180.0   5.0 450.0                            LAT/LON1/LON2/DLON/H
  144  147  149  151  153  156  158  160  162  163  164  165  166  166  166  166
  165  165  164  162  160  158  156  154  151  148  146  142  139  136  133  130
  128  125  123  121  119  118  117  117  116  117  117  118  118  119  120  122
  123  124  125  127  128  129  130  131  132  133  134  134  135  135  135  135
  136  136  137  137  138  140  141  143  144                                   
    80.0-180.0 180.0   5.0 450.0                            LAT/LON1/LON2/DLON/H
  144  147  150  153  156  159  162  164  167  169  170  171  172  172  172  172
  171  170  169  167  165  163  161  158  155  151  148  144  140  136  132  129
  125  122  120  118  116  115  114  114  115  116  117  118  120  122  124  126
  127  129  131  133  135  137  138  140  141  142  142  143  143  142  142  141
  140  140  139  139  139  140  141  142  144                                   
    77.5-180.0 180.0   5.0 450.0                            LAT/LON1/LON2/DLON/H
  144  146  149  153  156  160  164  167  170  172  173  174  175  175  175  174
  173  172  171  170  168  165  163  160  156  152  148  144  140  136  132  128
  124  121  118  116  115  114  114  115  116  118  121  123  125  128  130  133
  135  138  140  142  145  147  149  151  153  154  155  156  155  154  153  151
  149  146  144  143  141  141  141  142  144                                   
    75.0-180.0 180.0   5.0 450.0                            LAT/LON1/LON2/DLON/H
  143  145  148  152  156  160  164  168  170  173  174  175  175  175  174  174
  173  172  171  169  168  165  163  159  156  152  148  144  140  135  131  127
  124  120  118  116  115  115  116  118  121  123  127  130  133  136  139  141
  144  146  149  152  155  158  161  164  167  169  171  172  171  170  168  165
  161  157  153  149  146  143  142  142  143                                   
    72.5-180.0 180.0   5.0 450.0                            LAT/LON1/LON2/DLON/H
  143  144  147  150  154  158  163  167  170  172  174  174  174  173  173  172
  172  171  170  169  167  164  161  158  154  150  146  143  139  135  132  128
  125  122  119  118  118  118  120  123  126  130  133  137  140  144  146  149
  151  154  156  159  163  167  171  175  180  184  187  189  189  188  185  181
  176  171  165  159  153  149  146  144  143                                   
    70.0-180.0 180.0   5.0 450.0                            LAT/LON1/LON2/DLON/H
  146  146  146  149  152  156  161  165  169  171  172  173  172  172  171  171
  171  170  170  168  166  163  160  156  152  148  145  142  139  136  133  130
  128  125  123  121  121  122  124  128  131  136  140  143  146  149  151  153
  155  157  160  164  168  172  178  184  190  196  200  204  206  206  203  199
  193  186  179  171  164  158  152  149  146                                   
    67.5-180.0 180.0   5.0 450.0                            LAT/LON1/LON2/DLON/H
  152  149  148  148  151  154  159  163  167  169  171  171  171  171  171  171
  171  172  171  170  168  164  160  155  151  147  144  142  141  139  137  135
  133  130  128  126  126  127  129  132  136  140  144  147  149  151  152  154
  155  157  160  164  168  174  180  188  195  203  210  216  219  221  219  215
  209  201  193  185  177  169  162  156  152                                   
    65.0-180.0 180.0   5.0 450.0                            LAT/LON1/LON2/DLON/H
  161  155  152  150  151  153  157  161  165  168  170  171  171  171  172  173
  174  175  176  174  171  167  161  156  151  148  146  145  145  145  144  142
  140  137  134  132  131  131  133  136  139  142  145  147  148  149  149  150
  152  154  157  161  166  172  179  187  196  205  214  222  228  230  230  227
  221  214  207  199  191  183  175  167  161                                   
    62.5-180.0 180.0   5.0 450.0                            LAT/LON1/LON2/DLON/H
  173  165  159  155  153  154  156  160  164  167  169  171  172  173  174  176
  179  181  181  180  176  171  165  159  154  151  150  151  152  153  153  152
  149  146  142  139  137  136  137  138  140  142  143  144  143  143  143  144
  145  148  152  156  162  168  175  183  192  203  213  222  230  234  235  233
  228  223  217  211  205  198  190  181  173                                   
    60.0-180.0 180.0   5.0 450.0                            LAT/LON1/LON2/DLON/H
  188  179  171  164  159  157  158  160  163  167  169  171  173  175  177  180
  184  187  188  186  182  176  170  164  159  157  157  159  161  163  164  162
  159  154  150  145  142  140  140  140  140  140  140  138  137  135  135  136
  138  142  146  152  157  163  170  177  186  196  207  218  226  231  233  232
  230  227  224  221  218  213  206  198  188                                   
    57.5-180.0 180.0   5.0 450.0                            LAT/LON1/LON2/DLON/H
  206  196  186  178  171  166  163  163  165  168  170  172  174  176  180  184
  188  192  193  192  188  182  176  170  166  165  166  169  172  174  174  172
  168  162  156  151  147  144  142  141  140  138  135  132  129  127  127  128
  132  137  143  149  155  161  166  172  180  189  199  210  219  225  227  228
  227  227  228  229  229  227  222  215  206                                   
    55.0-180.0 180.0   5.0 450.0                            LAT/LON1/LON2/DLON/H
  224  215  206  196  187  179  174  170  170  170  172  173  175  178  181  186
  191  196  198  196  193  187  181  177  174  174  176  178  181  183  182  179
  174  168  161  155  151  147  145  142  139  135  131  126  123  121  121  123
  128  134  141  149  155  161  165  170  175  183  192  203  211  217  220  220
  221  224  230  236  240  241  239  233  224                                   
    52.5-180.0 180.0   5.0 450.0                            LAT/LON1/LON2/DLON/H
  243  236  228  219  209  198  189  181  177  175  175  175  177  179  183  188
  193  198  200  199  196  192  187  184  182  182  183  185  188  188  187  183
  177  170  164  158  154  150  147  143  139  134  128  122  118  117  117  121
  126  134  142  151  159  165  169  171  175  180  189  198  206  211  213  214
  216  222  232  243  251  256  255  250  243                                   
    50.0-180.0 180.0   5.0 450.0                            LAT/LON1/LON2/DLON/H
  261  257  252  245  235  222  208  197  188  183  180  179  179  180  183  188
  194  198  201  201  199  196  192  190  188  188  188  189  189  189  186  182
  176  170  164  160  156  152  148  144  139  133  127  121  117  116  117  121
  128  136  146  157  166  173  177  178  180  184  190  199  206  210  211  211
  215  223  237  252  265  271  270  266  261                                   
    47.5-180.0 180.0   5.0 450.0                            LAT/LON1/LON2/DLON/H
  279  277  276  272  263  249  232  216  203  193  187  184  182  183  185  189
  194  199  203  204  203  201  198  196  194  191  189  188  187  185  182  178
  173  168  164  161  158  155  151  146  141  135  128  123  119  119  121  125
  132  141  152  164  176  185  190  191  191  193  198  205  212  215  215  214
  218  229  247  266  281  288  287  283  279                                   
    45.0-180.0 180.0   5.0 450.0                            LAT/LON1/LON2/DLON/H
  296  297  300  300  293  278  259  239  221  208  198  192  188  186  187  190
  196  201  206  208  208  207  206  203  199  194  189  185  182  180  177  174
  170  167  165  164  162  159  155  149  144  139  133  128  125  124  127  131
  137  146  158  173  188  200  206  207  206  206  210  217  223  226  225  223
  227  240  261  285  303  309  307  300  296                                   
    42.5-180.0 180.0   5.0 450.0                            LAT/LON1/LON2/DLON/H
  316  319  325  328  323  309  288  265  244  226  212  202  196  192  191  193
  198  205  211  215  217  217  215  212  207  198  190  183  178  176  174  172
  170  169  170  170  169  165  160  155  151  146  141  136  133  133  135  138
  144  152  165  182  200  215  224  226  224  223  226  232  238  241  239  237
  240  255  280  308  328  335  330  321  316                                   
    40.0-180.0 180.0   5.0 450.0                            LAT/LON1/LON2/DLON/H
  341  344  352  357  353  340  319  295  271  249  231  217  206  200  197  198
  203  211  219  225  228  229  229  225  218  206  194  184  178  176  175  175
  175  177  179  181  179  175  169  164  160  157  152  148  144  143  143  146
  150  158  171  190  211  229  240  243  241  239  241  247  254  257  256  253
  256  273  301  333  357  365  358  347  341                                   
    37.5-180.0 180.0   5.0 450.0                            LAT/LON1/LON2/DLON/H
  371  374  382  388  385  372  353  329  303  278  254  235  220  210  204  204
  210  219  229  237  242  244  245  242  234  220  205  192  184  182  182  183
  186  189  193  195  192  187  180  175  172  170  167  161  156  153  152  153
  156  163  176  195  218  239  252  256  255  252  254  260  267  272  272  269
  272  289  321  358  387  398  391  379  371                                   
    35.0-180.0 180.0   5.0 450.0                            LAT/LON1/LON2/DLON/H
  408  410  417  421  417  406  388  366  340  311  283  258  238  224  215  213
  218  229  241  251  258  262  264  262  255  240  222  207  197  194  194  196
  200  204  209  210  206  199  191  187  186  185  182  176  168  162  159  159
  160  166  178  197  220  242  257  263  263  261  262  268  276  283  285  283
  286  303  338  380  416  431  427  415  408                                   
    32.5-180.0 180.0   5.0 450.0                            LAT/LON1/LON2/DLON/H
  449  451  456  458  452  440  425  405  381  351  318  287  261  242  229  225
  230  242  256  267  274  279  283  284  279  264  245  226  214  209  208  210
  214  219  223  223  218  209  202  198  198  199  196  188  178  170  164  162
  162  165  175  193  216  239  255  262  264  263  264  270  280  290  294  293
  295  312  348  396  439  461  463  454  449                                   
    30.0-180.0 180.0   5.0 450.0                            LAT/LON1/LON2/DLON/H
  489  493  497  496  487  475  462  447  425  394  358  322  291  267  250  243
  246  257  272  283  290  295  301  306  303  289  268  247  231  223  220  220
  223  228  231  230  223  214  207  205  207  209  206  197  185  173  166  161
  160  161  169  184  205  227  244  254  259  260  262  268  279  291  298  299
  300  316  353  405  454  484  493  491  489                                   
    27.5-180.0 180.0   5.0 450.0                            LAT/LON1/LON2/DLON/H
  524  532  536  532  520  507  497  487  469  439  402  362  327  299  278  267
  267  277  290  300  305  309  316  323  323  311  288  263  243  230  224  223
  225  228  230  227  220  211  206  206  209  212  210  200  186  172  163  157
  153  152  157  169  187  208  227  241  250  254  258  263  275  289  299  301
  302  315  352  405  459  497  513  519  524                                   
    25.0-180.0 180.0   5.0 450.0                            LAT/LON1/LON2/DLON/H
  547  561  568  562  548  534  527  522  510  484  448  408  371  339  314  299
  295  302  312  318  319  321  327  335  336  324  299  270  246  229  219  216
  217  219  220  216  208  200  197  199  204  207  205  195  180  166  155  147
  142  138  140  148  164  185  206  225  239  248  253  258  269  285  298  302
  302  313  346  399  455  497  520  533  547                                   
    22.5-180.0 180.0   5.0 450.0                            LAT/LON1/LON2/DLON/H
  553  575  586  581  566  553  549  549  544  525  494  456  419  386  358  338
  330  333  338  339  334  330  333  339  339  325  298  266  238  217  205  200
  201  203  202  196  188  182  181  185  191  194  191  182  168  153  142  134
  127  121  119  125  140  161  185  209  230  244  251  256  266  282  297  303
  303  311  340  390  443  485  511  531  553                                   
    20.0-180.0 180.0   5.0 450.0                            LAT/LON1/LON2/DLON/H
  543  573  589  587  573  561  560  566  569  558  534  502  469  436  407  383
  370  367  366  361  350  339  335  336  332  315  286  252  221  199  186  181
  181  183  182  175  167  162  163  168  172  174  172  164  151  138  126  117
  109  101   97  101  116  139  167  197  224  243  252  257  265  281  298  306
  306  312  336  380  427  464  490  514  543                                   
    17.5-180.0 180.0   5.0 450.0                            LAT/LON1/LON2/DLON/H
  520  555  577  579  568  558  560  571  581  581  567  543  515  485  456  430
  412  403  396  384  365  347  335  328  317  296  264  230  201  180  168  164
  166  168  165  157  149  146  148  151  153  153  150  143  133  120  109   99
   90   81   77   81   97  122  154  189  222  246  258  262  268  284  302  312
  313  318  338  374  412  441  462  486  520                                   
    15.0-180.0 180.0   5.0 450.0                            LAT/LON1/LON2/DLON/H
  491  529  555  560  552  546  550  565  582  591  588  574  553  527  499  472
  451  437  424  406  381  355  334  317  298  272  240  209  184  167  157  156
  159  162  159  149  140  137  139  140  138  134  130  125  116  104   93   83
   73   64   60   66   85  113  148  186  223  251  265  269  275  290  308  320
  324  329  347  376  404  422  435  457  491                                   
    12.5-180.0 180.0   5.0 450.0                            LAT/LON1/LON2/DLON/H
  465  502  528  536  532  528  534  552  573  589  596  591  577  557  532  506
  482  464  446  424  395  362  333  307  280  250  219  193  175  164  159  161
  166  169  165  154  144  140  140  138  131  123  117  112  105   93   80   70
   61   53   50   59   80  111  147  186  225  256  272  278  284  298  316  330
  338  346  363  386  404  412  418  434  465                                   
    10.0-180.0 180.0   5.0 450.0                            LAT/LON1/LON2/DLON/H
  452  482  504  512  511  511  518  535  557  578  591  593  586  571  549  525
  502  481  461  436  404  368  334  300  267  234  206  188  179  176  175  179
  185  189  183  171  159  154  152  145  133  121  113  108  100   88   74   63
   54   47   47   58   81  113  148  186  224  257  277  286  293  306  325  342
  354  367  385  405  416  417  416  426  452                                   
     7.5-180.0 180.0   5.0 450.0                            LAT/LON1/LON2/DLON/H
  456  476  489  494  495  497  505  519  539  560  575  581  578  567  550  530
  508  487  465  440  408  372  334  297  261  228  205  195  195  199  202  206
