IONEX/emrg1680.22i
     1.0            IONOSPHERE MAPS     GNSS                IONEX VERSION / TYPE
Run_GlbDaily        NRCan/CGS           19-Jun-22 09:31     PGM / RUN BY / DATE
NRCAN'S GLOBAL IONOSPHERE MAPS FOR DAY 168, 2022            COMMENT
Global ionosphere maps (GIM) are generated on a daily basis DESCRIPTION
Contact:     Reza.Ghoddousi-Fard@canada.ca                  DESCRIPTION
  2022     6    17     0     0     0                        EPOCH OF FIRST MAP
  2022     6    18     0     0     0                        EPOCH OF LAST MAP
  3600                                                      INTERVAL
    25                                                      # OF MAPS IN FILE
  MOD                                                       MAPPING FUNCTION
    10.0                                                    ELEVATION CUTOFF
One-way carrier phase leveled to code                       OBSERVABLES USED
   165                                                      # OF STATIONS
    50                                                      # OF SATELLITES
  6371.0                                                    BASE RADIUS
     2                                                      MAP DIMENSION
   450.0 450.0   0.0                                        HGT1 / HGT2 / DHGT
    87.5 -87.5  -2.5                                        LAT1 / LAT2 / DLAT
  -180.0 180.0   5.0                                        LON1 / LON2 / DLON
    -1                                                      EXPONENT
TEC/RMS values in 0.1 TECU; 9999, if no value available     COMMENT
DCB values in ns; zero-mean condition wrt satellite values  COMMENT
                                                            END OF HEADER
[from data line 6006]
    15                                                      START OF TEC MAP
  2022     6    17    14     0     0                        EPOCH OF CURRENT MAP
    87.5-180.0 180.0   5.0 450.0                            LAT/LON1/LON2/DLON/H
  144  144  145  145  146  146  147  148  148  149  150  151  151  152  153  153
  154  154  155  155  155  156  156  156  156  156  156  155  155  155  154  154
  153  152  151  151  150  149  148  147  147  146  145  144  143  143  142  141
  141  141  140  140  140  139  139  139  139  139  139  139  139  140  140  140
  140  141  141  141  142  142  143  143  144
    85.0-180.0 180.0   5.0 450.0                            LAT/LON1/LON2/DLON/H
  142  143  144  144  145  146  147  148  149  151  152  153  155  156  157  159
  160  161  162  163  164  164  165  165  165  165  165  164  164  163  162  161
  160  158  157  155  154  152  150  149  147  145  143  142  140  139  138  137
  136  136  135  135  135  135  135  135  135  135  136  136  136  137  137  138
  138  138  139  139  140  140  141  142  142
    82.5-180.0 180.0   5.0 450.0                            LAT/LON1/LON2/DLON/H
  144  144  145  146  146  147  148  149  150  152  153  155  156  158  160  162
  164  165  167  168  169  170  171  171  171  171  171  171  170  169  168  167
  166  164  163  161  159  156  154  151  149  146  144  141  139  137  136  135
  134  133  133  133  133  134  134  135  135  136  137  137  138  138  139  139
  140  140  141  141  141  142  143  143  144
    80.0-180.0 180.0   5.0 450.0                            LAT/LON1/LON2/DLON/H
  149  149  150  150  150  151  151  151  152  153  154  155  157  159  161  163
  165  167  169  170  171  172  173  173  173  173  173  173  173  173  173  172
  171  170  169  167  165  163  160  157  153  150  147  144  141  139  137  135
  135  134  134  135  135  136  137  138  139  140  141  141  142  142  143  143
  143  144  144  145  146  146  147  148  149
    77.5-180.0 180.0   5.0 450.0                            LAT/LON1/LON2/DLON/H
  156  158  158  158  158  157  157  156  155  155  155  155  157  158  160  162
  164  166  168  169  170  170  171  171  171  171  172  172  173  174  175  176
  176  177  176  175  174  172  169  165  161  157  153  150  146  143  141  140
  139  139  139  140  141  142  143  144  145  146  146  146  147  147  147  147
  147  147  148  149  150  152  153  155  156
    75.0-180.0 180.0   5.0 450.0                            LAT/LON1/LON2/DLON/H
  165  167  169  169  169  167  165  162  160  158  157  156  157  158  159  161
  163  164  165  166  166  167  167  167  167  168  169  170  172  174  177  180
  182  184  185  185  184  183  180  176  172  167  162  158  154  151  149  147
  147  147  147  148  149  150  150  151  151  151  151  150  150  149  149  148
  148  148  149  151  153  156  159  162  165
    72.5-180.0 180.0   5.0 450.0                            LAT/LON1/LON2/DLON/H
  172  176  179  180  179  177  173  169  165  162  159  158  158  158  160  161
  162  162  163  163  163  163  163  163  164  165  167  169  172  176  180  185
  189  192  194  196  196  194  191  187  182  177  172  167  163  160  158  157
  157  157  157  158  158  159  158  158  157  155  154  153  151  149  148  147
  146  146  147  149  152  157  162  167  172
    70.0-180.0 180.0   5.0 450.0                            LAT/LON1/LON2/DLON/H
  174  181  185  187  187  185  180  175  170  165  162  160  160  160  161  162
  162  162  162  161  161  161  162  163  164  166  169  172  176  180  185  191
  196  200  203  205  205  203  200  195  190  185  180  175  171  169  167  167
  167  167  168  169  169  168  166  164  162  159  156  154  151  148  146  144
  143  142  142  145  148  154  160  167  174
    67.5-180.0 180.0   5.0 450.0                            LAT/LON1/LON2/DLON/H
  171  179  185  189  190  188  183  177  172  167  164  163  163  164  165  165
  164  163  162  162  162  163  165  167  169  172  175  178  182  187  192  198
  203  207  210  211  210  208  204  199  194  188  183  179  176  175  174  175
  176  178  179  180  179  178  175  172  168  163  159  156  152  149  146  142
  140  138  137  139  142  147  154  163  171
    65.0-180.0 180.0   5.0 450.0                            LAT/LON1/LON2/DLON/H
  163  171  179  184  186  185  182  176  171  167  165  165  166  168  169  169
  167  166  164  164  165  167  170  174  177  181  184  187  190  194  199  204
  208  211  213  213  211  207  203  198  192  187  183  180  178  178  179  182
  184  187  189  190  189  188  185  180  176  170  166  161  157  153  149  145
  140  137  135  135  137  141  147  154  163
    62.5-180.0 180.0   5.0 450.0                            LAT/LON1/LON2/DLON/H
  152  160  167  174  178  178  176  172  168  165  165  167  170  173  174  173
  171  168  166  166  168  172  177  183  187  190  193  195  198  201  205  208
  211  213  213  211  207  203  198  192  187  183  180  179  178  180  183  187
  191  195  198  199  199  198  196  192  187  181  176  171  167  163  158  152
  147  141  137  135  135  137  141  146  152
    60.0-180.0 180.0   5.0 450.0                            LAT/LON1/LON2/DLON/H
  143  148  154  161  167  170  170  167  164  163  165  168  173  176  178  177
  174  170  168  169  172  177  184  190  195  198  200  201  203  205  207  210
  212  212  210  207  202  197  192  187  183  180  178  178  179  182  187  193
  198  202  206  208  209  209  208  206  201  197  191  187  182  178  172  166
  158  151  146  142  140  139  139  140  143
    57.5-180.0 180.0   5.0 450.0                            LAT/LON1/LON2/DLON/H
  138  139  144  152  159  164  166  164  162  162  165  170  175  179  180  178
  175  171  169  170  174  180  187  194  198  200  201  202  203  205  208  210
  211  211  208  204  199  193  189  185  182  180  180  180  183  187  193  199
  205  209  212  215  217  219  221  221  218  214  209  205  200  196  190  182
  173  165  159  154  151  148  145  141  138
    55.0-180.0 180.0   5.0 450.0                            LAT/LON1/LON2/DLON/H
  140  137  139  147  157  164  166  165  163  163  166  171  176  180  180  178
  175  172  170  172  176  182  188  193  196  197  198  198  200  204  208  211
  212  212  209  205  200  195  192  190  189  188  188  189  191  195  202  208
  214  217  218  220  223  227  232  235  235  232  227  222  218  213  207  198
  189  179  173  169  166  163  157  148  140
    52.5-180.0 180.0   5.0 450.0                            LAT/LON1/LON2/DLON/H
  147  140  141  150  161  170  173  172  169  168  170  174  178  179  179  177
  175  173  172  174  177  182  186  189  190  191  191  193  197  204  210  215
  217  217  215  212  208  205  203  203  203  203  203  203  204  207  213  219
  224  225  223  223  226  233  241  247  248  246  241  235  231  226  220  211
  201  190  184  182  182  179  172  160  147
    50.0-180.0 180.0   5.0 450.0                            LAT/LON1/LON2/DLON/H
  157  147  147  157  170  180  184  181  177  175  176  178  179  179  177  176
  175  175  176  177  179  182  184  185  184  184  185  190  198  208  217  225
  228  229  228  226  224  223  223  223  224  225  223  221  219  221  225  231
  234  232  228  225  227  235  246  254  257  254  248  242  237  234  228  219
  207  196  189  189  192  193  186  173  157
    47.5-180.0 180.0   5.0 450.0                            LAT/LON1/LON2/DLON/H
  164  153  153  165  180  191  194  190  185  183  183  184  182  179  176  175
  177  180  182  183  184  184  184  183  181  181  184  193  205  219  232  241
  246  247  247  246  246  246  246  247  249  249  246  240  235  233  237  242
  244  240  232  225  226  235  248  257  260  256  248  241  237  235  231  222
  209  196  188  188  193  198  194  181  164
    45.0-180.0 180.0   5.0 450.0                            LAT/LON1/LON2/DLON/H
  165  153  155  169  186  197  199  195  191  190  192  192  187  181  177  178
  182  187  191  192  191  190  188  186  184  185  192  204  221  239  254  264
  269  270  270  271  271  271  271  271  272  271  266  256  247  242  245  251
  253  247  236  227  227  236  249  258  260  253  244  236  233  232  231  223
  209  193  181  178  185  192  192  181  165
    42.5-180.0 180.0   5.0 450.0                            LAT/LON1/LON2/DLON/H
  157  147  150  165  183  194  195  191  191  195  201  201  196  187  182  183
  190  197  201  202  200  198  196  194  194  198  207  224  244  264  281  291
  295  296  296  296  297  296  293  290  290  288  281  269  255  247  249  256
  260  255  243  232  231  240  252  260  258  250  239  231  228  230  231  226
  211  190  172  164  169  178  180  172  157
    40.0-180.0 180.0   5.0 450.0                            LAT/LON1/LON2/DLON/H
  142  133  137  153  170  180  180  179  184  196  209  213  207  197  190  193
  201  208  211  211  209  209  208  208  210  216  229  248  271  292  309  319
  321  321  320  321  321  317  310  304  301  299  292  277  259  248  250  260
  267  264  253  243  242  250  261  265  260  249  238  230  228  232  236  233
  217  192  166  150  149  157  161  155  142
    37.5-180.0 180.0   5.0 450.0                            LAT/LON1/LON2/DLON/H
  124  116  119  134  149  157  157  159  172  194  216  225  221  210  203  205
  213  219  219  218  217  218  221  223  228  237  252  274  297  318  334  343
  345  344  343  344  342  335  323  312  306  305  299  284  263  250  252  265
  277  277  269  260  260  268  276  275  267  255  244  237  235  239  244  244
  229  200  165  140  132  136  141  136  124
    35.0-180.0 180.0   5.0 450.0                            LAT/LON1/LON2/DLON/H
  109  100  101  113  125  130  130  136  157  190  221  237  235  224  218  220
  226  229  225  221  222  226  232  237  243  255  273  295  318  338  352  361
  363  363  363  364  362  351  333  317  310  311  308  294  272  257  259  275
  291  296  291  285  287  294  297  292  280  268  259  253  249  249  254  256
  243  212  171  137  121  121  125  121  109
    32.5-180.0 180.0   5.0 450.0                            LAT/LON1/LON2/DLON/H
  101   90   89   97  105  107  107  116  143  184  224  246  247  239  234  236
  240  238  229  223  224  231  240  246  254  267  287  310  331  349  363  373
  377  379  381  383  380  366  343  323  316  320  323  312  290  274  276  294
  313  321  319  317  321  326  323  312  297  288  282  275  266  260  261  264
  255  225  181  141  119  116  118  113  101
    30.0-180.0 180.0   5.0 450.0                            LAT/LON1/LON2/DLON/H
  102   90   85   89   93   93   92  102  133  179  223  249  255  250  248  252
  253  246  232  223  225  234  243  249  257  271  294  318  338  354  367  379
  387  393  397  401  399  383  357  334  328  338  347  341  321  303  305  324
  344  353  352  352  357  359  350  332  316  309  307  299  282  265  260  262
  257  231  190  149  126  120  121  116  102
    27.5-180.0 180.0   5.0 450.0                            LAT/LON1/LON2/DLON/H
  113   99   92   93   94   91   89   99  128  173  217  246  256  256  259  265
  266  254  236  224  226  236  244  247  253  270  295  321  340  354  368  383
  396  405  413  419  418  402  375  352  348  364  381  380  362  345  346  364
  382  389  387  388  392  390  373  348  331  329  331  319  291  260  245  246
  245  227  192  156  136  132  133  127  113
    25.0-180.0 180.0   5.0 450.0                            LAT/LON1/LON2/DLON/H
  127  113  106  105  105  102   99  105  128  166  206  234  248  255  265  275
  277  263  242  229  230  239  243  243  247  266  296  325  344  356  370  388
  406  418  428  435  436  423  397  376  375  397  421  426  411  394  394  410
  423  425  420  419  421  414  390  359  341  343  347  330  289  243  217  214
  217  208  183  158  146  147  148  141  127
    22.5-180.0 180.0   5.0 450.0                            LAT/LON1/LON2/DLON/H
  139  129  124  123  123  121  117  118  131  156  188  215  233  247  264  281
  285  272  251  237  238  244  245  239  242  264  299  332  351  362  375  395
  416  431  441  449  452  442  420  402  406  433  462  472  460  444  444  455
  463  458  447  442  441  429  398  362  344  349  353  329  275  215  179  173
  178  176  164  153  152  158  160  152  139
    20.0-180.0 180.0   5.0 450.0                            LAT/LON1/LON2/DLON/H
  145  139  138  140  142  141  137  132  132  143  164  189  211  233  258  281
  290  281  262  249  249  253  250  240  242  267  309  346  365  373  385  406
  429  444  453  459  463  457  441  428  435  465  497  510  500  487  486  494
  495  482  464  456  452  435  399  359  342  347  349  317  251  180  138  129
  136  139  138  141  152  163  164  156  145
    17.5-180.0 180.0   5.0 450.0                            LAT/LON1/LON2/DLON/H
  142  142  147  151  154  155  152  142  130  126  137  159  186  215  246  275
  291  288  272  261  262  265  259  248  249  278  325  366  385  389  398  418
  442  456  462  466  470  468  457  448  458  489  521  534  526  515  514  520
  515  494  471  459  453  434  394  354  336  341  338  297  222  147  104   95
  101  106  112  126  148  162  161  150  142
    15.0-180.0 180.0   5.0 450.0                            LAT/LON1/LON2/DLON/H
  131  138  148  153  156  159  157  143  121  105  109  131  162  196  231  264
  286  290  281  273  275  278  272  260  263  295  346  388  405  406  412  431
  454  467  469  470  473  474  467  461  472  500  529  540  533  524  525  529
  519  493  466  453  447  427  388  348  331  333  323  274  196  123   85   78
   82   84   93  116  143  157  151  137  131
    12.5-180.0 180.0   5.0 450.0                            LAT/LON1/LON2/DLON/H
  118  131  144  148  148  151  150  135  107   84   83  106  141  177  213  249
  276  287  285  281  285  290  287  277  282  315  366  407  422  420  422  440
  462  474  474  471  473  475  471  467  475  498  522  529  522  515  518  521
  509  480  452  440  436  418  382  345  329  327  308  253  175  113   86   85
   85   81   88  115  144  154  140  121  118
    10.0-180.0 180.0   5.0 450.0                            LAT/LON1/LON2/DLON/H
  111  128  141  140  134  135  136  122   91   64   62   88  126  162  195  230
  262  280  283  284  291  300  301  295  301  332  380  418  430  425  427  444
  467  479  477  473  473  474  470  464  469  485  501  504  496  490  495  498
  485  457  431  423  422  409  377  345  329  323  296  236  165  117  107  112
  109   97  100  126  154  158  135  111  111
     7.5-180.0 180.0   5.0 450.0                            LAT/LON1/LON2/DLON/H
  113  133  144  135  120  116  118  106   76   48   48   77  116  149  178  211
  245  269  278  282  292  306  312  311  317  343  384  417  426  421  423  442
  467  481  480  475  473  472  465  457  456  464  473  471  462  457  463  466
  454  428  407  403  407  398  372  345  331  320  287  225  163  133  140  154
  147  128  125  148  173  170  139  112  113
     5.0-180.0 180.0   5.0 450.0                            LAT/LON1/LON2/DLON/H
  129  150  156  136  111  102  104   94   66   39   40   71  110  139  163  192
  228  257  272  279  291  309  321  323  327  347  379  405  412  408  412  434
  462  479  482  478  474  469  459  445  438  439  442  436  426  422  427  430
  419  397  382  383  391  385  364  342  330  316  279  218  167  155  177  198
  189  164  156  177  198  189  153  125  129
     2.5-180.0 180.0   5.0 450.0                            LAT/LON1/LON2/DLON/H
  155  177  177  146  111   96   98   91   64   37   39   69  106  131  149  177
  214  248  266  276  290  311  326  330  331  343  366  385  391  389  397  421
  452  474  480  478  474  465  450  431  418  414  412  404  393  388  392  394
  384  366  357  362  372  369  351  332  321  307  269  212  171  174  208  233
  222  194  184  203  223  211  174  148  155
