IONEX/emrg1680.22i
     1.0            IONOSPHERE MAPS     GNSS                IONEX VERSION / TYPE
Run_GlbDaily        NRCan/CGS           19-Jun-22 09:31     PGM / RUN BY / DATE
NRCAN'S GLOBAL IONOSPHERE MAPS FOR DAY 168, 2022            COMMENT
Global ionosphere maps (GIM) are generated on a daily basis DESCRIPTION
Contact:     Reza.Ghoddousi-Fard@canada.ca                  DESCRIPTION
  2022     6    17     0     0     0                        EPOCH OF FIRST MAP
  2022     6    18     0     0     0                        EPOCH OF LAST MAP
  3600                                                      INTERVAL
    25                                                      # OF MAPS IN FILE
  MOD                                                       MAPPING FUNCTION
    10.0                                                    ELEVATION CUTOFF
One-way carrier phase leveled to code                       OBSERVABLES USED
   165                                                      # OF STATIONS
    50                                                      # OF SATELLITES
  6371.0                                                    BASE RADIUS
     2                                                      MAP DIMENSION
   450.0 450.0   0.0                                        HGT1 / HGT2 / DHGT
    87.5 -87.5  -2.5                                        LAT1 / LAT2 / DLAT
  -180.0 180.0   5.0                                        LON1 / LON2 / DLON
    -1                                                      EXPONENT
TEC/RMS values in 0.1 TECU; 9999, if no value available     COMMENT
DCB values in ns; zero-mean condition wrt satellite values  COMMENT
                                                            END OF HEADER
[from data line 429]
     2                                                      START OF TEC MAP
  2022     6    17     1     0     0                        EPOCH OF CURRENT MAP
    87.5-180.0 180.0   5.0 450.0                            LAT/LON1/LON2/DLON/H
  188  187  187  186  186  185  184  184  183  182  182  181  180  179  178  178
  177  176  176  175  174  174  173  173  173  172  172  172  171  171  171  171
  171  171  171  172  172  172  173  173  173  174  174  175  176  176  177  178
  179  179  180  181  182  182  183  184  185  185  186  186  187  187  188  188
  188  189  189  189  189  189  188  188  188
    85.0-180.0 180.0   5.0 450.0                            LAT/LON1/LON2/DLON/H
  197  196  195  194  193  192  190  189  187  186  184  183  181  180  178  177
  175  174  173  172  171  170  169  168  168  167  167  166  166  166  166  166
  166  166  166  166  166  167  167  168  169  169  170  171  172  174  175  176
  178  179  181  183  184  186  187  189  190  192  193  194  195  196  197  198
  198  199  199  199  199  199  198  198  197
    82.5-180.0 180.0   5.0 450.0                            LAT/LON1/LON2/DLON/H
  207  205  204  202  200  198  196  194  191  189  187  184  182  180  178  176
  175  173  171  170  169  168  166  166  165  164  163  163  163  162  162  162
  162  162  162  162  162  163  163  164  164  165  166  167  169  170  172  174
  177  179  181  184  186  188  191  193  195  197  199  201  203  204  205  207
  208  208  209  209  209  209  208  208  207
    80.0-180.0 180.0   5.0 450.0                            LAT/LON1/LON2/DLON/H
  215  213  211  209  206  204  201  198  194  191  189  186  183  181  178  176
  174  173  171  169  168  166  165  164  163  162  162  161  161  161  161  160
  160  160  160  159  159  159  159  159  159  160  161  162  164  166  168  171
  174  177  180  183  187  190  193  196  199  201  204  206  208  210  212  213
  215  216  217  217  218  217  217  216  215
    77.5-180.0 180.0   5.0 450.0                            LAT/LON1/LON2/DLON/H
  221  219  217  214  211  208  204  200  196  193  189  186  183  181  179  177
  175  173  171  169  168  166  165  164  163  162  161  161  161  160  160  160
  159  159  158  157  156  155  154  154  153  154  155  156  158  160  163  166
  170  174  178  182  186  190  193  197  200  203  206  208  210  213  215  217
  219  220  222  223  224  224  224  223  221
    75.0-180.0 180.0   5.0 450.0                            LAT/LON1/LON2/DLON/H
  225  223  221  218  214  210  206  202  198  194  190  187  184  181  179  177
  176  174  172  171  169  167  166  164  163  162  161  161  161  161  160  160
  159  157  156  154  152  150  148  147  146  146  147  148  150  153  157  160
  165  169  174  179  183  188  192  195  199  202  205  207  210  212  215  217
  220  222  225  226  227  228  228  227  225
    72.5-180.0 180.0   5.0 450.0                            LAT/LON1/LON2/DLON/H
  227  225  222  219  216  212  208  204  199  195  191  188  185  183  181  179
  178  176  175  173  171  169  167  165  164  163  162  162  161  161  160  159
  158  156  153  150  147  144  142  140  138  138  139  141  143  146  150  154
  159  164  169  174  179  184  188  192  195  198  201  203  206  209  212  215
  219  222  225  228  229  230  230  229  227
    70.0-180.0 180.0   5.0 450.0                            LAT/LON1/LON2/DLON/H
  228  225  223  220  218  214  211  207  202  198  194  191  188  186  184  183
  182  180  178  176  173  171  169  167  165  164  164  163  163  162  161  159
  156  153  150  146  142  138  135  132  131  131  132  134  137  140  145  149
  154  159  165  170  175  180  184  188  191  193  196  198  201  204  208  213
  217  222  226  229  231  231  231  230  228
    67.5-180.0 180.0   5.0 450.0                            LAT/LON1/LON2/DLON/H
  227  225  223  221  220  218  215  212  208  204  200  196  194  192  190  189
  187  185  183  180  177  174  171  170  168  168  167  166  165  163  161  158
  155  151  146  141  137  132  129  127  126  126  127  130  133  137  141  146
  151  156  161  166  171  176  180  183  186  188  190  192  195  199  204  210
  217  223  228  232  233  233  232  230  227
    65.0-180.0 180.0   5.0 450.0                            LAT/LON1/LON2/DLON/H
  228  226  224  224  223  223  222  220  217  213  209  206  203  200  199  197
  195  192  189  185  181  178  175  174  173  173  172  171  169  166  163  159
  154  149  144  138  133  129  125  124  123  124  126  128  131  135  140  144
  149  154  159  164  169  173  177  180  182  184  185  188  191  196  203  210
  219  226  233  237  238  237  235  231  228
    62.5-180.0 180.0   5.0 450.0                            LAT/LON1/LON2/DLON/H
  231  229  228  228  229  231  231  230  228  225  222  218  215  212  210  207
  204  200  196  191  186  182  181  180  181  181  181  179  175  170  165  159
  154  148  143  137  132  128  126  124  125  126  127  129  132  135  139  144
  149  155  160  164  169  173  176  179  181  182  183  185  189  195  203  213
  223  233  240  244  245  243  240  235  231
    60.0-180.0 180.0   5.0 450.0                            LAT/LON1/LON2/DLON/H
  238  235  234  235  238  240  242  242  241  239  235  232  228  225  222  219
  215  210  204  198  192  189  188  190  192  194  193  190  184  176  168  161
  155  149  143  138  134  131  129  129  129  130  131  132  133  136  140  145
  150  156  162  166  171  175  178  180  182  182  183  185  189  196  206  217
  229  240  249  254  255  253  248  243  238
    57.5-180.0 180.0   5.0 450.0                            LAT/LON1/LON2/DLON/H
  250  246  245  246  249  252  254  254  254  251  248  245  241  238  235  231
  226  220  214  206  201  198  198  202  207  210  209  204  195  183  172  163
  156  150  146  141  138  136  135  136  136  136  135  134  134  135  139  145
  151  158  165  171  175  179  182  184  185  185  185  187  191  198  209  222
  235  248  257  263  265  264  260  255  250
    55.0-180.0 180.0   5.0 450.0                            LAT/LON1/LON2/DLON/H
  266  262  260  261  262  264  265  265  264  262  260  256  253  250  246  242
  237  231  224  217  212  209  212  218  225  229  228  220  207  191  177  165
  157  152  149  146  144  142  142  143  143  142  139  135  133  133  137  143
  152  161  169  176  182  186  189  191  191  190  189  190  194  201  212  225
  239  252  263  271  275  276  274  270  266
    52.5-180.0 180.0   5.0 450.0                            LAT/LON1/LON2/DLON/H
  285  282  279  278  278  277  276  275  273  270  268  265  262  259  255  251
  247  242  237  230  226  224  228  236  245  250  249  238  220  199  180  166
  158  154  152  151  150  149  149  150  149  146  141  134  130  129  133  141
  152  164  174  183  189  194  197  198  197  195  193  193  197  203  213  225
  238  251  263  274  282  288  290  288  285
    50.0-180.0 180.0   5.0 450.0                            LAT/LON1/LON2/DLON/H
  307  304  300  297  294  291  287  283  279  276  274  272  269  266  262  258
  256  253  250  246  243  243  247  257  266  272  269  255  232  206  183  166
  158  155  155  155  155  154  155  155  153  148  141  132  126  125  130  139
  152  166  179  189  197  202  205  205  203  200  198  197  199  204  212  221
  232  244  258  272  286  298  306  308  307
    47.5-180.0 180.0   5.0 450.0                            LAT/LON1/LON2/DLON/H
  329  326  322  317  312  306  299  292  286  282  280  278  275  271  267  264
  264  264  265  264  263  263  268  277  287  292  286  269  242  212  185  166
  157  156  158  160  160  159  158  157  154  148  139  130  124  123  128  139
  153  168  183  195  204  210  212  212  209  205  202  200  201  204  209  215
  222  233  248  267  288  307  321  328  329
    45.0-180.0 180.0   5.0 450.0                            LAT/LON1/LON2/DLON/H
  350  347  342  337  331  323  313  303  295  290  287  285  282  277  272  270
  271  275  280  283  284  285  289  296  304  306  299  279  250  216  186  166
  157  158  162  165  165  163  161  158  154  147  139  130  125  125  130  140
  155  171  186  200  210  216  218  217  214  210  206  204  204  205  206  208
  211  220  237  262  290  317  337  347  350
    42.5-180.0 180.0   5.0 450.0                            LAT/LON1/LON2/DLON/H
  369  365  361  356  350  341  330  318  308  301  298  295  291  285  279  276
  279  286  294  300  303  304  307  311  315  315  305  284  254  220  189  168
  160  162  168  172  173  169  165  160  155  148  140  134  130  131  136  145
  157  172  188  202  213  220  222  221  218  214  211  210  210  209  206  203
  203  211  230  259  295  328  353  366  369
    40.0-180.0 180.0   5.0 450.0                            LAT/LON1/LON2/DLON/H
  385  381  376  373  369  362  351  338  326  317  312  309  304  297  289  285
  287  296  307  315  319  320  320  320  320  315  304  283  256  224  195  174
  167  170  178  184  184  179  172  165  158  151  145  141  140  141  145  150
  159  171  187  201  213  221  224  224  221  219  217  218  218  216  211  205
  202  209  230  265  306  345  372  384  385
    37.5-180.0 180.0   5.0 450.0                            LAT/LON1/LON2/DLON/H
  402  395  390  389  389  385  376  363  349  338  330  325  319  311  302  295
  296  304  315  324  329  328  326  322  317  309  296  278  255  230  204  185
  178  183  193  200  200  192  182  172  164  157  153  151  153  154  154  154
  158  168  182  197  210  219  224  225  225  224  225  228  229  228  221  213
  209  217  241  280  326  367  394  404  402
    35.0-180.0 180.0   5.0 450.0                            LAT/LON1/LON2/DLON/H
  419  409  404  406  409  409  403  390  375  361  351  344  337  328  317  308
  306  310  319  327  330  329  325  318  308  296  282  269  254  237  218  202
  196  201  212  220  219  209  195  183  173  166  163  163  165  165  160  154
  153  159  173  188  203  214  222  226  228  231  235  240  243  243  236  228
  225  234  262  305  354  397  422  427  419
    32.5-180.0 180.0   5.0 450.0                            LAT/LON1/LON2/DLON/H
  438  424  419  423  431  434  431  419  403  385  371  361  354  345  333  322
  315  315  319  323  324  322  317  308  295  279  266  258  254  247  236  222
  216  221  233  241  238  226  209  195  184  176  173  174  174  171  161  148
  142  146  160  177  193  207  218  226  232  238  244  252  258  259  254  248
  247  260  291  337  389  432  453  452  438
    30.0-180.0 180.0   5.0 450.0                            LAT/LON1/LON2/DLON/H
  461  443  437  442  452  459  457  447  429  408  390  377  368  360  349  335
  324  317  315  313  311  308  303  295  280  263  249  247  253  258  254  243
  236  240  251  259  254  238  220  205  194  186  181  180  178  169  153  135
  126  129  144  162  181  198  213  226  236  244  253  263  270  274  272  269
  272  288  322  371  425  468  486  480  461
    27.5-180.0 180.0   5.0 450.0                            LAT/LON1/LON2/DLON/H
  485  464  457  463  473  481  481  472  453  428  405  388  379  372  362  348
  332  318  308  300  294  290  287  281  267  248  235  237  253  268  271  262
  252  253  262  268  261  243  224  210  200  192  186  181  174  160  137  115
  105  110  127  147  168  188  208  225  239  249  260  270  279  284  286  287
  294  313  349  400  457  501  519  509  485
    25.0-180.0 180.0   5.0 450.0                            LAT/LON1/LON2/DLON/H
  508  486  479  484  494  501  501  492  472  444  416  395  385  380  372  357
  338  318  301  287  277  272  272  269  258  239  225  230  252  275  283  273
  259  256  263  266  255  236  218  207  201  194  186  177  164  144  116   92
   83   91  111  134  156  179  203  224  240  252  263  273  282  289  294  299
  310  330  367  419  479  527  546  535  508
    22.5-180.0 180.0   5.0 450.0                            LAT/LON1/LON2/DLON/H
  529  506  499  504  512  517  516  507  486  456  424  400  388  384  378  364
  342  319  296  277  262  256  258  260  253  235  220  224  249  276  285  273
  255  248  250  250  237  216  201  196  196  191  182  168  150  124   94   70
   64   76   99  123  146  171  198  222  240  252  262  272  281  288  295  304
  317  337  372  425  488  541  564  555  529
    20.0-180.0 180.0   5.0 450.0                            LAT/LON1/LON2/DLON/H
  542  522  516  521  527  528  525  516  496  465  430  402  389  385  380  366
  344  319  294  271  253  245  249  255  252  235  218  219  242  269  277  262
  239  227  226  222  206  186  175  178  184  184  174  157  134  105   74   52
   50   67   92  116  138  164  193  219  238  250  259  268  275  282  292  304
  317  335  365  417  484  544  573  567  542
    17.5-180.0 180.0   5.0 450.0                            LAT/LON1/LON2/DLON/H
  547  530  528  535  538  536  530  520  501  470  434  405  390  385  380  366
  344  320  295  271  250  239  243  253  253  237  217  213  231  254  259  240
  214  198  194  187  169  149  144  155  170  174  164  145  121   91   61   43
   45   66   91  112  133  158  188  215  233  245  254  262  269  276  286  301
  314  326  351  400  470  537  572  570  547
    15.0-180.0 180.0   5.0 450.0                            LAT/LON1/LON2/DLON/H
  544  530  533  543  546  539  529  518  501  472  437  407  391  384  377  362
  342  320  298  275  252  238  240  251  254  239  216  205  216  233  233  211
  182  165  159  150  131  113  113  132  154  162  154  135  112   84   57   43
   49   70   93  111  129  154  184  210  228  239  249  258  264  271  283  299
  310  318  335  380  452  524  564  564  544
    12.5-180.0 180.0   5.0 450.0                            LAT/LON1/LON2/DLON/H
  534  524  532  546  549  538  524  511  495  470  438  410  393  383  373  356
  337  318  301  280  257  239  237  247  251  237  211  194  197  207  204  180
  151  133  128  119  100   83   88  113  140  151  144  127  107   84   62   51
   59   79   98  112  126  150  179  204  221  234  246  257  263  270  284  301
  312  314  324  364  436  511  554  554  534
    10.0-180.0 180.0   5.0 450.0                            LAT/LON1/LON2/DLON/H
  521  514  528  547  549  534  514  498  483  462  436  411  394  382  368  348
  329  314  302  285  261  240  233  239  244  231  204  181  176  180  174  151
  124  110  105   97   79   64   72  100  129  140  134  120  105   89   72   65
   73   89  103  111  123  146  174  198  215  229  245  259  266  274  290  311
  322  319  322  357  428  503  544  542  521
     7.5-180.0 180.0   5.0 450.0                            LAT/LON1/LON2/DLON/H
  509  504  523  546  548  528  502  481  466  449  428  409  393  380  361  339
  319  307  299  286  263  238  225  228  231  219  192  165  155  154  148  128
  106   96   95   88   71   58   66   94  121  130  124  114  105   96   85   80
   86   97  104  109  119  142  170  193  209  226  246  263  273  282  301  325
  338  333  331  361  429  502  540  533  509
     5.0-180.0 180.0   5.0 450.0                            LAT/LON1/LON2/DLON/H
  503  498  521  545  546  521  488  462  445  431  416  402  390  376  355  329
  307  296  292  282  260  233  216  213  215  203  177  149  136  133  128  113
   98   93   94   89   74   62   70   94  116  120  113  106  104  101   96   92
   95  100  102  103  114  138  167  189  205  225  249  269  280  290  313  342
  359  354  348  374  438  508  541  529  503
     2.5-180.0 180.0   5.0 450.0                            LAT/LON1/LON2/DLON/H
  502  498  522  546  545  514  475  443  422  409  399  391  382  369  347  319
  295  284  280  273  253  225  204  198  197  186  161  134  120  117  114  106
   98   98  102   98   83   73   78   97  111  110  100   96   99  103  102   99
   98   98   96   96  108  135  164  186  202  224  252  274  285  296  322  357
  378  375  368  392  452  517  546  530  502
