IONEX/emrg1680.22i
     1.0            IONOSPHERE MAPS     GNSS                IONEX VERSION / TYPE
Run_GlbDaily        NRCan/CGS           19-Jun-22 09:31     PGM / RUN BY / DATE
NRCAN'S GLOBAL IONOSPHERE MAPS FOR DAY 168, 2022            COMMENT
Global ionosphere maps (GIM) are generated on a daily basis DESCRIPTION
Contact:     Reza.Ghoddousi-Fard@canada.ca                  DESCRIPTION
  2022     6    17     0     0     0                        EPOCH OF FIRST MAP
  2022     6    18     0     0     0                        EPOCH OF LAST MAP
  3600                                                      INTERVAL
    25                                                      # OF MAPS IN FILE
  MOD                                                       MAPPING FUNCTION
    10.0                                                    ELEVATION CUTOFF
One-way carrier phase leveled to code                       OBSERVABLES USED
   165                                                      # OF STATIONS
    50                                                      # OF SATELLITES
  6371.0                                                    BASE RADIUS
     2                                                      MAP DIMENSION
   450.0 450.0   0.0                                        HGT1 / HGT2 / DHGT
    87.5 -87.5  -2.5                                        LAT1 / LAT2 / DLAT
  -180.0 180.0   5.0                                        LON1 / LON2 / DLON
    -1                                                      EXPONENT
TEC/RMS values in 0.1 TECU; 9999, if no value available     COMMENT
DCB values in ns; zero-mean condition wrt satellite values  COMMENT
                                                            END OF HEADER
[from data line 10296]
    25                                                      START OF TEC MAP
  2022     6    18     0     0     0                        EPOCH OF CURRENT MAP
    87.5-180.0 180.0   5.0 450.0                            LAT/LON1/LON2/DLON/H
  165  165  165  164  164  164  164  163  163  163  162  162  161  161  160  160
  160  159  159  158  158  158  157  157  157  156  156  156  156  156  156  155
  155  156  156  156  156  156  156  157  157  157  158  158  159  159  160  160
  161  161  161  162  162  163  163  163  164  164  164  165  165  165  165  165
  166  166  166  166  166  166  165  165  165
    85.0-180.0 180.0   5.0 450.0                            LAT/LON1/LON2/DLON/H
  171  171  171  170  170  169  169  168  167  167  166  165  165  164  163  163
  162  161  160  160  159  158  157  157  156  156  155  155  154  154  154  154
  154  154  154  154  155  155  156  156  157  158  159  160  160  161  162  163
  164  165  166  167  167  168  169  169  170  170  171  171  172  172  172  172
  172  172  173  172  172  172  172  172  171
    82.5-180.0 180.0   5.0 450.0                            LAT/LON1/LON2/DLON/H
  177  176  176  175  174  174  173  172  172  171  170  170  169  168  167  166
  166  165  164  163  162  161  160  159  158  157  157  156  155  155  155  154
  154  154  154  155  155  156  157  157  159  160  161  162  164  165  167  168
  169  171  172  173  174  175  175  176  177  177  178  178  178  179  179  179
  179  179  179  179  179  178  178  177  177
    80.0-180.0 180.0   5.0 450.0                            LAT/LON1/LON2/DLON/H
  180  179  178  177  177  176  175  175  174  174  173  173  172  172  171  171
  170  169  168  167  166  165  164  163  162  161  160  159  158  157  157  156
  156  156  156  156  156  157  157  159  160  161  163  165  167  169  171  173
  175  177  178  179  180  181  182  182  183  183  183  184  184  184  184  184
  184  184  184  183  183  182  181  181  180
    77.5-180.0 180.0   5.0 450.0                            LAT/LON1/LON2/DLON/H
  180  179  178  177  176  176  175  175  175  175  175  175  175  175  175  174
  174  174  173  172  171  170  169  167  166  165  164  163  162  161  160  159
  158  158  157  156  156  156  157  158  159  161  163  166  168  171  174  176
  179  181  183  184  185  186  187  187  188  188  188  188  188  188  188  188
  188  187  187  186  185  184  182  181  180
    75.0-180.0 180.0   5.0 450.0                            LAT/LON1/LON2/DLON/H
  178  176  175  174  174  174  174  174  174  174  175  175  176  176  177  178
  178  178  178  177  176  174  173  172  170  169  168  167  165  164  163  162
  160  158  157  155  154  154  154  154  155  157  160  163  166  169  173  176
  179  182  184  186  188  189  189  190  190  190  191  191  191  191  191  191
  190  189  188  186  185  183  181  179  178
    72.5-180.0 180.0   5.0 450.0                            LAT/LON1/LON2/DLON/H
  174  172  171  171  171  171  172  172  173  174  174  175  176  178  179  180
  181  182  182  181  180  179  177  175  174  172  171  170  169  168  166  164
  161  158  155  153  150  149  148  148  148  150  153  156  160  164  168  172
  176  179  182  185  187  189  190  190  191  192  192  193  193  194  194  193
  192  191  189  186  184  181  178  176  174
    70.0-180.0 180.0   5.0 450.0                            LAT/LON1/LON2/DLON/H
  171  169  168  168  169  169  170  172  173  174  175  176  177  179  180  182
  184  185  186  185  184  182  180  178  176  175  174  173  172  170  168  165
  161  157  153  149  145  142  140  140  140  141  144  147  151  155  160  165
  169  173  177  181  184  186  188  189  191  192  194  195  197  197  198  197
  196  194  191  187  184  180  176  173  171
    67.5-180.0 180.0   5.0 450.0                            LAT/LON1/LON2/DLON/H
  170  169  168  168  168  170  171  173  174  175  176  177  178  180  182  185
  187  189  189  189  187  185  183  180  179  177  177  176  175  173  170  166
  161  156  150  145  140  136  134  133  132  133  136  138  142  146  150  155
  160  165  170  175  178  182  184  187  190  193  196  199  202  204  204  204
  202  199  195  191  186  181  177  173  170
    65.0-180.0 180.0   5.0 450.0                            LAT/LON1/LON2/DLON/H
  174  171  170  170  171  172  174  176  178  179  179  180  181  182  184  187
  190  192  193  193  191  188  185  183  181  180  180  179  178  176  172  167
  161  155  148  143  137  133  130  129  128  129  130  132  134  137  141  146
  151  157  162  168  173  177  181  185  189  194  199  205  209  212  214  214
  212  209  204  198  193  187  182  177  174
    62.5-180.0 180.0   5.0 450.0                            LAT/LON1/LON2/DLON/H
  182  178  176  175  175  177  178  180  182  183  184  184  184  185  187  190
  193  196  197  197  195  191  188  186  184  184  184  183  182  179  174  169
  162  155  149  143  138  134  132  130  128  128  128  128  129  131  134  138
  144  150  156  162  168  173  178  183  189  196  204  211  218  223  226  227
  225  221  215  209  203  197  191  186  182
    60.0-180.0 180.0   5.0 450.0                            LAT/LON1/LON2/DLON/H
  193  189  186  183  182  182  183  185  187  188  188  188  187  188  189  193
  197  200  202  201  198  195  192  190  189  189  189  188  186  183  177  171
  164  157  151  146  142  140  137  135  133  131  129  128  127  128  130  133
  138  145  152  159  165  171  176  182  190  198  208  218  227  234  238  239
  237  234  229  222  216  210  204  198  193
    57.5-180.0 180.0   5.0 450.0                            LAT/LON1/LON2/DLON/H
  207  202  197  193  189  188  188  189  191  192  193  192  191  191  192  195
  200  203  205  205  202  199  196  195  195  195  195  194  192  187  181  173
  166  159  155  152  150  148  147  144  141  137  133  130  127  126  127  131
  136  143  151  159  165  170  176  182  190  200  211  223  234  242  247  249
  248  245  241  236  230  225  219  213  207
    55.0-180.0 180.0   5.0 450.0                            LAT/LON1/LON2/DLON/H
  223  217  210  204  198  194  192  192  194  196  197  197  196  195  195  198
  202  206  209  208  206  203  201  201  201  202  202  201  197  191  184  176
  168  162  159  158  158  158  157  153  148  142  136  131  127  125  126  130
  137  145  154  162  168  173  177  182  190  200  212  225  237  246  252  254
  254  253  250  248  244  240  235  229  223
    52.5-180.0 180.0   5.0 450.0                            LAT/LON1/LON2/DLON/H
  239  232  224  216  209  202  198  197  198  200  202  202  201  199  198  200
  204  208  211  211  209  207  206  207  209  210  210  207  202  195  187  178
  170  165  163  165  167  168  165  160  153  144  136  130  126  124  126  131
  139  149  160  168  174  178  180  184  190  200  211  224  235  244  249  252
  254  255  256  257  256  254  250  245  239
    50.0-180.0 180.0   5.0 450.0                            LAT/LON1/LON2/DLON/H
  255  248  241  232  223  214  208  204  203  205  207  208  207  203  201  202
  205  210  214  214  213  212  212  215  217  218  216  212  206  198  189  179
  171  167  167  170  173  174  171  163  153  143  133  127  123  123  126  133
  144  156  168  177  183  185  186  188  192  200  209  220  229  236  241  244
  248  252  258  264  267  267  265  260  255
    47.5-180.0 180.0   5.0 450.0                            LAT/LON1/LON2/DLON/H
  271  266  260  252  243  232  223  215  211  212  214  215  213  209  204  203
  206  212  216  217  217  216  219  222  226  226  222  216  209  201  191  181
  173  168  169  174  178  179  173  163  150  138  129  123  121  123  128  137
  150  164  178  188  194  195  195  196  198  203  209  216  222  227  230  233
  239  248  260  271  279  282  280  276  271
    45.0-180.0 180.0   5.0 450.0                            LAT/LON1/LON2/DLON/H
  290  286  282  277  269  258  245  232  224  221  222  223  221  215  208  205
  207  213  218  221  221  222  225  230  234  233  227  220  212  204  195  184
  175  170  171  177  182  181  173  160  145  133  125  121  122  126  133  144
  158  174  188  200  206  207  207  207  208  210  213  215  217  219  220  223
  231  245  264  282  294  299  298  294  290
    42.5-180.0 180.0   5.0 450.0                            LAT/LON1/LON2/DLON/H
  313  311  309  307  301  290  274  256  241  233  231  232  229  221  212  207
  209  216  222  226  226  228  233  239  242  240  233  224  216  209  201  190
  179  174  175  182  186  184  173  158  142  131  126  125  128  134  142  153
  167  183  198  210  217  219  221  222  224  224  222  220  218  216  216  219
  229  248  274  298  316  322  321  317  313
    40.0-180.0 180.0   5.0 450.0                            LAT/LON1/LON2/DLON/H
  340  340  341  342  339  329  311  286  263  247  242  241  238  229  217  210
  212  219  228  232  233  235  240  247  251  248  239  230  223  217  210  198
  187  180  182  189  193  189  175  158  143  135  133  136  142  148  154  163
  175  190  205  217  224  229  234  240  243  243  238  231  226  222  220  223
  236  259  292  323  345  353  350  344  340
    37.5-180.0 180.0   5.0 450.0                            LAT/LON1/LON2/DLON/H
  373  373  377  381  381  373  351  320  288  265  254  251  247  237  224  215
  217  226  236  241  242  243  249  257  261  258  248  239  233  229  223  211
  198  191  193  200  203  196  180  162  149  145  148  154  160  165  168  173
  182  194  207  218  226  234  244  256  264  264  257  248  240  236  234  238
  251  279  317  355  381  389  385  377  373
    35.0-180.0 180.0   5.0 450.0                            LAT/LON1/LON2/DLON/H
  410  411  415  421  424  417  394  356  316  284  269  264  259  248  233  223
  225  235  247  253  253  253  259  267  273  270  261  251  246  244  239  226
  212  204  206  214  216  206  187  169  159  159  167  175  180  181  180  180
  183  191  201  211  220  231  248  267  281  285  277  266  259  256  256  259
  273  304  347  391  420  429  423  415  410
    32.5-180.0 180.0   5.0 450.0                            LAT/LON1/LON2/DLON/H
  449  450  455  461  465  458  434  393  345  307  287  280  274  262  246  236
  237  249  262  268  267  265  269  278  285  284  276  267  263  262  257  243
  227  218  220  228  228  216  195  177  170  175  185  194  196  192  185  178
  176  179  186  194  204  219  242  270  291  298  292  282  276  277  279  283
  296  328  376  425  457  466  461  453  449
    30.0-180.0 180.0   5.0 450.0                            LAT/LON1/LON2/DLON/H
  487  489  493  498  501  496  471  428  376  334  311  302  296  283  266  254
  256  268  281  286  282  277  279  288  298  300  293  285  281  280  274  259
  241  230  232  239  237  222  199  182  178  187  198  205  202  193  179  167
  159  158  163  169  179  196  225  261  290  302  297  289  288  293  299  302
  314  346  397  450  486  497  493  487  487
    27.5-180.0 180.0   5.0 450.0                            LAT/LON1/LON2/DLON/H
  520  525  528  530  531  526  503  460  408  365  341  332  324  310  292  280
  281  292  304  307  299  290  289  298  310  314  310  302  297  295  287  270
  250  238  238  243  240  223  198  182  180  190  201  203  195  179  160  143
  132  129  132  137  146  166  199  242  277  293  290  285  289  301  309  312
  320  351  404  461  500  514  514  514  520
    25.0-180.0 180.0   5.0 450.0                            LAT/LON1/LON2/DLON/H
  545  555  558  556  555  548  527  487  439  400  378  369  360  345  326  313
  311  320  329  328  317  304  298  306  319  326  323  315  308  303  294  275
  253  238  236  239  234  215  191  175  175  185  192  188  173  153  130  111
   98   94   96  102  111  131  168  214  254  272  272  269  279  296  307  308
  313  341  396  456  499  517  523  532  545
    22.5-180.0 180.0   5.0 450.0                            LAT/LON1/LON2/DLON/H
  561  578  581  576  571  563  544  509  469  437  419  411  402  386  366  351
  346  350  354  350  335  316  306  310  323  333  331  321  311  303  293  273
  249  231  226  226  219  200  177  162  162  170  172  162  141  117   94   75
   63   59   62   69   79   99  136  183  224  244  245  246  260  282  294  292
  292  318  373  437  483  506  519  537  561
    20.0-180.0 180.0   5.0 450.0                            LAT/LON1/LON2/DLON/H
  568  591  596  589  579  569  552  525  495  473  462  456  445  428  408  392
  383  380  378  369  351  327  312  312  323  333  331  318  305  295  283  264
  239  218  209  206  198  180  159  147  147  151  147  130  106   81   59   42
   31   29   33   42   54   74  109  155  195  215  217  221  238  263  275  268
  264  287  342  408  457  484  504  533  568
    17.5-180.0 180.0   5.0 450.0                            LAT/LON1/LON2/DLON/H
  566  596  603  593  580  568  552  532  514  505  502  497  486  468  448  431
  417  407  399  385  363  336  315  310  319  327  323  307  290  278  267  250
  226  202  188  182  174  160  143  133  132  131  122  100   74   51   34   20
   11    9   15   26   40   61   93  135  172  191  194  200  220  245  255  244
  235  255  311  378  429  459  485  523  566
    15.0-180.0 180.0   5.0 450.0                            LAT/LON1/LON2/DLON/H
  558  592  601  591  575  560  544  531  525  527  532  530  518  500  482  465
  447  429  414  396  372  343  317  307  311  316  309  289  269  256  248  234
  212  187  169  159  153  142  131  124  121  117  103   80   55   36   23   13
    5    2    8   22   39   60   90  126  159  177  182  191  212  236  242  226
  214  233  289  357  408  438  467  509  558
    12.5-180.0 180.0   5.0 450.0                            LAT/LON1/LON2/DLON/H
  547  582  591  581  564  546  531  523  526  539  551  550  537  520  505  489
  469  445  422  402  378  347  319  303  302  302  291  268  245  232  228  220
  201  176  155  143  137  132  126  121  118  111   94   71   50   38   31   24
   14    8   13   28   49   71   98  129  157  175  184  196  218  239  241  222
  208  226  282  349  399  428  456  498  547
    10.0-180.0 180.0   5.0 450.0                            LAT/LON1/LON2/DLON/H
  534  566  576  567  549  530  514  508  519  540  556  555  541  526  515  503
  481  452  425  402  379  350  320  301  294  289  274  247  222  211  211  210
  196  172  149  135  130  129  128  125  121  112   95   75   60   55   54   49
   36   24   25   41   65   90  114  140  165  183  197  215  238  257  255  234
  219  239  294  359  406  431  454  491  534
     7.5-180.0 180.0   5.0 450.0                            LAT/LON1/LON2/DLON/H
  521  547  555  548  533  513  496  492  506  531  548  546  532  519  513  505
  484  452  422  399  378  351  322  300  289  279  259  230  204  194  199  204
  196  175  151  136  131  133  134  133  127  116  102   87   81   83   87   82
   65   46   41   55   82  109  132  154  176  197  218  241  267  284  280  260
  247  268  322  384  426  446  461  488  521
     5.0-180.0 180.0   5.0 450.0                            LAT/LON1/LON2/DLON/H
  509  526  532  528  516  498  480  476  491  516  532  528  512  502  501  498
  479  447  415  392  374  351  324  302  288  273  250  218  192  183  191  202
  200  183  160  143  138  139  141  139  132  121  109  102  103  113  121  116
   94   67   55   67   94  124  146  165  186  211  239  270  298  315  312  294
  286  308  360  417  454  467  474  488  509
     2.5-180.0 180.0   5.0 450.0                            LAT/LON1/LON2/DLON/H
  495  503  507  507  499  485  468  464  478  500  512  504  488  480  483  485
  469  438  407  385  368  349  325  304  288  271  245  213  186  178  187  200
  203  191  170  153  145  145  145  141  131  121  113  112  120  136  147  142
  116   83   64   72   99  130  152  169  189  218  253  291  324  342  341  329
  326  350  398  450  481  488  486  487  495
