IONEX/emrg1680.22i
     1.0            IONOSPHERE MAPS     GNSS                IONEX VERSION / TYPE
Run_GlbDaily        NRCan/CGS           19-Jun-22 09:31     PGM / RUN BY / DATE
NRCAN'S GLOBAL IONOSPHERE MAPS FOR DAY 168, 2022            COMMENT
Global ionosphere maps (GIM) are generated on a daily basis DESCRIPTION
Contact:     Reza.Ghoddousi-Fard@canada.ca                  DESCRIPTION
  2022     6    17     0     0     0                        EPOCH OF FIRST MAP
  2022     6    18     0     0     0                        EPOCH OF LAST MAP
  3600                                                      INTERVAL
    25                                                      # OF MAPS IN FILE
  MOD                                                       MAPPING FUNCTION
    10.0                                                    ELEVATION CUTOFF
One-way carrier phase leveled to code                       OBSERVABLES USED
   165                                                      # OF STATIONS
    50                                                      # OF SATELLITES
  6371.0                                                    BASE RADIUS
     2                                                      MAP DIMENSION
   450.0 450.0   0.0                                        HGT1 / HGT2 / DHGT
    87.5 -87.5  -2.5                                        LAT1 / LAT2 / DLAT
  -180.0 180.0   5.0                                        LON1 / LON2 / DLON
    -1                                                      EXPONENT
TEC/RMS values in 0.1 TECU; 9999, if no value available     COMMENT
DCB values in ns; zero-mean condition wrt satellite values  COMMENT
                                                            END OF HEADER
[from data line 4290]
    11                                                      START OF TEC MAP
  2022     6    17    10     0     0                        EPOCH OF CURRENT MAP
    87.5-180.0 180.0   5.0 450.0                            LAT/LON1/LON2/DLON/H
  148  148  149  149  149  150  150  151  151  152  152  153  153  154  154  155
  155  156  156  156  156  156  156  156  156  156  156  156  156  156  155  155
  155  155  155  154  154  154  154  154  154  154  154  154  154  154  153  153
  153  153  153  153  153  152  152  152  151  151  151  150  150  149  149  149
  148  148  148  148  148  148  148  148  148
    85.0-180.0 180.0   5.0 450.0                            LAT/LON1/LON2/DLON/H
  144  144  145  145  146  147  149  150  151  152  154  155  156  157  158  159
  160  161  162  162  162  162  162  162  162  161  161  160  159  159  158  158
  157  157  156  156  156  156  156  156  157  157  157  158  158  158  159  159
  159  159  159  159  159  158  158  157  156  155  154  153  152  151  149  148
  147  146  145  144  144  143  143  143  144
    82.5-180.0 180.0   5.0 450.0                            LAT/LON1/LON2/DLON/H
  140  141  141  143  144  145  147  149  150  152  154  156  158  159  161  163
  164  165  166  167  167  167  166  166  165  164  163  162  161  160  159  159
  158  158  158  158  158  158  159  160  161  162  163  164  166  167  168  169
  170  170  170  170  170  170  169  168  166  164  162  160  157  155  152  150
  148  145  144  142  141  140  140  140  140
    80.0-180.0 180.0   5.0 450.0                            LAT/LON1/LON2/DLON/H
  138  139  140  141  143  144  146  147  149  151  153  155  157  159  161  163
  164  166  167  168  168  168  168  167  166  165  163  162  161  160  159  159
  159  159  159  160  161  162  164  166  168  170  172  174  176  178  180  181
  182  183  184  184  184  183  182  180  178  175  172  169  165  161  157  154
  150  146  143  141  139  138  138  138  138
    77.5-180.0 180.0   5.0 450.0                            LAT/LON1/LON2/DLON/H
  138  140  141  143  144  145  146  147  148  148  150  151  153  155  157  159
  161  163  164  165  165  165  165  164  163  162  161  160  159  159  159  159
  160  161  162  164  166  169  171  174  177  179  182  185  187  189  191  193
  195  196  196  196  196  195  194  192  189  186  182  178  173  168  163  158
  153  148  144  141  139  138  137  138  138
    75.0-180.0 180.0   5.0 450.0                            LAT/LON1/LON2/DLON/H
  141  143  145  146  148  148  148  147  146  146  145  146  147  148  150  153
  155  157  158  159  160  159  159  158  158  157  157  157  158  158  159  161
  163  165  167  170  173  176  180  183  186  189  192  195  197  199  201  203
  204  204  204  204  203  202  201  199  196  193  189  185  179  174  168  162
  156  151  146  142  140  139  139  140  141
    72.5-180.0 180.0   5.0 450.0                            LAT/LON1/LON2/DLON/H
  145  147  150  151  152  152  150  148  145  143  141  140  140  141  143  146
  148  150  152  152  153  152  152  152  152  153  154  155  157  159  162  165
  168  171  174  178  181  185  189  192  195  197  199  202  203  205  206  207
  208  208  207  206  205  203  202  200  198  195  192  188  183  177  171  165
  159  153  148  145  142  141  141  142  145
    70.0-180.0 180.0   5.0 450.0                            LAT/LON1/LON2/DLON/H
  147  150  153  155  156  155  152  148  144  140  136  134  134  135  137  140
  143  145  146  146  146  146  146  146  147  149  152  155  159  163  167  171
  174  178  182  186  189  193  196  198  200  202  203  204  205  206  207  207
  207  206  204  203  201  199  198  196  195  193  191  188  184  179  174  168
  163  157  152  148  145  144  144  145  147
    67.5-180.0 180.0   5.0 450.0                            LAT/LON1/LON2/DLON/H
  148  151  154  156  156  155  152  147  142  137  133  130  130  131  134  137
  139  141  142  142  141  140  140  141  144  147  152  157  163  168  173  178
  182  185  189  192  195  198  200  202  202  202  202  201  202  202  203  203
  203  201  199  197  194  192  191  191  191  190  189  188  185  182  178  173
  168  163  159  154  150  148  146  146  148
    65.0-180.0 180.0   5.0 450.0                            LAT/LON1/LON2/DLON/H
  147  148  150  152  153  152  149  144  138  133  129  127  127  129  132  135
  138  139  140  139  138  137  137  139  142  147  153  160  168  174  180  185
  189  192  194  197  199  201  202  202  201  199  197  196  195  196  198  199
  199  198  195  192  189  187  187  187  189  190  190  189  188  186  183  181
  177  173  169  164  158  154  150  147  147
    62.5-180.0 180.0   5.0 450.0                            LAT/LON1/LON2/DLON/H
  145  144  144  145  146  145  143  138  134  129  126  124  125  127  131  134
  137  138  137  136  135  134  134  136  141  147  154  163  171  179  186  191
  194  196  197  199  200  201  202  201  198  195  191  189  190  192  195  198
  199  198  195  192  189  188  188  190  192  194  196  196  195  194  193  191
  189  187  183  177  170  163  155  149  145
    60.0-180.0 180.0   5.0 450.0                            LAT/LON1/LON2/DLON/H
  146  140  138  137  138  137  135  132  128  125  122  122  123  125  128  132
  134  135  134  132  131  130  131  134  139  146  154  163  172  181  188  194
  197  198  198  199  200  201  201  200  197  193  188  186  188  192  197  203
  205  205  202  198  196  195  196  200  203  206  207  207  206  205  205  204
  204  203  200  195  186  176  165  154  146
    57.5-180.0 180.0   5.0 450.0                            LAT/LON1/LON2/DLON/H
  151  141  136  133  133  132  130  127  123  121  119  119  120  122  124  126
  128  129  128  127  126  126  127  131  136  142  151  160  170  180  188  195
  198  199  199  199  199  201  202  202  199  195  191  189  192  198  206  213
  217  217  214  210  208  208  211  215  220  222  223  222  221  219  218  219
  220  220  218  213  205  193  178  163  151
    55.0-180.0 180.0   5.0 450.0                            LAT/LON1/LON2/DLON/H
  162  149  141  136  134  132  129  125  122  119  117  117  116  117  117  118
  119  119  119  119  119  120  123  127  132  138  146  155  165  176  186  195
  200  201  201  200  201  203  207  208  207  203  200  199  203  211  221  229
  233  232  228  224  222  224  228  234  238  241  241  238  235  232  231  231
  233  235  234  231  223  211  196  178  162
    52.5-180.0 180.0   5.0 450.0                            LAT/LON1/LON2/DLON/H
  180  165  155  148  144  140  135  129  124  121  118  116  114  111  109  108
  108  109  109  110  112  115  119  124  129  135  141  149  160  172  184  195
  202  205  205  204  205  209  214  218  219  218  215  215  219  229  239  246
  248  245  240  235  235  238  243  249  254  256  255  252  247  243  240  240
  242  244  246  244  239  229  215  197  180
    50.0-180.0 180.0   5.0 450.0                            LAT/LON1/LON2/DLON/H
  200  185  175  168  163  156  148  139  131  126  122  118  113  107  102   99
   98   99  101  103  107  112  118  124  129  135  140  147  157  170  185  198
  208  212  213  211  212  217  224  231  235  236  234  235  240  248  257  262
  260  253  245  241  241  246  252  258  261  263  262  259  254  250  246  245
  246  248  250  251  249  243  232  217  200
    47.5-180.0 180.0   5.0 450.0                            LAT/LON1/LON2/DLON/H
  219  206  197  192  186  178  166  153  142  135  130  124  116  107   99   94
   93   94   96  100  105  112  120  128  135  140  145  151  160  173  189  205
  217  223  224  222  222  227  235  245  252  255  255  256  260  267  272  272
  265  254  243  239  241  247  254  258  260  261  260  259  256  252  248  246
  245  246  247  249  251  249  243  232  219
    45.0-180.0 180.0   5.0 450.0                            LAT/LON1/LON2/DLON/H
  230  220  215  212  209  199  184  168  155  146  141  134  124  112  102   95
   93   94   96  101  108  117  128  137  145  151  156  162  170  182  198  215
  228  236  238  236  234  237  246  257  267  272  273  275  278  282  283  277
  264  248  236  233  237  245  250  251  251  251  252  254  254  252  249  246
  243  242  241  242  245  247  246  240  230
    42.5-180.0 180.0   5.0 450.0                            LAT/LON1/LON2/DLON/H
  230  224  222  225  224  216  200  181  167  159  154  148  137  123  111  103
  100  100  102  107  115  126  138  150  160  168  174  180  187  198  211  227
  241  251  253  250  247  248  256  267  278  285  288  289  291  293  290  279
  261  241  228  227  235  243  246  243  239  238  242  248  252  253  251  248
  244  239  233  231  233  237  239  237  230
    40.0-180.0 180.0   5.0 450.0                            LAT/LON1/LON2/DLON/H
  217  214  216  224  229  224  208  190  176  170  168  164  153  138  125  116
  113  111  112  115  123  135  150  164  176  186  195  203  209  216  226  240
  253  264  267  265  260  259  265  275  286  295  298  300  301  301  295  281
  259  238  227  229  241  250  250  241  231  229  235  245  253  257  257  255
  250  241  230  221  218  221  224  223  217
    37.5-180.0 180.0   5.0 450.0                            LAT/LON1/LON2/DLON/H
  196  192  197  210  221  221  208  192  182  180  182  180  170  155  141  132
  127  124  122  123  131  144  160  175  189  202  215  225  232  236  242  251
  263  274  280  278  273  270  273  282  293  301  306  307  308  308  303  288
  267  246  238  246  261  271  267  251  236  231  238  251  261  266  267  267
  263  251  233  216  206  204  205  202  196
    35.0-180.0 180.0   5.0 450.0                            LAT/LON1/LON2/DLON/H
  170  164  170  186  203  208  201  190  184  188  195  195  186  171  156  147
  141  134  128  127  134  148  165  181  195  211  228  243  252  254  255  260
  270  282  290  291  286  281  282  289  299  307  312  314  316  318  316  305
  286  270  266  279  299  309  300  277  256  248  255  267  276  280  282  284
  282  269  245  219  200  191  187  180  170
    32.5-180.0 180.0   5.0 450.0                            LAT/LON1/LON2/DLON/H
  149  139  143  160  180  190  189  184  186  195  206  208  198  181  166  156
  148  139  129  126  132  147  164  179  193  211  233  254  266  268  266  266
  274  287  298  302  298  294  293  298  307  316  321  323  327  333  337  332
  320  309  311  328  351  361  348  319  292  281  286  295  298  297  298  302
  303  290  262  228  201  185  175  164  149
    30.0-180.0 180.0   5.0 450.0                            LAT/LON1/LON2/DLON/H
  138  123  123  138  158  172  177  179  187  202  215  216  203  185  169  158
  148  136  123  118  124  140  157  169  181  200  227  255  273  277  273  271
  277  291  305  311  310  306  305  310  319  328  333  336  343  354  365  369
  365  360  366  387  412  421  405  372  341  327  328  330  325  315  311  316
  321  311  282  242  208  187  173  157  138
    27.5-180.0 180.0   5.0 450.0                            LAT/LON1/LON2/DLON/H
  141  122  116  127  144  159  168  177  191  209  222  220  203  180  163  151
  140  126  110  104  112  129  145  155  164  182  213  249  274  282  278  274
  280  295  311  320  322  319  319  325  335  344  349  353  362  378  397  411
  415  415  425  447  471  480  462  428  396  380  375  368  351  330  320  325
  333  326  298  257  220  196  181  163  141
    25.0-180.0 180.0   5.0 450.0                            LAT/LON1/LON2/DLON/H
  158  136  126  129  141  153  165  178  197  217  227  220  197  170  150  137
  126  110   94   87   97  116  132  139  144  160  195  237  269  283  282  279
  285  301  317  328  331  331  333  341  353  364  370  373  383  404  430  452
  463  467  477  498  521  528  510  477  447  430  421  404  374  341  322  324
  334  332  307  269  233  211  196  180  158
    22.5-180.0 180.0   5.0 450.0                            LAT/LON1/LON2/DLON/H
  183  162  147  143  146  154  165  182  203  223  229  216  186  155  132  120
  109   93   77   71   82  104  120  124  125  140  176  223  262  282  284  284
  292  308  325  336  340  341  346  357  372  385  391  395  405  428  459  487
  502  508  516  534  553  559  542  513  487  473  460  434  391  346  319  316
  326  326  307  275  245  226  215  202  183
    20.0-180.0 180.0   5.0 450.0                            LAT/LON1/LON2/DLON/H
  210  192  175  163  158  159  168  186  208  226  228  209  174  139  114  102
   92   78   62   58   71   94  111  114  112  125  161  211  255  279  286  290
  301  318  334  343  347  349  357  372  390  405  412  416  425  448  482  511
  528  533  538  551  566  570  556  532  513  502  487  455  403  349  313  305
  311  313  299  275  252  239  232  224  210
    17.5-180.0 180.0   5.0 450.0                            LAT/LON1/LON2/DLON/H
  229  216  201  184  170  165  170  187  208  223  222  200  163  125  100   87
   79   67   53   49   64   88  107  109  106  117  152  202  247  273  285  294
  309  328  343  351  353  356  366  384  406  423  431  433  441  463  495  524
  539  542  544  553  563  565  553  535  523  517  503  467  411  352  310  294
  295  296  287  272  258  248  243  238  229
    15.0-180.0 180.0   5.0 450.0                            LAT/LON1/LON2/DLON/H
  236  229  217  199  179  167  169  183  201  214  211  189  153  116   90   78
   72   62   49   46   60   85  104  108  104  114  148  196  239  265  279  294
  314  336  352  358  359  362  373  393  417  436  444  447  454  474  502  527
  538  538  538  545  552  550  539  526  521  521  509  474  417  358  313  290
  283  280  276  270  263  255  247  241  236
    12.5-180.0 180.0   5.0 450.0                            LAT/LON1/LON2/DLON/H
  228  227  221  204  183  167  164  174  188  198  196  177  146  111   87   75
   70   63   51   47   59   83  102  107  105  115  146  190  228  252  268  288
  315  343  361  366  366  368  379  400  425  444  452  455  462  480  504  523
  530  529  529  535  540  535  521  511  512  516  508  476  424  368  324  295
  279  272  271  273  271  260  245  233  228
    10.0-180.0 180.0   5.0 450.0                            LAT/LON1/LON2/DLON/H
  209  212  213  202  182  165  159  163  172  178  178  165  141  112   88   77
   74   68   57   51   60   80   97  103  104  116  145  183  215  234  251  276
  311  345  367  374  373  375  385  405  428  445  454  458  466  483  503  517
  520  519  523  531  534  525  507  496  499  507  503  476  431  383  341  308
  285  273  274  283  283  268  240  217  209
     7.5-180.0 180.0   5.0 450.0                            LAT/LON1/LON2/DLON/H
  185  190  199  196  181  166  156  154  156  158  159  153  138  114   93   82
   79   74   64   56   59   74   89   95   99  112  141  174  199  213  229  259
  301  343  371  380  380  381  390  406  425  440  449  455  467  485  503  512
  512  513  523  536  539  524  500  485  487  497  496  473  437  397  360  326
  297  281  285  299  301  278  237  200  185
     5.0-180.0 180.0   5.0 450.0                            LAT/LON1/LON2/DLON/H
  163  169  185  191  185  173  161  152  144  140  141  142  135  117   99   88
   84   80   70   59   57   65   76   81   87  104  133  162  181  190  205  239
  289  338  371  384  385  386  392  404  418  429  437  447  463  485  502  508
  507  512  530  550  553  532  499  477  477  486  486  468  438  407  376  343
  311  293  300  318  321  292  237  186  163
     2.5-180.0 180.0   5.0 450.0                            LAT/LON1/LON2/DLON/H
  150  156  177  193  196  189  176  159  140  129  128  132  130  118  101   91
   87   83   73   60   53   55   59   63   71   91  121  149  163  168  183  220
  276  330  367  383  386  386  390  397  405  412  420  433  455  481  500  505
  505  514  539  566  571  543  500  470  465  473  473  456  431  407  382  352
  320  303  311  333  339  306  242  181  150
