IONEX/igrg1680.22i
     1.0            IONOSPHERE MAPS     MIX                 IONEX VERSION / TYPE
tecrms2ionex_2.awk  GRL/UWM            06/18/22 2206UT      PGM / RUN BY / DATE
Global ionosphere maps for day 168, 2022 (17- 6-2022)       DESCRIPTION
IONEX file containing the COMBINED IGS Ionosphere maps      DESCRIPTION
from the combination of the following IAACs:                DESCRIPTION
esrg                                                        DESCRIPTION
jprg                                                        DESCRIPTION
Contact address: Andrzej Krankowski                         DESCRIPTION
                 Geodynamics Research Laboratory            DESCRIPTION
                 University of Warmia and Mazury (GRL/UWM)  DESCRIPTION
                 Oczapowski St. 1                           DESCRIPTION
                 10-957-Olsztyn, POLAND                     DESCRIPTION
                 e-mail:  kand@uwm.edu.pl                   DESCRIPTION
                                                            DESCRIPTION
  2022     6    17     0     0     0                        EPOCH OF FIRST MAP
  2022     6    18     0     0     0                        EPOCH OF LAST MAP
  7200                                                      INTERVAL
    13                                                      # OF MAPS IN FILE
  COSZ                                                      MAPPING FUNCTION
     0.0                                                    ELEVATION CUTOFF
Combined TEC calculated as weighted mean of input TEC valuesOBSERVABLES USED
   300                                                      # OF STATIONS
    32                                                      # OF SATELLITES
  6371.0                                                    BASE RADIUS
     2                                                      MAP DIMENSION
   450.0 450.0   0.0                                        HGT1 / HGT2 / DHGT
    87.5 -87.5  -2.5                                        LAT1 / LAT2 / DLAT
  -180.0 180.0   5.0                                        LON1 / LON2 / DLON
    -1                                                      EXPONENT
TEC values in  0.1 TECUs; 9999 if no value available        COMMENT
DCB values in nanoseconds, reference is Sum_of_SatDCBs = 0  COMMENT
                                                            END OF HEADER
[from data line 2145]
     6                                                      START OF TEC MAP
  2022     6    17    10     0     0                        EPOCH OF CURRENT MAP
    87.5-180.0 180.0   5.0 450.0                            LAT/LON1/LON2/DLON/H
  177  177  177  178  178  178  179  179  180  179  179  180  180  181  181  181
  181  182  182  182  183  183  183  183  184  184  184  184  184  184  184  184
  185  185  185  185  185  185  184  184  184  184  184  184  183  183  183  182
  181  181  181  180  180  180  180  179  178  178  178  178  177  177  177  177
  177  176  176  176  177  177  177  176  177
    85.0-180.0 180.0   5.0 450.0                            LAT/LON1/LON2/DLON/H
  173  174  174  174  175  176  177  176  177  178  178  179  179  179  179  180
  180  180  181  181  181  182  182  182  183  183  184  184  185  185  186  186
  186  187  187  187  188  187  187  187  187  186  187  186  186  185  185  184
  183  182  182  181  180  180  179  178  177  177  176  176  175  174  174  173
  173  173  173  173  173  172  173  173  173
    82.5-180.0 180.0   5.0 450.0                            LAT/LON1/LON2/DLON/H
  170  170  171  171  172  173  174  174  175  175  175  176  175  176  176  176
  176  176  176  177  177  178  178  179  180  180  181  182  183  184  184  185
  186  187  188  188  189  190  189  190  190  190  190  189  189  188  188  187
  187  186  185  184  183  182  182  181  180  179  178  177  176  175  174  173
  173  172  171  170  170  170  170  170  170
    80.0-180.0 180.0   5.0 450.0                            LAT/LON1/LON2/DLON/H
  167  167  167  168  168  169  170  171  172  171  172  172  172  171  171  170
  170  169  169  169  170  170  171  172  173  174  175  177  178  180  181  183
  184  185  187  188  189  190  191  191  192  192  192  193  192  192  192  192
  192  191  191  190  190  189  188  187  186  186  184  183  182  181  179  177
  176  175  173  172  170  169  168  168  167
    77.5-180.0 180.0   5.0 450.0                            LAT/LON1/LON2/DLON/H
  165  164  164  164  165  166  167  167  168  168  168  168  167  166  165  163
  162  161  160  160  160  161  162  164  165  166  168  170  172  174  176  178
  181  183  184  187  189  191  192  193  194  195  195  196  196  196  196  197
  197  198  198  198  199  198  199  199  198  197  196  195  194  191  189  187
  185  182  179  176  173  170  168  166  165
    75.0-180.0 180.0   5.0 450.0                            LAT/LON1/LON2/DLON/H
  164  161  159  159  160  161  162  163  164  165  165  164  163  160  158  156
  154  152  152  151  151  152  153  155  156  158  161  163  165  168  170  174
  177  180  182  185  188  190  192  194  196  197  198  199  200  201  202  203
  204  205  206  208  209  210  211  211  212  211  211  209  208  206  203  200
  197  193  188  184  179  175  170  167  164
    72.5-180.0 180.0   5.0 450.0                            LAT/LON1/LON2/DLON/H
  162  158  156  154  154  156  158  159  161  162  162  161  159  156  153  150
  147  145  144  143  143  144  145  147  149  151  154  156  159  163  166  169
  173  177  181  184  188  190  193  195  197  199  200  201  203  205  206  208
  209  212  214  216  218  220  222  222  223  224  223  223  221  219  216  213
  210  205  200  194  187  180  174  167  162
    70.0-180.0 180.0   5.0 450.0                            LAT/LON1/LON2/DLON/H
  162  156  151  149  148  150  151  154  157  159  159  158  156  153  150  147
  143  141  139  138  138  138  139  141  143  146  149  152  155  159  162  166
  170  175  180  185  188  192  194  197  199  200  202  204  205  207  209  211
  214  216  219  221  223  225  227  228  230  230  230  230  230  228  226  224
  220  215  209  203  195  187  179  170  162
    67.5-180.0 180.0   5.0 450.0                            LAT/LON1/LON2/DLON/H
  163  154  147  143  142  142  145  147  151  153  154  154  153  150  148  145
  142  140  138  137  136  135  136  137  139  142  145  149  153  157  160  165
  170  174  180  185  189  193  196  199  200  202  203  205  207  209  211  214
  216  218  220  222  223  225  226  227  228  229  229  230  230  230  229  228
  226  222  217  210  203  193  184  173  163
    65.0-180.0 180.0   5.0 450.0                            LAT/LON1/LON2/DLON/H
  166  156  146  140  136  135  136  139  142  144  147  147  148  147  146  144
  143  141  139  137  136  135  134  135  137  140  144  148  153  157  161  165
  170  176  182  187  191  196  198  200  202  203  205  206  208  211  213  215
  216  217  218  218  218  218  218  218  218  219  220  221  223  224  226  225
  225  222  219  215  209  200  190  178  166
    62.5-180.0 180.0   5.0 450.0                            LAT/LON1/LON2/DLON/H
  173  160  149  140  133  129  128  128  130  133  136  138  140  141  143  143
  143  142  141  139  137  136  135  134  135  138  143  148  153  158  162  167
  172  178  183  189  194  198  201  203  204  206  207  209  210  213  214  215
  216  215  214  212  210  208  206  206  205  205  207  209  212  215  217  218
  219  219  218  216  212  206  197  185  173
    60.0-180.0 180.0   5.0 450.0                            LAT/LON1/LON2/DLON/H
  183  170  156  143  134  127  122  119  119  120  121  125  128  132  135  138
  140  141  141  139  138  136  134  134  134  138  143  149  155  161  165  170
  175  180  186  191  196  200  203  206  208  209  211  213  214  216  217  217
  216  214  211  207  203  199  196  194  193  193  195  198  202  205  208  211
  212  214  216  216  215  212  205  195  183
    57.5-180.0 180.0   5.0 450.0                            LAT/LON1/LON2/DLON/H
  196  183  168  154  141  129  121  114  110  108  108  110  114  119  125  130
  134  137  138  139  137  135  133  133  134  138  144  151  158  164  169  173
  178  183  188  194  199  203  207  210  212  214  216  218  220  221  222  221
  219  216  212  206  201  195  191  189  187  187  190  192  196  200  204  207
  208  211  214  217  219  218  215  207  196
    55.0-180.0 180.0   5.0 450.0                            LAT/LON1/LON2/DLON/H
  210  198  183  168  153  139  126  115  106  100   97   98  101  106  113  118
  124  129  133  134  134  133  133  133  135  140  147  155  162  168  172  177
  181  186  191  196  202  207  211  215  219  221  223  225  227  228  229  228
  225  222  217  212  206  200  195  193  191  192  193  196  200  204  207  208
  210  212  215  218  222  225  223  219  210
    52.5-180.0 180.0   5.0 450.0                            LAT/LON1/LON2/DLON/H
  222  211  198  184  168  153  138  124  111  101   94   92   93   97  102  107
  113  119  124  128  130  131  131  134  138  145  152  161  168  174  178  182
  186  191  196  201  206  211  217  223  227  230  233  235  237  239  239  238
  235  231  228  224  218  213  209  205  204  204  206  208  211  214  217  217
  218  217  219  222  226  229  230  227  222
    50.0-180.0 180.0   5.0 450.0                            LAT/LON1/LON2/DLON/H
  226  218  208  196  183  170  156  140  125  111  101   96   94   95   96   99
  105  110  116  122  126  128  132  136  143  151  161  170  177  182  185  188
  191  196  201  205  211  217  225  232  237  241  244  247  249  251  252  250
  247  245  243  240  236  232  227  223  221  221  222  224  227  230  231  231
  230  227  226  226  228  231  232  231  226
    47.5-180.0 180.0   5.0 450.0                            LAT/LON1/LON2/DLON/H
  223  217  211  203  194  184  173  159  143  128  117  110  105  102  100   99
  101  105  110  116  122  127  133  141  150  161  171  181  188  191  193  196
  199  203  208  213  219  225  233  241  248  253  257  261  264  266  267  265
  263  261  260  259  256  251  246  242  239  237  238  239  242  245  247  246
  244  239  234  231  230  229  229  227  223
    45.0-180.0 180.0   5.0 450.0                            LAT/LON1/LON2/DLON/H
  213  207  204  201  197  193  187  176  163  149  139  132  125  119  112  108
  104  105  108  114  120  128  137  148  159  172  184  193  199  203  204  206
  209  213  218  223  228  236  245  254  262  268  272  277  281  284  284  283
  281  278  278  277  274  268  263  257  252  250  249  249  253  257  261  261
  257  250  243  236  231  227  223  218  213
    42.5-180.0 180.0   5.0 450.0                            LAT/LON1/LON2/DLON/H
  200  195  192  191  193  194  193  188  179  170  162  156  150  141  131  121
  114  110  111  115  122  132  143  156  170  185  198  207  212  214  216  218
  221  226  231  236  241  248  257  267  276  283  289  295  300  304  304  303
  300  297  295  293  288  282  275  267  262  257  254  254  258  265  270  271
  268  261  252  241  232  224  216  208  200
    40.0-180.0 180.0   5.0 450.0                            LAT/LON1/LON2/DLON/H
  189  182  179  180  184  189  193  192  189  184  181  178  173  164  151  138
  126  119  116  118  125  135  149  164  181  198  211  220  225  227  228  231
  236  242  247  252  256  262  272  281  292  300  308  315  321  325  327  324
  320  316  312  308  302  295  287  279  272  265  260  260  265  272  278  281
  278  270  259  247  235  224  212  199  189
    37.5-180.0 180.0   5.0 450.0                            LAT/LON1/LON2/DLON/H
  184  174  169  169  175  182  188  191  192  192  193  194  191  182  169  154
  139  127  121  122  128  140  155  172  191  209  223  232  236  238  240  245
  252  260  265  269  273  279  286  297  308  318  328  337  344  349  351  349
  344  337  332  326  320  313  305  297  290  282  276  273  276  283  289  291
  288  279  267  253  239  225  211  198  184
    35.0-180.0 180.0   5.0 450.0                            LAT/LON1/LON2/DLON/H
  187  174  167  165  169  176  183  189  192  195  198  201  199  192  179  164
  148  134  126  125  130  142  159  178  199  218  232  240  245  247  251  259
  269  279  284  288  290  294  302  312  324  337  349  361  369  374  376  374
  369  363  357  351  347  341  336  330  324  316  308  301  300  302  304  304
  298  287  274  258  243  229  215  201  187
    32.5-180.0 180.0   5.0 450.0                            LAT/LON1/LON2/DLON/H
  196  181  171  167  169  175  182  187  190  193  198  202  201  194  182  167
  151  137  128  126  130  143  161  183  204  223  237  245  249  254  261  272
  285  297  303  305  306  310  316  326  340  356  370  383  393  398  399  399
  397  393  389  387  386  385  384  383  380  373  361  349  340  334  329  321
  311  297  280  263  247  232  220  208  196
    30.0-180.0 180.0   5.0 450.0                            LAT/LON1/LON2/DLON/H
  205  192  180  174  174  179  186  190  191  192  195  198  197  190  179  165
  150  136  126  124  129  142  161  185  207  225  238  246  252  259  270  284
  300  312  318  320  321  323  328  340  355  372  389  403  413  417  420  422
  424  426  429  433  438  443  448  451  451  446  432  413  394  376  360  343
  326  307  287  267  250  234  224  216  205
    27.5-180.0 180.0   5.0 450.0                            LAT/LON1/LON2/DLON/H
  212  200  189  182  182  188  195  199  197  194  193  193  190  182  171  158
  145  133  124  121  126  139  160  185  207  224  237  245  253  262  275  292
  310  324  331  332  333  335  341  353  369  387  403  417  426  431  435  442
  451  461  473  485  496  506  516  523  526  522  506  480  452  423  395  369
  342  317  293  269  250  233  224  219  212
    25.0-180.0 180.0   5.0 450.0                            LAT/LON1/LON2/DLON/H
  213  204  195  189  190  197  206  209  205  199  194  190  184  174  163  151
  139  129  121  117  122  136  157  182  204  221  233  242  251  263  279  299
  317  333  340  343  345  348  354  366  382  399  414  424  431  437  444  457
  474  493  513  532  548  562  574  583  588  586  569  539  503  467  430  394
  360  328  298  272  248  230  221  218  213
    22.5-180.0 180.0   5.0 450.0                            LAT/LON1/LON2/DLON/H
  210  204  196  192  194  203  213  218  214  205  197  190  181  168  156  145
  135  125  117  114  118  131  152  177  199  216  228  238  249  264  282  303
  323  338  348  354  358  363  371  383  396  409  419  426  431  438  449  468
  491  517  544  566  585  599  610  618  624  621  606  577  540  500  458  416
  376  338  305  275  248  228  217  213  210
    20.0-180.0 180.0   5.0 450.0                            LAT/LON1/LON2/DLON/H
  206  201  194  190  193  202  214  222  220  211  201  191  180  166  151  141
  132  124  116  113  115  126  146  169  191  209  221  232  246  265  286  307
  328  344  356  365  373  382  391  403  413  419  423  425  429  438  454  475
  502  531  558  581  597  608  614  619  622  621  610  585  553  517  477  433
  389  348  312  280  251  228  214  209  206
    17.5-180.0 180.0   5.0 450.0                            LAT/LON1/LON2/DLON/H
  206  199  192  187  188  196  208  218  219  213  204  194  181  164  149  138
  131  123  116  112  113  121  138  158  181  199  214  227  244  266  290  312
  333  351  367  380  393  405  416  426  431  430  428  428  431  441  459  482
  507  532  555  574  586  591  592  591  591  592  585  569  546  518  484  442
  397  355  320  289  259  234  218  210  206
    15.0-180.0 180.0   5.0 450.0                            LAT/LON1/LON2/DLON/H
  213  204  194  187  185  189  197  208  213  211  204  195  182  164  148  138
  131  124  117  111  111  115  128  147  169  189  206  223  243  269  294  319
  341  362  380  397  414  429  442  450  450  444  439  437  442  453  470  489
  507  525  541  554  559  559  554  548  546  547  546  537  524  506  480  443
  399  360  327  299  272  248  231  221  213
    12.5-180.0 180.0   5.0 450.0                            LAT/LON1/LON2/DLON/H
  230  219  205  194  186  184  188  196  204  205  200  193  181  165  149  138
  131  124  117  111  108  110  118  135  157  180  200  220  244  271  299  326
  351  374  395  415  434  451  464  470  468  461  456  456  462  472  485  497
  507  516  524  529  529  524  514  505  501  503  505  502  496  486  468  435
  395  359  331  309  287  267  251  240  230
    10.0-180.0 180.0   5.0 450.0                            LAT/LON1/LON2/DLON/H
  253  240  224  210  196  185  182  187  195  197  194  188  179  165  148  137
  130  123  117  111  106  104  109  124  147  172  196  219  245  275  305  334
  362  386  408  429  449  466  478  484  482  478  478  482  487  494  502  507
  508  509  510  511  506  497  485  476  472  474  476  474  471  465  449  421
  385  354  332  316  302  287  274  264  253
     7.5-180.0 180.0   5.0 450.0                            LAT/LON1/LON2/DLON/H
  276  263  247  231  214  197  186  185  189  190  186  181  175  163  147  134
  127  121  114  109  103   99  101  116  138  166  194  220  246  277  310  341
  370  394  416  436  455  470  481  487  489  492  498  504  509  513  515  515
  511  508  507  505  498  487  474  466  464  464  464  459  453  444  429  401
  369  343  327  318  312  303  294  285  276
     5.0-180.0 180.0   5.0 450.0                            LAT/LON1/LON2/DLON/H
  292  282  269  253  234  215  199  191  189  185  178  173  168  158  144  130
  123  116  112  106  100   94   96  109  132  163  193  220  248  278  311  344
  373  397  416  433  449  462  471  479  486  496  507  516  520  520  520  518
  515  513  514  511  502  489  478  473  471  470  465  455  441  427  407  380
  349  327  316  314  313  311  305  300  292
     2.5-180.0 180.0   5.0 450.0                            LAT/LON1/LON2/DLON/H
  296  289  280  269  253  233  214  202  193  183  172  166  161  152  138  125
  117  112  108  103   96   91   92  104  128  159  191  220  247  277  309  341
  369  392  408  420  433  443  453  461  472  487  501  509  511  511  512  512
  514  518  522  521  511  498  490  488  488  485  473  456  434  411  387  357
  327  307  300  301  306  308  305  300  296
