IONEX/igrg1680.22i
     1.0            IONOSPHERE MAPS     MIX                 IONEX VERSION / TYPE
tecrms2ionex_2.awk  GRL/UWM            06/18/22 2206UT      PGM / RUN BY / DATE
Global ionosphere maps for day 168, 2022 (17- 6-2022)       DESCRIPTION
IONEX file containing the COMBINED IGS Ionosphere maps      DESCRIPTION
from the combination of the following IAACs:                DESCRIPTION
esrg                                                        DESCRIPTION
jprg                                                        DESCRIPTION
Contact address: Andrzej Krankowski                         DESCRIPTION
                 Geodynamics Research Laboratory            DESCRIPTION
                 University of Warmia and Mazury (GRL/UWM)  DESCRIPTION
                 Oczapowski St. 1                           DESCRIPTION
                 10-957-Olsztyn, POLAND                     DESCRIPTION
                 e-mail:  kand@uwm.edu.pl                   DESCRIPTION
                                                            DESCRIPTION
  2022     6    17     0     0     0                        EPOCH OF FIRST MAP
  2022     6    18     0     0     0                        EPOCH OF LAST MAP
  7200                                                      INTERVAL
    13                                                      # OF MAPS IN FILE
  COSZ                                                      MAPPING FUNCTION
     0.0                                                    ELEVATION CUTOFF
Combined TEC calculated as weighted mean of input TEC valuesOBSERVABLES USED
   300                                                      # OF STATIONS
    32                                                      # OF SATELLITES
  6371.0                                                    BASE RADIUS
     2                                                      MAP DIMENSION
   450.0 450.0   0.0                                        HGT1 / HGT2 / DHGT
    87.5 -87.5  -2.5                                        LAT1 / LAT2 / DLAT
  -180.0 180.0   5.0                                        LON1 / LON2 / DLON
    -1                                                      EXPONENT
TEC values in  0.1 TECUs; 9999 if no value available        COMMENT
DCB values in nanoseconds, reference is Sum_of_SatDCBs = 0  COMMENT
                                                            END OF HEADER
[from data line 858]
     3                                                      START OF TEC MAP
  2022     6    17     4     0     0                        EPOCH OF CURRENT MAP
    87.5-180.0 180.0   5.0 450.0                            LAT/LON1/LON2/DLON/H
  168  168  168  168  168  168  169  169  168  168  168  168  168  168  168  168
  168  167  167  167  167  166  166  165  165  164  164  164  164  163  162  162
  162  161  160  160  160  160  160  160  160  159  159  159  159  159  159  159
  160  160  160  160  161  161  161  162  162  162  163  163  164  164  165  165
  166  166  166  167  167  168  168  168  168
    85.0-180.0 180.0   5.0 450.0                            LAT/LON1/LON2/DLON/H
  172  172  172  172  172  172  171  171  171  171  171  171  171  171  171  171
  170  170  170  169  169  168  167  166  165  164  163  162  160  159  158  158
  156  155  155  154  153  153  152  152  152  152  152  152  152  153  153  153
  154  155  156  157  157  158  159  160  161  162  163  164  165  166  166  167
  168  169  170  170  171  172  172  172  172
    82.5-180.0 180.0   5.0 450.0                            LAT/LON1/LON2/DLON/H
  177  177  176  175  174  174  173  172  171  171  171  171  171  171  172  172
  172  172  171  171  170  169  167  166  164  162  160  158  155  153  152  150
  149  148  147  146  145  145  145  145  144  144  144  145  145  146  147  148
  149  150  151  153  154  156  157  159  160  162  163  165  167  169  170  171
  173  174  175  176  177  177  178  177  177
    80.0-180.0 180.0   5.0 450.0                            LAT/LON1/LON2/DLON/H
  183  182  180  178  176  174  172  170  169  168  168  168  169  170  171  172
  173  174  174  173  171  169  167  164  161  158  154  151  148  146  143  141
  140  139  138  138  137  137  137  137  137  137  138  139  139  140  142  143
  145  147  149  151  153  155  157  160  162  164  167  169  171  173  176  178
  179  181  183  184  185  185  185  185  183
    77.5-180.0 180.0   5.0 450.0                            LAT/LON1/LON2/DLON/H
  191  188  185  181  177  174  170  167  165  164  164  165  166  168  170  172
  173  175  175  174  172  170  166  162  157  152  148  143  139  136  134  132
  131  130  131  132  131  132  132  133  133  134  134  135  136  138  139  142
  144  147  149  152  155  157  160  163  166  169  172  174  177  180  182  185
  188  190  192  193  194  195  194  193  191
    75.0-180.0 180.0   5.0 450.0                            LAT/LON1/LON2/DLON/H
  200  196  191  185  180  174  169  165  162  160  160  160  162  165  168  171
  173  175  175  175  172  169  164  158  152  145  140  134  130  126  124  123
  123  124  126  127  128  130  131  132  133  134  135  135  137  138  141  144
  146  150  153  157  160  163  166  169  172  175  178  181  184  187  190  193
  196  198  201  203  204  205  204  203  200
    72.5-180.0 180.0   5.0 450.0                            LAT/LON1/LON2/DLON/H
  210  205  199  193  185  177  170  164  160  157  155  156  157  160  163  166
  170  172  173  173  170  167  161  154  147  139  132  126  121  117  116  116
  117  120  123  126  129  131  133  135  136  137  139  140  142  144  147  150
  153  157  160  164  168  170  174  176  179  182  185  187  190  193  196  199
  202  205  208  210  213  214  214  213  210
    70.0-180.0 180.0   5.0 450.0                            LAT/LON1/LON2/DLON/H
  220  216  210  202  194  185  176  168  161  156  153  152  152  154  156  159
  163  166  168  168  166  161  155  147  140  132  125  119  114  112  111  112
  115  118  122  126  131  135  138  140  142  144  146  149  150  153  156  159
  162  166  169  173  176  179  181  184  186  188  190  192  195  197  200  203
  206  210  214  217  220  222  223  222  220
    67.5-180.0 180.0   5.0 450.0                            LAT/LON1/LON2/DLON/H
  230  228  222  215  207  197  186  177  167  159  153  149  147  146  148  150
  153  156  158  158  156  152  146  139  132  125  119  113  110  108  109  110
  114  118  124  129  134  140  143  147  150  153  155  158  161  164  166  170
  172  175  179  182  185  187  188  189  190  191  193  194  196  199  201  204
  208  211  215  219  223  227  230  231  230
    65.0-180.0 180.0   5.0 450.0                            LAT/LON1/LON2/DLON/H
  238  238  235  229  221  212  201  190  178  167  159  151  146  142  140  140
  142  144  145  145  143  139  134  128  122  117  112  109  107  106  108  110
  114  119  126  132  139  145  150  154  158  161  165  168  171  174  177  179
  182  184  187  189  190  192  192  192  192  192  192  193  195  197  199  202
  205  209  214  219  224  229  234  237  238
    62.5-180.0 180.0   5.0 450.0                            LAT/LON1/LON2/DLON/H
  243  245  244  242  236  228  217  205  194  181  170  159  149  142  137  134
  133  133  132  131  129  125  121  117  114  110  107  106  106  106  108  111
  115  120  127  135  143  150  156  161  165  169  173  177  180  182  185  187
  189  191  193  194  195  195  195  194  192  191  190  190  191  193  195  198
  201  206  211  216  222  228  234  239  243
    60.0-180.0 180.0   5.0 450.0                            LAT/LON1/LON2/DLON/H
  242  247  249  249  246  240  232  222  211  199  187  173  160  149  140  133
  128  124  122  119  116  113  111  109  107  106  105  105  106  106  109  111
  115  121  128  136  145  153  160  166  170  174  178  182  185  188  190  192
  194  195  197  197  197  197  196  193  191  189  188  187  188  189  191  194
  197  201  206  212  218  224  231  237  242
    57.5-180.0 180.0   5.0 450.0                            LAT/LON1/LON2/DLON/H
  237  243  247  250  250  248  243  237  228  218  206  193  178  163  150  139
  130  123  117  113  110  107  106  106  106  106  107  107  108  108  110  111
  115  120  128  137  147  155  163  169  173  178  181  185  188  192  194  196
  198  199  200  200  201  199  197  194  191  189  187  186  186  187  189  191
  194  197  201  206  212  218  224  231  237
    55.0-180.0 180.0   5.0 450.0                            LAT/LON1/LON2/DLON/H
  229  236  241  245  248  248  248  246  242  236  227  214  199  183  168  153
  140  130  122  116  112  110  110  111  113  113  113  113  113  112  111  113
  115  120  127  136  146  156  164  170  175  178  181  186  189  194  197  200
  202  204  205  205  204  203  201  198  195  191  189  188  188  189  190  191
  193  195  198  202  207  212  217  223  229
    52.5-180.0 180.0   5.0 450.0                            LAT/LON1/LON2/DLON/H
  223  229  233  238  241  244  247  250  251  250  244  235  221  205  188  172
  158  145  135  129  125  123  124  126  128  128  126  124  120  118  116  115
  117  120  126  135  144  155  163  170  175  179  182  187  192  197  202  205
  208  211  212  213  212  210  208  204  201  198  196  194  193  193  194  194
  194  195  197  200  203  207  211  217  223
    50.0-180.0 180.0   5.0 450.0                            LAT/LON1/LON2/DLON/H
  220  224  228  231  234  238  243  249  255  258  258  252  241  226  210  193
  178  164  154  148  144  143  145  146  148  146  143  137  131  126  123  121
  121  123  127  133  142  152  162  170  175  179  183  189  196  202  209  214
  218  221  223  224  223  221  218  215  211  208  205  202  201  199  200  199
  199  198  198  199  202  205  209  214  220
    47.5-180.0 180.0   5.0 450.0                            LAT/LON1/LON2/DLON/H
  222  226  227  228  229  233  240  248  257  263  266  263  255  243  229  213
  198  186  176  170  166  166  169  170  171  167  162  154  145  138  133  129
  128  127  129  133  140  151  161  170  176  181  187  193  202  211  219  225
  230  235  237  238  237  234  232  228  223  219  215  211  209  208  207  206
  205  204  203  203  205  208  212  217  222
    45.0-180.0 180.0   5.0 450.0                            LAT/LON1/LON2/DLON/H
  231  233  233  231  231  234  241  249  258  266  271  271  265  256  243  230
  217  206  197  191  188  189  191  194  192  188  180  170  160  152  145  140
  137  134  133  135  140  149  160  171  178  185  192  201  211  221  230  238
  245  250  253  254  253  250  246  242  237  231  226  220  217  215  213  213
  213  212  211  211  212  215  220  225  231
    42.5-180.0 180.0   5.0 450.0                            LAT/LON1/LON2/DLON/H
  244  245  243  240  239  241  247  254  262  270  275  276  272  264  253  243
  232  223  215  208  205  206  209  211  210  205  196  186  176  166  159  153
  148  144  140  139  143  151  162  173  182  190  199  209  221  232  244  253
  260  266  270  270  269  265  262  257  251  243  236  229  223  220  220  220
  222  223  224  224  226  229  234  239  244
    40.0-180.0 180.0   5.0 450.0                            LAT/LON1/LON2/DLON/H
  261  261  257  254  253  255  259  264  269  275  280  281  278  270  261  252
  242  235  227  221  217  219  222  224  223  218  210  200  190  180  173  166
  159  153  148  146  148  155  165  176  186  196  206  219  232  244  256  266
  275  282  285  285  283  280  276  271  264  255  245  236  230  226  226  228
  233  238  242  243  245  249  253  258  261
    37.5-180.0 180.0   5.0 450.0                            LAT/LON1/LON2/DLON/H
  282  280  275  271  270  272  275  277  279  283  285  286  283  275  266  256
  249  242  235  229  226  228  231  234  234  229  222  213  203  193  185  177
  170  163  157  154  155  160  170  180  191  202  215  228  242  254  267  277
  286  294  298  298  295  292  289  284  277  267  256  245  237  233  235  240
  248  256  263  268  272  275  278  281  282
    35.0-180.0 180.0   5.0 450.0                            LAT/LON1/LON2/DLON/H
  306  301  295  292  291  294  295  294  293  293  293  292  288  279  269  259
  251  245  239  234  233  235  238  242  242  240  233  225  214  204  195  186
  178  171  166  163  162  166  175  185  196  209  222  236  250  263  274  285
  295  303  306  305  302  300  299  296  291  281  269  257  247  244  247  255
  266  279  289  297  302  305  308  308  306
    32.5-180.0 180.0   5.0 450.0                            LAT/LON1/LON2/DLON/H
  334  326  319  316  316  319  318  314  308  303  301  299  293  284  272  259
  250  244  240  238  239  243  247  251  253  251  245  236  225  212  201  191
  182  176  171  169  168  171  179  189  202  215  229  242  255  266  278  288
  299  306  309  307  305  305  307  309  306  299  287  273  262  259  265  276
  290  305  319  329  336  340  341  339  334
    30.0-180.0 180.0   5.0 450.0                            LAT/LON1/LON2/DLON/H
  366  357  349  345  345  347  345  337  326  317  311  307  299  288  274  259
  248  243  240  242  246  252  258  262  264  263  257  246  232  217  202  190
  181  175  172  171  171  173  180  192  205  219  232  245  257  267  278  288
  297  303  306  304  304  308  315  321  324  320  310  294  282  281  290  304
  319  335  350  363  372  377  377  374  366
    27.5-180.0 180.0   5.0 450.0                            LAT/LON1/LON2/DLON/H
  402  393  385  380  379  379  375  363  347  333  323  315  306  293  276  259
  248  241  241  247  256  264  269  274  276  274  266  252  236  217  199  184
  173  167  167  168  169  171  178  190  205  218  231  243  254  264  273  283
  291  297  299  299  302  309  321  333  342  343  335  318  305  306  318  335
  350  366  382  396  407  413  414  410  402
    25.0-180.0 180.0   5.0 450.0                            LAT/LON1/LON2/DLON/H
  441  433  427  421  417  414  407  390  370  351  335  324  313  299  280  262
  250  244  245  253  265  275  281  284  284  280  269  252  233  211  189  171
  157  151  154  160  163  165  172  185  199  212  225  237  248  258  267  276
  283  289  292  294  300  312  329  346  359  364  359  343  332  334  349  367
  382  397  412  427  439  447  451  448  441
    22.5-180.0 180.0   5.0 450.0                            LAT/LON1/LON2/DLON/H
  479  476  472  466  459  451  439  418  393  369  348  333  321  306  288  269
  257  251  253  261  274  284  289  290  287  277  262  243  220  197  173  152
  136  130  137  147  151  154  161  173  187  199  212  226  238  250  261  270
  278  284  288  293  303  319  338  358  374  382  379  366  357  363  380  398
  411  423  438  452  466  476  482  482  479
    20.0-180.0 180.0   5.0 450.0                            LAT/LON1/LON2/DLON/H
  512  516  517  511  500  487  468  443  415  386  361  342  328  312  295  278
  266  262  262  269  280  290  293  289  279  264  244  222  200  175  150  128
  112  107  117  131  138  140  146  157  169  182  196  212  228  242  255  266
  276  284  291  299  312  329  349  368  383  393  393  385  380  388  406  423
  435  445  457  471  485  497  505  509  512
    17.5-180.0 180.0   5.0 450.0                            LAT/LON1/LON2/DLON/H
  534  546  552  548  536  516  492  463  432  400  371  349  333  317  300  286
  277  272  270  274  281  289  289  280  263  241  217  194  172  150  127  105
   90   86   99  115  123  124  128  136  148  161  177  198  219  237  253  267
  279  290  301  312  326  344  361  378  391  400  403  400  400  410  427  442
  452  459  468  481  495  508  518  525  534
    15.0-180.0 180.0   5.0 450.0                            LAT/LON1/LON2/DLON/H
  543  561  575  575  562  539  510  477  443  409  378  353  335  319  303  291
  284  280  275  274  277  282  278  263  239  212  184  162  143  124  104   86
   72   72   85  100  108  108  110  116  127  141  160  185  212  234  254  271
  287  301  315  328  344  361  376  388  398  407  413  415  418  428  443  455
  463  467  473  483  496  509  519  528  543
    12.5-180.0 180.0   5.0 450.0                            LAT/LON1/LON2/DLON/H
  536  560  580  585  574  551  521  486  450  414  380  353  332  315  300  289
  285  281  274  269  268  269  261  241  212  180  151  131  116  102   87   73
   64   64   76   90   95   95   94   99  108  123  146  176  207  234  256  276
  295  313  329  346  363  379  392  400  408  417  424  430  436  444  455  464
  470  472  474  481  492  504  512  520  536
    10.0-180.0 180.0   5.0 450.0                            LAT/LON1/LON2/DLON/H
  521  546  570  580  574  555  525  490  453  416  380  351  326  308  293  282
  278  273  266  258  253  249  237  215  183  151  124  106   95   87   77   68
   62   65   74   83   87   85   84   86   94  110  135  169  204  233  257  279
  300  320  340  359  379  396  408  415  421  431  442  448  453  458  464  470
  473  474  474  478  487  496  501  506  521
     7.5-180.0 180.0   5.0 450.0                            LAT/LON1/LON2/DLON/H
  505  528  552  565  565  551  526  492  455  416  380  347  321  299  283  272
  265  260  252  243  235  226  211  188  158  128  103   89   83   78   73   68
   66   69   75   81   82   80   78   79   86  101  127  163  201  231  256  278
  300  323  345  368  391  411  424  430  438  451  463  469  470  470  472  474
  476  476  475  477  483  489  491  493  505
     5.0-180.0 180.0   5.0 450.0                            LAT/LON1/LON2/DLON/H
  494  512  533  548  553  545  526  494  457  417  379  345  317  294  275  261
  252  245  236  227  216  203  185  163  137  111   91   81   78   76   74   73
   73   76   79   81   80   79   77   76   81   95  119  155  193  224  248  271
  294  317  342  369  395  419  434  441  452  469  482  486  483  478  475  475
  477  478  477  478  482  486  487  487  494
     2.5-180.0 180.0   5.0 450.0                            LAT/LON1/LON2/DLON/H
  494  506  521  534  541  539  525  497  460  420  382  347  318  293  271  254
  242  232  223  213  200  183  164  143  122  102   86   78   77   77   78   78
   79   80   83   82   82   81   78   75   78   88  111  145  181  212  236  258
  281  305  333  363  393  419  436  445  458  479  493  494  488  479  473  472
  474  477  478  479  481  485  488  490  494
