IONEX/igrg1680.22i
     1.0            IONOSPHERE MAPS     MIX                 IONEX VERSION / TYPE
tecrms2ionex_2.awk  GRL/UWM            06/18/22 2206UT      PGM / RUN BY / DATE
Global ionosphere maps for day 168, 2022 (17- 6-2022)       DESCRIPTION
IONEX file containing the COMBINED IGS Ionosphere maps      DESCRIPTION
from the combination of the following IAACs:                DESCRIPTION
esrg                                                        DESCRIPTION
jprg                                                        DESCRIPTION
Contact address: Andrzej Krankowski                         DESCRIPTION
                 Geodynamics Research Laboratory            DESCRIPTION
                 University of Warmia and Mazury (GRL/UWM)  DESCRIPTION
                 Oczapowski St. 1                           DESCRIPTION
                 10-957-Olsztyn, POLAND                     DESCRIPTION
                 e-mail:  kand@uwm.edu.pl                   DESCRIPTION
                                                            DESCRIPTION
  2022     6    17     0     0     0                        EPOCH OF FIRST MAP
  2022     6    18     0     0     0                        EPOCH OF LAST MAP
  7200                                                      INTERVAL
    13                                                      # OF MAPS IN FILE
  COSZ                                                      MAPPING FUNCTION
     0.0                                                    ELEVATION CUTOFF
Combined TEC calculated as weighted mean of input TEC valuesOBSERVABLES USED
   300                                                      # OF STATIONS
    32                                                      # OF SATELLITES
  6371.0                                                    BASE RADIUS
     2                                                      MAP DIMENSION
   450.0 450.0   0.0                                        HGT1 / HGT2 / DHGT
    87.5 -87.5  -2.5                                        LAT1 / LAT2 / DLAT
  -180.0 180.0   5.0                                        LON1 / LON2 / DLON
    -1                                                      EXPONENT
TEC values in  0.1 TECUs; 9999 if no value available        COMMENT
DCB values in nanoseconds, reference is Sum_of_SatDCBs = 0  COMMENT
                                                            END OF HEADER
[from data line 3861]
    10                                                      START OF TEC MAP
  2022     6    17    18     0     0                        EPOCH OF CURRENT MAP
    87.5-180.0 180.0   5.0 450.0                            LAT/LON1/LON2/DLON/H
  169  169  169  170  170  170  171  171  171  171  172  172  172  172  172  172
  172  172  172  172  172  171  171  171  171  171  170  170  170  169  169  169
  169  168  168  168  168  168  167  167  167  167  167  166  166  166  166  167
  167  167  167  167  167  167  167  167  167  167  167  167  168  168  168  168
  168  168  168  168  168  168  168  168  169
    85.0-180.0 180.0   5.0 450.0                            LAT/LON1/LON2/DLON/H
  166  166  167  167  168  169  170  170  171  172  172  173  173  174  174  174
  175  175  175  175  174  174  173  173  172  171  170  169  169  168  167  167
  166  165  164  164  164  163  163  163  163  163  162  162  162  162  162  163
  163  163  163  163  164  164  164  164  164  164  164  164  164  164  164  164
  164  164  165  165  165  165  165  165  166
    82.5-180.0 180.0   5.0 450.0                            LAT/LON1/LON2/DLON/H
  162  163  163  164  166  167  168  169  171  172  173  174  175  176  177  178
  178  178  178  178  177  176  175  174  173  172  170  169  168  166  165  163
  162  162  161  160  160  159  158  158  157  157  157  157  157  157  158  158
  159  159  159  160  160  161  161  161  162  162  162  162  162  162  161  161
  161  160  161  161  161  161  161  162  162
    80.0-180.0 180.0   5.0 450.0                            LAT/LON1/LON2/DLON/H
  159  159  160  162  163  164  166  168  170  171  173  175  177  178  180  180
  181  182  182  181  181  180  178  177  174  172  170  168  166  164  163  161
  160  159  158  157  156  155  155  155  154  154  153  153  153  153  153  154
  154  155  156  156  157  158  158  159  159  159  159  159  159  159  159  158
  158  158  157  157  158  157  158  158  159
    77.5-180.0 180.0   5.0 450.0                            LAT/LON1/LON2/DLON/H
  157  158  159  160  161  162  164  166  168  171  173  175  177  180  181  183
  184  185  185  185  185  183  182  179  177  174  171  168  166  164  161  160
  158  157  156  156  155  154  154  153  152  151  151  150  150  150  150  150
  151  152  152  154  154  155  156  156  157  157  158  158  158  158  158  157
  157  157  157  156  156  157  156  157  157
    75.0-180.0 180.0   5.0 450.0                            LAT/LON1/LON2/DLON/H
  159  159  160  161  161  162  163  165  167  169  172  175  178  181  182  185
  187  188  189  189  189  188  186  183  180  177  174  170  167  164  161  159
  158  157  156  156  155  155  154  154  153  152  151  150  150  150  150  150
  150  151  152  153  153  153  154  155  155  156  156  157  158  158  159  159
  159  159  158  158  158  159  159  158  159
    72.5-180.0 180.0   5.0 450.0                            LAT/LON1/LON2/DLON/H
  165  165  164  164  164  164  164  165  166  169  171  174  177  180  183  185
  188  189  191  192  192  192  190  187  184  181  177  174  170  167  165  161
  160  159  158  157  157  156  156  155  155  154  153  152  152  152  152  152
  153  153  153  154  154  154  154  154  154  155  156  157  157  159  160  160
  162  162  162  163  163  164  164  164  165
    70.0-180.0 180.0   5.0 450.0                            LAT/LON1/LON2/DLON/H
  173  174  173  172  170  169  168  167  168  169  171  174  176  179  182  185
  187  190  192  194  194  194  193  191  189  185  181  178  175  172  169  166
  164  163  161  160  159  159  158  158  158  157  156  156  156  157  158  157
  158  158  157  156  155  154  154  154  154  154  155  156  157  159  161  163
  164  166  167  168  170  171  172  173  173
    67.5-180.0 180.0   5.0 450.0                            LAT/LON1/LON2/DLON/H
  185  186  184  183  179  177  174  172  171  171  172  174  176  179  181  183
  186  188  191  192  194  195  195  194  191  188  185  183  180  178  175  172
  170  167  166  164  163  163  162  161  161  161  161  161  162  163  164  164
  164  163  162  160  158  156  154  153  153  153  153  154  156  158  160  162
  166  168  171  173  176  178  181  184  185
    65.0-180.0 180.0   5.0 450.0                            LAT/LON1/LON2/DLON/H
  196  197  196  194  191  186  182  179  176  175  175  176  176  178  179  180
  182  185  187  190  192  194  195  195  193  192  189  186  185  184  181  179
  176  173  171  169  167  166  166  165  165  165  166  167  169  170  171  171
  170  169  166  164  160  158  155  153  151  150  150  151  153  155  157  161
  165  169  173  177  181  185  190  193  196
    62.5-180.0 180.0   5.0 450.0                            LAT/LON1/LON2/DLON/H
  204  206  207  205  201  196  191  187  184  181  180  179  180  179  179  179
  180  181  184  187  190  193  194  194  194  193  191  190  189  188  187  185
  182  179  176  173  171  171  170  170  171  171  172  173  175  177  178  178
  176  174  171  167  162  158  155  152  149  148  148  147  148  150  153  156
  161  166  172  178  184  189  195  200  204
    60.0-180.0 180.0   5.0 450.0                            LAT/LON1/LON2/DLON/H
  209  212  213  212  209  204  200  195  192  190  187  185  184  182  179  178
  178  179  181  184  187  190  192  194  193  194  193  192  192  192  192  190
  187  184  180  178  176  175  175  176  176  177  178  179  181  182  183  182
  181  178  173  168  163  158  154  150  148  145  144  144  143  144  147  151
  157  163  170  177  184  191  197  204  209
    57.5-180.0 180.0   5.0 450.0                            LAT/LON1/LON2/DLON/H
  209  213  216  216  215  212  208  204  201  198  195  193  189  186  183  181
  179  178  180  182  185  188  190  192  193  193  194  194  195  195  195  194
  191  189  185  182  181  180  181  181  182  183  183  185  186  187  187  186
  183  179  174  169  163  158  153  149  145  143  141  139  139  139  141  146
  152  159  167  174  181  189  196  203  209
    55.0-180.0 180.0   5.0 450.0                            LAT/LON1/LON2/DLON/H
  207  212  216  218  219  218  215  212  210  206  203  199  196  191  188  184
  183  181  181  182  185  187  190  191  192  193  194  196  197  198  199  198
  196  193  190  188  186  186  186  187  188  189  190  190  191  191  190  188
  184  179  174  168  163  157  153  148  144  142  139  137  136  136  137  142
  148  156  163  171  178  186  194  201  207
    52.5-180.0 180.0   5.0 450.0                            LAT/LON1/LON2/DLON/H
  205  211  215  220  222  223  222  221  218  214  211  206  202  197  193  190
  187  185  184  185  186  189  190  192  193  194  196  198  200  202  203  202
  201  199  197  194  192  192  193  195  195  197  197  196  195  194  193  189
  185  179  173  168  162  157  153  148  145  142  139  137  135  134  136  139
  146  152  160  168  175  183  191  198  205
    50.0-180.0 180.0   5.0 450.0                            LAT/LON1/LON2/DLON/H
  205  211  218  223  227  229  230  228  226  222  218  212  207  202  199  195
  193  191  189  189  190  192  193  194  195  198  200  203  205  207  209  209
  207  207  205  203  201  201  202  203  204  205  205  203  201  199  196  192
  186  180  174  168  162  158  155  151  148  145  141  139  137  136  137  140
  145  151  158  165  173  181  189  198  205
    47.5-180.0 180.0   5.0 450.0                            LAT/LON1/LON2/DLON/H
  208  216  224  230  235  238  239  237  234  230  224  218  212  208  203  201
  199  197  195  194  195  196  197  199  201  204  206  210  213  215  216  216
  216  215  214  213  212  211  212  214  215  216  215  212  209  206  201  196
  190  183  176  170  166  162  159  156  153  151  149  146  143  141  141  143
  147  151  157  163  171  180  189  199  208
    45.0-180.0 180.0   5.0 450.0                            LAT/LON1/LON2/DLON/H
  216  226  235  243  248  250  251  248  245  240  233  225  218  212  208  206
  204  203  201  200  201  202  204  206  209  213  217  220  224  225  226  226
  226  227  227  226  224  224  226  228  229  229  227  224  219  215  209  202
  195  188  181  175  172  168  166  164  162  160  159  156  153  150  148  149
  151  154  157  163  171  181  191  204  216
    42.5-180.0 180.0   5.0 450.0                            LAT/LON1/LON2/DLON/H
  225  237  249  258  263  265  264  262  258  252  243  235  226  219  215  213
  212  210  208  207  207  209  212  216  221  226  231  234  237  239  239  240
  241  242  242  241  240  240  243  245  247  245  242  237  231  225  218  211
  203  195  188  183  180  177  176  175  175  175  174  171  167  163  159  157
  157  158  160  165  173  184  197  210  225
    40.0-180.0 180.0   5.0 450.0                            LAT/LON1/LON2/DLON/H
  235  251  264  274  280  281  279  277  274  267  259  249  239  231  226  224
  222  219  217  216  216  219  224  230  236  241  246  250  253  254  255  256
  258  260  260  259  258  260  263  265  265  263  257  250  242  236  228  220
  212  204  197  192  189  187  187  188  190  190  190  188  183  177  171  167
  165  165  166  170  177  189  203  219  235
    37.5-180.0 180.0   5.0 450.0                            LAT/LON1/LON2/DLON/H
  245  263  278  290  295  296  294  293  292  287  278  268  258  249  243  239
  236  233  228  227  228  231  237  245  252  259  264  268  271  273  275  278
  282  284  283  281  281  282  285  287  286  281  272  263  253  246  238  230
  221  213  205  200  197  196  197  199  202  204  206  204  198  190  183  178
  175  173  174  177  184  196  210  227  245
    35.0-180.0 180.0   5.0 450.0                            LAT/LON1/LON2/DLON/H
  252  271  288  299  306  307  307  309  309  307  302  293  283  274  267  262
  257  250  245  242  242  246  254  262  270  276  281  285  290  294  300  306
  311  313  312  308  307  308  310  310  306  297  285  274  263  253  245  236
  227  219  211  205  202  201  203  207  212  215  217  216  210  201  192  186
  183  181  181  183  190  201  216  233  252
    32.5-180.0 180.0   5.0 450.0                            LAT/LON1/LON2/DLON/H
  255  274  292  304  311  314  316  321  326  328  326  321  313  306  298  291
  283  274  266  261  261  264  272  281  289  294  299  305  311  319  328  337
  345  349  345  340  337  337  337  333  324  311  296  281  268  257  247  238
  229  220  212  205  202  202  205  210  216  220  222  221  216  207  197  191
  187  186  186  188  194  205  219  236  255
    30.0-180.0 180.0   5.0 450.0                            LAT/LON1/LON2/DLON/H
  254  274  291  303  310  314  319  328  337  345  349  349  347  342  334  326
  316  304  293  286  283  287  294  302  308  313  317  325  334  347  361  374
  384  389  384  377  371  368  363  354  340  322  303  284  269  255  244  234
  225  216  207  200  196  196  201  207  214  218  221  220  214  205  197  191
  188  187  186  188  193  203  217  234  254
    27.5-180.0 180.0   5.0 450.0                            LAT/LON1/LON2/DLON/H
  248  269  286  298  304  310  318  331  344  358  370  378  382  379  374  365
  353  339  326  316  311  313  319  326  329  332  338  347  363  381  398  414
  426  432  428  418  408  399  388  372  352  329  307  285  266  250  236  225
  216  208  199  191  188  189  193  200  207  212  213  213  207  198  190  185
  183  183  183  182  186  195  209  227  248
    25.0-180.0 180.0   5.0 450.0                            LAT/LON1/LON2/DLON/H
  239  261  278  289  296  304  314  329  347  366  386  404  415  418  415  406
  394  379  363  350  343  343  347  352  354  356  362  376  397  419  439  454
  467  475  472  460  445  429  410  387  361  334  308  283  261  241  225  213
  205  198  189  182  179  180  185  192  198  202  202  200  195  187  180  175
  174  175  174  172  173  181  195  216  239
    22.5-180.0 180.0   5.0 450.0                            LAT/LON1/LON2/DLON/H
  227  252  269  280  287  296  309  327  347  371  399  426  445  455  456  449
  437  421  405  390  380  376  378  380  381  383  392  411  436  462  482  494
  505  514  513  498  477  454  427  397  366  336  309  281  256  233  215  202
  195  190  182  175  172  174  179  185  189  190  189  186  180  172  165  161
  162  163  162  159  158  164  179  201  227
    20.0-180.0 180.0   5.0 450.0                            LAT/LON1/LON2/DLON/H
  215  241  260  271  279  289  305  324  346  373  407  442  470  487  492  489
  479  465  450  433  419  412  410  410  411  415  428  451  480  507  525  531
  537  546  545  527  500  471  438  402  368  337  310  282  254  228  208  195
  189  184  178  172  170  173  177  181  181  179  177  172  166  157  150  146
  147  149  148  144  142  147  162  186  215
    17.5-180.0 180.0   5.0 450.0                            LAT/LON1/LON2/DLON/H
  202  230  250  262  273  285  302  323  345  373  411  452  487  510  522  522
  515  505  491  474  457  446  442  440  442  449  465  491  523  550  562  561
  562  567  565  544  513  479  442  404  369  340  314  286  256  229  207  193
  187  183  177  173  172  176  179  179  176  171  166  160  152  143  135  131
  132  133  133  129  128  132  147  172  202
    15.0-180.0 180.0   5.0 450.0                            LAT/LON1/LON2/DLON/H
  190  219  240  255  268  282  302  324  345  371  409  453  493  522  538  544
  542  537  526  510  491  478  470  469  472  482  501  528  560  584  591  584
  578  578  571  547  514  479  443  406  372  346  322  295  264  235  211  196
  189  185  179  176  177  180  182  179  172  164  156  149  141  132  123  118
  117  119  119  117  117  122  136  160  190
    12.5-180.0 180.0   5.0 450.0                            LAT/LON1/LON2/DLON/H
  179  207  231  249  264  282  304  327  348  370  405  447  487  519  540  552
  556  555  549  535  517  502  494  492  498  510  530  557  585  606  608  596
  584  578  566  540  507  475  441  407  377  353  332  305  275  244  218  200
  191  185  181  178  180  184  184  178  168  157  149  142  134  124  115  109
  106  108  108  108  109  115  128  150  179
    10.0-180.0 180.0   5.0 450.0                            LAT/LON1/LON2/DLON/H
  169  196  222  244  263  283  308  333  352  372  400  437  474  506  530  545
  555  558  557  546  532  518  510  510  518  532  550  574  597  613  613  599
  584  571  554  527  496  467  439  410  384  363  342  315  283  250  222  202
  190  182  178  178  180  183  181  174  161  151  143  136  130  121  111  103
  100  100  101  102  104  111  124  143  169
     7.5-180.0 180.0   5.0 450.0                            LAT/LON1/LON2/DLON/H
  160  186  214  240  262  286  314  341  361  378  400  430  461  489  512  530
  541  548  551  546  535  524  517  520  531  545  560  578  596  607  606  594
  576  558  537  510  483  459  437  413  391  371  347  318  285  250  219  197
  183  174  171  172  174  176  173  165  153  143  136  132  128  120  110  101
   97   96   97   99  103  109  120  137  160
     5.0-180.0 180.0   5.0 450.0                            LAT/LON1/LON2/DLON/H
  152  179  208  236  263  291  321  351  375  392  410  431  453  473  493  510
  522  531  536  536  531  523  518  524  537  552  562  574  585  592  591  581
  563  542  518  493  469  450  431  412  392  369  343  311  274  239  207  183
  168  160  159  160  162  162  159  151  141  133  128  126  125  119  109  100
   96   96   97   99  101  108  118  132  152
     2.5-180.0 180.0   5.0 450.0                            LAT/LON1/LON2/DLON/H
  147  173  203  234  264  295  329  364  393  413  428  442  455  466  479  492
  502  511  517  522  521  517  515  523  538  552  559  564  570  572  570  562
  545  521  497  473  453  436  419  401  380  355  324  288  251  216  185  161
  148  142  142  145  147  146  141  135  127  121  117  118  120  117  107   99
   96   97   98   99  100  107  116  129  147
