IONEX/igrg1680.22i
     1.0            IONOSPHERE MAPS     MIX                 IONEX VERSION / TYPE
tecrms2ionex_2.awk  GRL/UWM            06/18/22 2206UT      PGM / RUN BY / DATE
Global ionosphere maps for day 168, 2022 (17- 6-2022)       DESCRIPTION
IONEX file containing the COMBINED IGS Ionosphere maps      DESCRIPTION
from the combination of the following IAACs:                DESCRIPTION
esrg                                                        DESCRIPTION
jprg                                                        DESCRIPTION
Contact address: Andrzej Krankowski                         DESCRIPTION
                 Geodynamics Research Laboratory            DESCRIPTION
                 University of Warmia and Mazury (GRL/UWM)  DESCRIPTION
                 Oczapowski St. 1                           DESCRIPTION
                 10-957-Olsztyn, POLAND                     DESCRIPTION
                 e-mail:  kand@uwm.edu.pl                   DESCRIPTION
                                                            DESCRIPTION
  2022     6    17     0     0     0                        EPOCH OF FIRST MAP
  2022     6    18     0     0     0                        EPOCH OF LAST MAP
  7200                                                      INTERVAL
    13                                                      # OF MAPS IN FILE
  COSZ                                                      MAPPING FUNCTION
     0.0                                                    ELEVATION CUTOFF
Combined TEC calculated as weighted mean of input TEC valuesOBSERVABLES USED
   300                                                      # OF STATIONS
    32                                                      # OF SATELLITES
  6371.0                                                    BASE RADIUS
     2                                                      MAP DIMENSION
   450.0 450.0   0.0                                        HGT1 / HGT2 / DHGT
    87.5 -87.5  -2.5                                        LAT1 / LAT2 / DLAT
  -180.0 180.0   5.0                                        LON1 / LON2 / DLON
    -1                                                      EXPONENT
TEC values in  0.1 TECUs; 9999 if no value available        COMMENT
DCB values in nanoseconds, reference is Sum_of_SatDCBs = 0  COMMENT
                                                            END OF HEADER
[from data line 1716]
     5                                                      START OF TEC MAP
  2022     6    17     8     0     0                        EPOCH OF CURRENT MAP
    87.5-180.0 180.0   5.0 450.0                            LAT/LON1/LON2/DLON/H
  171  171  171  171  172  172  172  172  172  173  173  173  174  174  174  174
  174  174  174  174  174  174  174  174  173  173  173  173  173  173  173  172
  172  172  172  172  172  171  171  171  171  171  171  171  171  171  171  171
  171  171  171  171  171  170  171  171  171  170  171  170  170  170  170  170
  170  170  170  170  170  170  171  171  171
    85.0-180.0 180.0   5.0 450.0                            LAT/LON1/LON2/DLON/H
  168  168  169  169  170  171  172  172  173  174  175  175  175  176  176  176
  176  175  175  175  175  174  174  173  173  172  172  171  171  171  170  170
  170  170  170  170  170  170  170  170  170  170  170  171  171  171  171  171
  171  171  171  172  171  172  171  172  171  171  171  171  170  170  169  169
  169  168  168  168  168  168  168  168  168
    82.5-180.0 180.0   5.0 450.0                            LAT/LON1/LON2/DLON/H
  164  164  165  166  167  169  170  172  172  174  175  176  177  177  177  177
  177  176  175  175  174  172  171  170  170  169  168  167  167  167  166  166
  167  167  167  167  167  168  168  168  169  169  170  171  171  171  172  173
  173  173  174  175  175  175  176  176  176  176  175  175  174  173  172  171
  170  168  167  166  165  164  164  164  164
    80.0-180.0 180.0   5.0 450.0                            LAT/LON1/LON2/DLON/H
  161  161  161  162  163  165  167  169  171  173  175  176  177  177  177  177
  176  175  174  172  170  169  167  166  164  163  163  162  161  161  161  162
  162  163  163  164  165  166  167  168  169  170  170  171  172  173  174  175
  176  177  179  180  181  183  184  184  185  185  184  184  182  181  180  177
  175  173  170  168  166  164  162  161  161
    77.5-180.0 180.0   5.0 450.0                            LAT/LON1/LON2/DLON/H
  159  158  158  158  159  160  162  165  167  170  172  174  176  176  176  176
  174  173  171  168  166  164  162  160  158  156  156  155  155  155  156  157
  158  159  161  162  163  165  166  168  169  170  172  173  174  176  177  179
  181  183  186  188  190  193  195  196  197  198  198  198  197  195  192  190
  186  182  178  174  171  167  164  161  159
    75.0-180.0 180.0   5.0 450.0                            LAT/LON1/LON2/DLON/H
  161  158  156  155  154  155  157  159  162  165  168  170  172  173  173  172
  171  169  166  163  161  158  155  153  151  150  150  150  150  151  152  153
  155  158  160  162  164  166  168  170  171  173  174  176  177  179  182  184
  187  190  194  197  201  203  207  209  211  213  214  214  213  211  208  205
  201  196  190  185  180  175  169  165  161
    72.5-180.0 180.0   5.0 450.0                            LAT/LON1/LON2/DLON/H
  167  162  157  153  151  151  151  152  154  158  161  164  166  168  168  168
  166  164  161  158  155  152  149  147  145  145  145  145  146  148  150  153
  155  158  161  163  166  168  170  172  174  175  177  179  182  184  187  190
  194  198  202  206  210  214  217  221  223  226  227  228  228  226  223  220
  216  210  205  199  192  186  179  173  167
    70.0-180.0 180.0   5.0 450.0                            LAT/LON1/LON2/DLON/H
  176  169  162  155  150  147  146  145  147  149  152  155  158  160  161  161
  160  158  155  152  149  146  143  141  140  140  141  142  145  147  150  154
  157  161  164  167  170  172  174  176  177  179  181  183  186  188  192  196
  200  204  208  213  217  220  224  227  230  232  234  235  236  236  234  231
  228  223  217  212  205  198  191  184  176
    67.5-180.0 180.0   5.0 450.0                            LAT/LON1/LON2/DLON/H
  187  178  169  160  152  146  141  138  138  139  142  145  148  150  151  152
  151  149  147  145  142  139  137  135  135  136  138  141  145  148  152  156
  160  164  168  171  174  176  178  179  181  183  185  188  190  194  197  201
  205  209  213  216  220  222  225  227  229  231  233  235  236  237  236  235
  232  229  225  220  216  210  203  195  187
    65.0-180.0 180.0   5.0 450.0                            LAT/LON1/LON2/DLON/H
  198  188  178  166  155  146  138  133  130  130  131  134  137  139  141  141
  140  139  137  135  132  131  129  128  129  131  135  139  145  150  155  160
  165  169  173  175  178  180  181  182  184  186  189  192  195  198  202  205
  209  212  215  217  218  219  219  219  220  220  222  224  226  228  228  228
  227  226  225  223  221  217  212  206  198
    62.5-180.0 180.0   5.0 450.0                            LAT/LON1/LON2/DLON/H
  207  198  187  175  162  149  137  129  124  122  122  123  125  127  128  129
  129  128  125  124  121  120  119  120  122  126  131  138  145  151  157  164
  168  173  176  179  181  183  184  186  188  191  194  197  200  204  207  210
  212  213  214  215  214  213  211  209  207  205  206  208  210  212  214  215
  215  216  217  218  219  219  217  213  207
    60.0-180.0 180.0   5.0 450.0                            LAT/LON1/LON2/DLON/H
  214  207  197  185  170  155  141  129  121  117  115  114  115  116  117  116
  117  116  114  111  109  108  108  110  115  120  128  137  145  153  160  166
  171  176  179  182  184  185  187  188  191  195  199  203  207  210  212  214
  215  215  214  213  211  207  203  198  194  192  191  192  194  197  198  200
  201  203  205  209  213  216  218  218  214
    57.5-180.0 180.0   5.0 450.0                            LAT/LON1/LON2/DLON/H
  219  215  207  196  181  164  148  134  123  116  112  110  108  108  107  106
  105  104  102  100   98   97   99  102  108  116  126  136  146  154  161  168
  173  177  181  183  185  187  189  192  196  200  206  211  215  217  219  219
  219  218  216  213  210  204  199  193  188  184  182  183  184  186  187  188
  189  191  194  199  205  211  217  220  219
    55.0-180.0 180.0   5.0 450.0                            LAT/LON1/LON2/DLON/H
  223  222  217  208  194  178  160  144  131  121  114  109  106  103  101   99
   98   96   94   91   89   89   92   96  104  115  127  139  149  158  164  170
  175  179  182  185  186  188  191  195  201  208  214  220  224  226  227  227
  226  224  220  217  212  208  202  196  190  186  183  183  183  184  184  184
  184  184  187  192  199  207  214  220  223
    52.5-180.0 180.0   5.0 450.0                            LAT/LON1/LON2/DLON/H
  226  228  226  220  208  193  176  159  144  133  123  115  110  105  101   97
   95   93   89   86   85   85   88   94  104  117  132  145  155  163  169  174
  179  182  185  187  188  191  194  199  206  215  224  231  235  237  238  238
  236  232  229  224  220  216  211  207  202  197  194  192  192  191  190  188
  187  186  187  191  197  205  213  221  226
    50.0-180.0 180.0   5.0 450.0                            LAT/LON1/LON2/DLON/H
  228  232  233  230  221  209  193  178  163  150  139  129  121  113  107  102
   98   95   92   88   86   85   89   96  108  124  140  154  164  172  177  181
  185  188  190  191  192  194  198  205  214  225  235  244  249  251  251  250
  248  244  240  235  231  228  226  222  219  215  211  207  205  203  202  199
  197  194  194  195  200  206  214  222  228
    47.5-180.0 180.0   5.0 450.0                            LAT/LON1/LON2/DLON/H
  229  234  237  236  230  221  208  196  183  171  161  150  140  130  121  114
  109  104   99   95   92   91   94  101  114  131  149  164  175  183  187  192
  194  197  198  199  198  200  205  213  223  235  248  257  264  266  266  266
  262  257  252  248  244  243  242  241  239  235  229  224  221  217  215  213
  210  208  205  205  207  211  217  224  229
    45.0-180.0 180.0   5.0 450.0                            LAT/LON1/LON2/DLON/H
  230  234  236  236  233  226  218  209  201  192  183  174  163  153  142  132
  125  118  113  107  102   99  100  106  121  139  158  175  187  195  200  204
  207  208  209  208  208  209  214  223  234  249  262  273  280  283  284  282
  278  273  267  261  258  257  258  259  258  253  247  240  234  230  227  226
  225  223  219  217  216  219  222  226  230
    42.5-180.0 180.0   5.0 450.0                            LAT/LON1/LON2/DLON/H
  230  232  232  230  227  222  218  214  213  210  205  198  188  177  165  155
  145  138  130  122  115  110  107  112  126  146  166  185  198  207  212  217
  220  222  222  220  219  221  226  235  248  263  277  289  297  301  302  301
  296  290  282  275  272  273  275  277  276  270  263  253  245  239  238  238
  238  237  234  231  228  227  228  229  230
    40.0-180.0 180.0   5.0 450.0                            LAT/LON1/LON2/DLON/H
  231  229  226  222  217  212  210  211  215  220  222  218  211  200  188  176
  166  158  149  140  130  121  115  118  130  150  172  190  205  216  223  229
  233  236  236  235  234  236  241  250  263  278  293  305  314  319  321  321
  315  307  298  292  288  290  293  297  295  289  279  267  256  251  249  250
  253  252  249  245  239  237  235  233  231
    37.5-180.0 180.0   5.0 450.0                            LAT/LON1/LON2/DLON/H
  233  228  221  213  204  199  197  201  212  224  230  232  227  217  206  194
  184  174  164  154  143  131  122  123  133  153  174  194  210  222  231  238
  244  248  250  250  250  252  257  266  278  293  308  321  331  338  341  340
  334  325  317  311  309  312  318  323  322  316  303  289  276  268  265  267
  269  270  266  259  252  247  243  238  233
    35.0-180.0 180.0   5.0 450.0                            LAT/LON1/LON2/DLON/H
  238  230  219  207  195  187  184  190  204  221  233  238  235  227  215  205
  194  185  176  165  152  139  129  128  138  155  175  194  210  224  234  244
  252  258  262  264  265  267  273  281  293  308  322  336  346  354  359  360
  354  346  339  335  337  343  353  359  361  354  341  324  308  297  292  292
  293  291  286  276  266  259  252  246  238
    32.5-180.0 180.0   5.0 450.0                            LAT/LON1/LON2/DLON/H
  246  235  222  208  194  183  178  182  197  217  231  238  237  229  218  207
  197  188  179  169  157  145  135  134  143  158  176  193  208  221  234  246
  257  266  272  276  278  282  286  295  307  321  335  348  359  368  375  376
  373  368  364  366  374  386  400  410  413  408  394  375  356  341  333  328
  326  320  310  296  283  272  263  255  246
    30.0-180.0 180.0   5.0 450.0                            LAT/LON1/LON2/DLON/H
  255  243  230  215  200  187  180  181  193  212  228  237  236  228  216  204
  193  184  177  168  159  149  141  142  150  162  176  189  202  215  229  243
  258  270  279  285  289  292  298  306  318  333  346  360  370  379  387  390
  390  390  395  406  421  439  457  471  477  473  459  438  417  399  385  376
  368  356  339  320  302  287  276  265  255
    27.5-180.0 180.0   5.0 450.0                            LAT/LON1/LON2/DLON/H
  263  252  239  225  212  200  191  187  195  211  227  235  234  227  213  199
  187  178  171  165  157  151  148  151  158  167  176  185  194  206  221  238
  255  270  282  290  295  300  306  316  329  344  357  368  378  386  394  401
  406  414  427  446  469  493  515  531  539  537  525  505  482  461  443  430
  415  396  372  347  325  305  289  275  263
    25.0-180.0 180.0   5.0 450.0                            LAT/LON1/LON2/DLON/H
  271  260  248  237  227  217  207  200  202  214  228  237  237  228  212  196
  182  172  165  159  155  153  154  159  164  169  173  178  185  195  211  230
  250  268  282  293  300  306  314  326  340  354  367  377  384  390  398  408
  419  434  457  484  513  540  563  580  589  590  580  563  540  518  498  480
  460  435  405  375  348  324  302  284  271
    22.5-180.0 180.0   5.0 450.0                            LAT/LON1/LON2/DLON/H
  276  265  256  248  243  236  226  215  212  220  233  242  243  233  216  197
  181  169  161  156  154  154  159  164  168  169  168  168  171  181  197  219
  242  263  280  293  302  311  321  335  351  366  378  385  389  393  402  413
  430  452  481  514  545  571  591  606  615  618  614  601  581  560  539  520
  497  469  435  402  371  342  314  292  276
    20.0-180.0 180.0   5.0 450.0                            LAT/LON1/LON2/DLON/H
  281  270  262  257  255  251  242  230  223  227  239  248  250  241  223  203
  185  171  161  154  152  155  161  165  166  163  158  154  155  165  182  206
  233  258  278  293  305  317  330  346  363  378  389  394  395  399  407  420
  440  467  498  530  558  579  592  602  609  615  618  613  599  580  561  542
  520  492  459  424  390  356  324  298  281
    17.5-180.0 180.0   5.0 450.0                            LAT/LON1/LON2/DLON/H
  285  274  269  266  265  263  255  243  233  235  245  254  256  248  230  209
  191  176  163  154  151  155  160  162  159  152  143  137  137  147  167  194
  225  253  277  295  310  324  339  357  375  390  400  404  405  408  415  430
  451  477  505  533  554  566  571  574  579  588  598  602  596  581  564  548
  528  503  473  439  404  367  332  303  285
    15.0-180.0 180.0   5.0 450.0                            LAT/LON1/LON2/DLON/H
  291  281  276  275  274  272  264  252  242  241  247  255  258  250  234  215
  196  180  166  155  151  153  157  155  149  138  127  119  119  130  153  184
  217  250  277  298  315  331  347  366  384  400  410  416  418  420  429  444
  464  485  507  527  540  543  539  535  538  549  566  578  579  569  555  540
  524  503  478  446  411  373  337  309  291
    12.5-180.0 180.0   5.0 450.0                            LAT/LON1/LON2/DLON/H
  300  292  288  285  283  279  271  259  249  245  248  252  252  246  232  215
  198  183  167  154  149  150  151  146  136  122  110  102  102  116  141  175
  213  248  278  302  321  338  354  371  389  406  419  427  431  437  446  460
  475  491  506  518  524  518  506  498  498  510  532  551  558  554  542  526
  511  495  474  446  413  376  340  314  300
    10.0-180.0 180.0   5.0 450.0                            LAT/LON1/LON2/DLON/H
  311  306  302  299  295  288  277  265  254  247  246  244  241  235  223  209
  195  181  166  153  146  145  143  136  123  108   94   87   90  106  133  169
  209  248  280  306  325  341  355  370  387  406  422  436  444  450  460  473
  486  497  505  511  511  501  486  475  474  485  507  531  544  544  532  513
  496  480  463  439  409  375  343  320  311
     7.5-180.0 180.0   5.0 450.0                            LAT/LON1/LON2/DLON/H
  322  321  319  315  308  297  285  272  258  248  242  234  228  220  210  199
  188  176  162  148  140  138  134  126  112   96   83   77   82   99  129  167
  207  248  281  308  327  341  350  362  378  398  419  438  449  457  468  481
  492  500  505  509  508  498  484  473  470  478  498  522  540  543  530  504
  480  463  448  428  403  372  344  328  322
     5.0-180.0 180.0   5.0 450.0                            LAT/LON1/LON2/DLON/H
  333  335  334  329  321  309  294  278  263  250  239  226  214  205  196  187
  177  167  156  143  134  130  125  116  103   88   76   71   77   96  126  165
  206  246  281  307  326  336  341  348  362  383  408  430  444  454  464  479
  492  501  506  510  510  504  495  486  482  486  502  524  544  551  533  498
  466  444  428  412  393  368  346  334  333
     2.5-180.0 180.0   5.0 450.0                            LAT/LON1/LON2/DLON/H
  340  344  344  339  331  318  302  285  268  254  239  222  206  194  185  176
  167  158  148  137  127  121  116  108   96   83   72   69   75   94  124  163
  204  244  277  302  319  327  328  330  342  363  388  411  426  435  448  466
  483  495  502  508  513  513  510  506  502  504  515  532  553  559  536  493
  451  422  405  394  381  363  346  338  340
