IONEX/igsg1680.22i
     1.0            IONOSPHERE MAPS     MIX                 IONEX VERSION / TYPE
cmpcmb v1.2          GRL/UWM             6-jul-22 15:40     PGM / RUN BY / DATE 
ionex file containing IGS COMBINED Ionosphere maps          COMMENT             
global ionosphere maps for day 168, 2022                    DESCRIPTION         
IONEX file containing the COMBINED IGS TEC MAPS and DCBs    DESCRIPTION         
      IONEX files of the following IAACs were combined: cod DESCRIPTION         
                                                        esa DESCRIPTION         
                                                        jpl DESCRIPTION         
                                                        upc DESCRIPTION         
Contact address: Andrzej Krankowski                         DESCRIPTION
                 Geodynamics Research Laboratory            DESCRIPTION
                 University of Warmia and Mazury (GRL/UWM)  DESCRIPTION
                 Oczapowski St. 1                           DESCRIPTION
                 10-957-Olsztyn, POLAND                     DESCRIPTION
                 e-mail:  kand@uwm.edu.pl                   DESCRIPTION
                                                            DESCRIPTION         
  2022     6    17     0     0     0                        EPOCH OF FIRST MAP  
  2022     6    18     0     0     0                        EPOCH OF LAST MAP   
  7200                                                      INTERVAL            
    13                                                      # OF MAPS IN FILE   
  COSZ                                                      MAPPING FUNCTION    
     0.0                                                    ELEVATION CUTOFF    
combined TEC calculated as weighted mean of input TEC valuesOBSERVABLES USED    
   337                                                      # OF STATIONS       
    32                                                      # OF SATELLITES     
  6371.0                                                    BASE RADIUS         
     2                                                      MAP DIMENSION       
   450.0 450.0   0.0                                        HGT1 / HGT2 / DHGT  
    87.5 -87.5  -2.5                                        LAT1 / LAT2 / DLAT  
  -180.0 180.0   5.0                                        LON1 / LON2 / DLON  
    -1                                                      EXPONENT            
TEC values in 0.1 tec units;  9999, if no value available   COMMENT             
DCB values in nanoseconds, reference is Sum_of_SatDCBs = 0  COMMENT             
                                                            END OF HEADER       
[from data line 4719]
    12                                                      START OF TEC MAP    
  2022     6    17    22     0     0                        EPOCH OF CURRENT MAP
    87.5-180.0 180.0   5.0 450.0                            LAT/LON1/LON2/DLON/H
  140  140  140  141  141  142  142  143  143  144  144  145  145  145  145  146
  146  146  145  145  145  145  145  145  144  144  143  142  141  141  140  139
  138  138  138  137  136  136  136  135  135  134  133  133  133  133  133  132
  132  133  132  132  132  132  133  133  133  133  134  134  135  135  136  136
  137  137  137  138  138  139  139  139  140
    85.0-180.0 180.0   5.0 450.0                            LAT/LON1/LON2/DLON/H
  142  142  143  144  145  146  147  148  149  150  151  151  152  153  154  154
  154  155  155  155  155  155  155  153  152  150  149  148  147  146  144  143
  142  141  140  138  138  137  136  135  134  133  133  132  132  132  131  131
  131  131  131  131  132  132  132  133  134  134  135  136  138  138  139  140
  140  140  140  139  140  140  140  141  142
    82.5-180.0 180.0   5.0 450.0                            LAT/LON1/LON2/DLON/H
  146  147  147  148  150  151  151  153  154  155  157  158  159  160  161  162
  163  163  164  164  164  164  163  161  160  159  157  155  152  150  148  145
  143  142  140  138  137  135  134  134  133  132  132  131  131  131  131  132
  132  133  133  134  134  135  136  137  138  139  140  141  144  145  145  145
  145  145  145  144  144  145  145  145  146
    80.0-180.0 180.0   5.0 450.0                            LAT/LON1/LON2/DLON/H
  151  151  151  151  153  153  155  156  158  158  160  161  163  165  167  169
  169  170  170  170  169  172  170  170  167  165  163  161  159  155  153  150
  146  144  141  139  136  135  134  133  132  132  132  131  131  132  133  135
  136  138  139  139  141  142  143  144  145  147  148  149  151  152  153  153
  153  153  152  151  152  152  151  152  151
    77.5-180.0 180.0   5.0 450.0                            LAT/LON1/LON2/DLON/H
  156  155  155  155  155  155  156  156  157  160  163  166  169  171  172  174
  175  176  176  177  176  174  175  173  170  169  167  164  161  158  156  152
  149  146  142  139  136  134  133  132  132  132  133  133  133  134  136  139
  142  145  146  147  148  149  150  152  153  154  156  157  159  160  161  161
  161  161  160  160  159  158  158  157  156
    75.0-180.0 180.0   5.0 450.0                            LAT/LON1/LON2/DLON/H
  161  159  159  157  158  157  158  160  162  165  168  171  173  176  179  179
  180  179  179  179  178  179  176  174  172  169  166  164  163  161  157  154
  150  147  143  141  139  136  135  134  133  134  134  136  137  138  140  143
  146  149  151  153  153  155  156  158  159  161  162  165  166  167  168  168
  169  169  169  168  168  166  165  163  161
    72.5-180.0 180.0   5.0 450.0                            LAT/LON1/LON2/DLON/H
  168  165  163  162  161  161  162  164  166  170  173  177  181  184  185  185
  184  182  180  181  180  179  176  173  171  169  166  164  162  160  157  155
  152  149  145  142  140  138  137  137  137  137  138  140  141  143  144  147
  150  152  154  155  156  156  158  160  162  164  166  168  170  172  173  174
  176  176  177  177  176  175  172  170  168
    70.0-180.0 180.0   5.0 450.0                            LAT/LON1/LON2/DLON/H
  174  171  169  167  166  165  167  169  171  175  180  184  187  190  192  190
  187  184  185  182  181  179  176  173  170  169  165  163  162  160  159  156
  154  152  150  147  145  143  141  141  142  142  143  144  146  147  148  150
  151  152  153  153  154  155  156  159  162  165  167  171  173  175  177  179
  181  183  185  186  185  184  181  178  174
    67.5-180.0 180.0   5.0 450.0                            LAT/LON1/LON2/DLON/H
  182  179  176  173  171  172  172  173  176  181  185  189  193  196  195  194
  191  188  187  184  182  181  177  175  172  169  167  164  163  162  161  160
  158  157  156  153  152  151  149  147  147  147  147  147  148  149  149  150
  150  149  149  148  149  150  152  154  159  163  167  171  173  176  179  182
  186  189  192  194  194  193  190  187  182
    65.0-180.0 180.0   5.0 450.0                            LAT/LON1/LON2/DLON/H
  192  188  184  180  178  177  177  178  180  184  189  192  196  198  198  197
  196  193  190  188  186  185  182  179  176  172  170  167  166  166  165  164
  164  163  162  161  160  158  157  155  153  152  151  150  148  148  147  147
  145  143  141  140  141  142  145  148  155  160  164  169  173  177  180  184
  189  193  198  201  203  202  199  196  192
    62.5-180.0 180.0   5.0 450.0                            LAT/LON1/LON2/DLON/H
  201  196  193  190  186  184  182  182  184  187  191  194  197  199  200  199
  199  197  195  193  192  191  189  186  182  179  175  173  172  172  171  171
  170  170  170  169  168  166  165  163  160  158  156  153  149  146  143  142
  138  136  134  133  134  135  139  143  149  156  162  167  171  176  180  185
  190  196  202  207  210  210  208  206  201
    60.0-180.0 180.0   5.0 450.0                            LAT/LON1/LON2/DLON/H
  211  206  203  200  195  191  189  187  187  189  191  194  197  199  199  200
  200  200  200  198  198  198  197  194  189  186  182  181  179  180  180  181
  180  179  180  180  179  176  174  171  168  164  160  155  150  144  140  137
  133  130  127  127  127  130  134  140  146  154  160  166  171  176  181  186
  192  198  205  210  213  215  215  214  211
    57.5-180.0 180.0   5.0 450.0                            LAT/LON1/LON2/DLON/H
  221  217  214  210  205  200  197  194  192  191  192  194  195  197  198  199
  201  201  202  202  203  204  203  201  197  194  189  188  187  187  190  192
  192  191  191  191  190  187  184  179  174  168  163  157  150  144  138  133
  128  125  122  121  123  125  130  137  145  153  160  166  172  176  182  187
  194  200  206  212  215  217  219  221  221
    55.0-180.0 180.0   5.0 450.0                            LAT/LON1/LON2/DLON/H
  229  227  224  221  216  211  207  203  198  195  193  193  194  195  197  199
  199  201  201  203  205  207  206  204  201  198  195  194  193  194  199  201
  202  201  202  201  199  196  191  184  178  170  165  156  150  144  137  131
  126  122  119  118  119  123  128  136  145  154  162  168  174  178  184  190
  197  204  210  214  215  217  220  224  229
    52.5-180.0 180.0   5.0 450.0                            LAT/LON1/LON2/DLON/H
  234  235  234  230  228  224  219  214  207  201  198  195  195  195  197  197
  198  200  201  203  205  207  208  206  202  200  198  197  199  202  207  209
  210  210  209  207  204  200  194  186  178  169  164  156  150  143  136  131
  125  121  119  118  119  123  130  138  148  158  167  174  180  184  189  196
  202  209  214  217  216  217  219  225  234
    50.0-180.0 180.0   5.0 450.0                            LAT/LON1/LON2/DLON/H
  239  243  243  242  241  237  233  226  218  211  205  201  198  197  198  198
  198  199  200  202  205  207  208  206  204  201  201  201  204  208  214  216
  216  215  213  210  206  201  194  185  176  168  163  155  150  143  137  132
  127  124  122  121  123  127  133  142  152  164  174  182  188  193  198  205
  212  218  222  222  221  221  223  228  239
    47.5-180.0 180.0   5.0 450.0                            LAT/LON1/LON2/DLON/H
  248  254  255  254  252  250  247  241  232  224  217  210  206  203  202  201
  200  200  200  203  205  208  209  209  207  206  205  207  211  215  220  222
  220  219  217  212  207  201  193  184  175  167  163  156  151  146  140  135
  132  129  128  127  128  132  138  147  158  171  182  191  200  205  211  218
  225  229  232  232  230  230  233  240  248
    45.0-180.0 180.0   5.0 450.0                            LAT/LON1/LON2/DLON/H
  262  267  268  268  266  264  261  257  250  242  233  226  219  213  209  207
  204  202  202  204  207  211  213  214  213  213  214  216  221  223  226  229
  226  223  219  214  208  201  193  184  176  167  163  159  157  153  147  143
  139  137  135  135  136  138  144  152  164  178  192  202  212  221  227  235
  240  244  246  245  244  244  249  254  262
    42.5-180.0 180.0   5.0 450.0                            LAT/LON1/LON2/DLON/H
  281  287  288  286  284  280  278  274  270  264  255  245  236  228  221  215
  211  207  206  208  212  217  220  223  225  225  226  229  235  235  236  237
  233  229  224  218  211  204  196  187  179  173  170  166  165  162  157  153
  149  147  145  145  144  145  149  156  169  185  200  213  225  235  242  250
  257  261  263  261  260  262  267  273  281
    40.0-180.0 180.0   5.0 450.0                            LAT/LON1/LON2/DLON/H
  304  311  313  310  305  300  299  296  292  286  280  269  258  247  236  226
  219  215  213  215  218  224  230  236  240  241  243  246  251  250  250  247
  243  238  232  225  219  212  202  192  185  179  177  175  174  172  169  165
  160  158  156  154  152  150  152  158  171  190  207  222  235  247  255  264
  272  277  279  278  278  281  287  296  304
    37.5-180.0 180.0   5.0 450.0                            LAT/LON1/LON2/DLON/H
  332  339  341  338  333  328  324  322  320  317  309  298  285  268  253  240
  230  225  221  224  228  235  243  252  259  263  264  266  269  268  266  260
  254  249  243  236  228  220  210  199  191  185  183  184  185  184  181  176
  170  168  165  161  156  153  153  159  171  191  212  229  244  256  267  275
  284  289  292  292  295  299  308  321  332
    35.0-180.0 180.0   5.0 450.0                            LAT/LON1/LON2/DLON/H
  358  366  371  369  364  358  353  351  351  350  342  328  313  294  274  257
  243  236  233  234  240  249  259  271  280  285  287  288  289  287  282  275
  267  261  253  245  236  228  216  205  196  190  190  191  193  193  189  185
  178  174  171  163  157  154  153  159  170  190  213  233  250  263  274  283
  290  297  303  305  310  316  328  344  358
    32.5-180.0 180.0   5.0 450.0                            LAT/LON1/LON2/DLON/H
  381  393  402  403  398  389  384  382  384  381  376  364  346  324  299  276
  259  249  244  247  254  263  276  289  299  307  310  308  308  306  298  289
  278  271  262  252  242  231  219  208  199  194  193  195  197  196  193  188
  181  176  170  162  157  152  152  158  169  187  211  233  252  267  277  285
  291  298  307  313  322  333  350  365  381
    30.0-180.0 180.0   5.0 450.0                            LAT/LON1/LON2/DLON/H
  399  416  429  435  432  424  420  418  418  417  413  401  381  356  326  299
  281  268  260  263  269  279  293  306  317  325  327  324  321  321  310  298
  285  275  265  252  240  226  216  206  197  193  193  194  195  194  192  186
  178  173  167  161  156  151  151  154  164  181  205  228  249  266  276  284
  290  297  306  316  328  346  363  380  399
    27.5-180.0 180.0   5.0 450.0                            LAT/LON1/LON2/DLON/H
  409  431  452  465  466  460  454  452  453  453  451  440  418  389  358  332
  310  296  287  286  289  298  311  324  334  340  340  334  331  329  318  302
  285  272  260  244  229  215  206  198  191  187  187  187  188  186  184  179
  174  169  163  157  151  147  145  146  154  170  193  218  242  260  273  281
  287  293  301  313  328  346  365  386  409
    25.0-180.0 180.0   5.0 450.0                            LAT/LON1/LON2/DLON/H
  410  439  467  488  495  492  487  486  487  487  488  477  457  431  399  372
  346  331  320  315  315  322  332  343  350  352  348  341  338  333  319  299
  278  263  249  231  214  200  192  186  181  178  178  176  176  174  171  168
  165  159  154  148  142  138  135  136  142  156  177  204  230  251  264  273
  280  286  295  308  323  339  357  380  410
    22.5-180.0 180.0   5.0 450.0                            LAT/LON1/LON2/DLON/H
  406  442  475  503  517  518  514  514  515  515  518  515  498  476  444  417
  390  372  360  352  347  350  356  363  366  363  355  346  341  331  313  291
  269  253  237  219  201  188  181  176  172  170  167  164  161  158  155  152
  149  143  140  133  127  124  120  122  129  141  161  189  217  240  255  263
  271  279  290  305  320  334  350  373  406
    20.0-180.0 180.0   5.0 450.0                            LAT/LON1/LON2/DLON/H
  400  437  472  502  523  532  533  536  536  536  541  541  533  516  489  466
  439  421  406  395  385  381  380  382  381  374  362  349  337  321  299  277
  259  246  230  209  193  182  176  169  165  163  159  152  147  143  137  134
  130  126  122  116  111  109  108  109  116  126  146  175  205  232  248  257
  264  273  287  302  319  334  348  370  400
    17.5-180.0 180.0   5.0 450.0                            LAT/LON1/LON2/DLON/H
  398  430  463  492  516  528  536  544  547  548  553  557  555  547  529  512
  487  472  454  439  424  413  403  400  396  385  369  350  332  309  284  263
  248  238  221  203  191  184  179  171  164  160  155  146  139  132  123  120
  115  110  107  102   99   98   97   98  104  114  134  164  197  225  244  254
  261  271  284  302  319  334  350  371  398
    15.0-180.0 180.0   5.0 450.0                            LAT/LON1/LON2/DLON/H
  399  426  452  477  501  515  523  535  545  550  555  560  564  565  557  546
  529  515  497  478  459  442  425  418  409  393  372  349  325  298  271  251
  238  226  214  203  198  197  192  180  171  163  155  149  141  131  120  113
  107  101   97   93   90   90   90   92   95  105  126  156  191  220  241  253
  261  271  285  303  321  335  354  376  399
    12.5-180.0 180.0   5.0 450.0                            LAT/LON1/LON2/DLON/H
  402  424  444  461  482  498  506  519  534  542  546  555  563  570  572  567
  558  548  532  510  486  465  445  433  418  396  372  346  319  294  268  246
  228  221  213  211  215  222  216  198  186  176  168  162  154  142  125  113
  106   98   92   87   85   84   85   88   91  100  119  149  184  215  239  255
  263  274  287  306  326  342  360  383  402
    10.0-180.0 180.0   5.0 450.0                            LAT/LON1/LON2/DLON/H
  410  426  439  449  461  480  492  505  520  528  534  541  552  564  572  576
  574  569  556  534  507  482  461  446  425  400  373  345  317  291  268  246
  231  225  225  227  236  249  242  222  207  197  189  185  174  157  136  119
  108   99   91   84   81   81   82   84   89   97  115  143  177  208  236  253
  265  278  291  310  333  354  372  393  410
     7.5-180.0 180.0   5.0 450.0                            LAT/LON1/LON2/DLON/H
  424  437  444  446  451  465  482  494  507  514  518  524  536  551  563  572
  577  577  569  548  520  494  472  453  430  405  377  347  318  293  272  253
  242  243  250  250  261  271  261  246  231  220  211  207  190  171  149  131
  115  103   93   85   81   80   81   83   88   97  112  138  169  200  228  247
  265  281  295  313  338  365  388  408  424
     5.0-180.0 180.0   5.0 450.0                            LAT/LON1/LON2/DLON/H
  448  457  459  457  456  461  476  490  500  503  504  507  518  533  547  559
  567  571  567  547  522  498  476  456  433  408  380  351  324  301  280  267
  262  265  272  268  276  284  273  262  248  235  227  219  203  186  166  144
  125  110   99   88   82   79   81   84   89   97  111  133  159  189  216  240
  263  281  296  318  344  375  403  428  448
     2.5-180.0 180.0   5.0 450.0                            LAT/LON1/LON2/DLON/H
  471  484  486  483  473  471  479  490  497  497  495  495  503  515  528  538
  547  552  550  532  511  491  471  451  429  407  382  356  332  312  292  277
  272  271  269  271  278  279  265  259  247  234  226  217  207  194  175  153
  132  117  103   91   82   79   80   83   88   95  107  124  148  175  204  231
  258  278  296  319  348  382  416  448  471
