IONEX/igsg1680.22i
     1.0            IONOSPHERE MAPS     MIX                 IONEX VERSION / TYPE
cmpcmb v1.2          GRL/UWM             6-jul-22 15:40     PGM / RUN BY / DATE 
ionex file containing IGS COMBINED Ionosphere maps          COMMENT             
global ionosphere maps for day 168, 2022                    DESCRIPTION         
IONEX file containing the COMBINED IGS TEC MAPS and DCBs    DESCRIPTION         
      IONEX files of the following IAACs were combined: cod DESCRIPTION         
                                                        esa DESCRIPTION         
                                                        jpl DESCRIPTION         
                                                        upc DESCRIPTION         
Contact address: Andrzej Krankowski                         DESCRIPTION
                 Geodynamics Research Laboratory            DESCRIPTION
                 University of Warmia and Mazury (GRL/UWM)  DESCRIPTION
                 Oczapowski St. 1                           DESCRIPTION
                 10-957-Olsztyn, POLAND                     DESCRIPTION
                 e-mail:  kand@uwm.edu.pl                   DESCRIPTION
                                                            DESCRIPTION         
  2022     6    17     0     0     0                        EPOCH OF FIRST MAP  
  2022     6    18     0     0     0                        EPOCH OF LAST MAP   
  7200                                                      INTERVAL            
    13                                                      # OF MAPS IN FILE   
  COSZ                                                      MAPPING FUNCTION    
     0.0                                                    ELEVATION CUTOFF    
combined TEC calculated as weighted mean of input TEC valuesOBSERVABLES USED    
   337                                                      # OF STATIONS       
    32                                                      # OF SATELLITES     
  6371.0                                                    BASE RADIUS         
     2                                                      MAP DIMENSION       
   450.0 450.0   0.0                                        HGT1 / HGT2 / DHGT  
    87.5 -87.5  -2.5                                        LAT1 / LAT2 / DLAT  
  -180.0 180.0   5.0                                        LON1 / LON2 / DLON  
    -1                                                      EXPONENT            
TEC values in 0.1 tec units;  9999, if no value available   COMMENT             
DCB values in nanoseconds, reference is Sum_of_SatDCBs = 0  COMMENT             
                                                            END OF HEADER       
[from data line 1287]
     4                                                      START OF TEC MAP    
  2022     6    17     6     0     0                        EPOCH OF CURRENT MAP
    87.5-180.0 180.0   5.0 450.0                            LAT/LON1/LON2/DLON/H
  158  159  159  158  159  158  159  159  159  159  160  160  160  160  160  160
  161  161  161  160  161  160  160  159  159  158  158  157  157  157  156  156
  156  156  155  156  155  155  155  154  154  154  154  154  153  154  153  153
  153  153  153  154  154  154  154  154  154  155  155  155  155  156  157  157
  157  157  157  158  158  158  159  158  158
    85.0-180.0 180.0   5.0 450.0                            LAT/LON1/LON2/DLON/H
  156  156  156  156  156  157  157  158  158  159  160  161  162  162  163  164
  165  165  165  164  164  163  161  161  161  160  159  158  158  157  157  156
  155  155  155  154  154  153  154  154  154  154  154  154  154  153  153  154
  154  153  154  155  156  157  157  157  157  158  158  159  159  160  160  161
  161  161  160  159  159  158  157  157  156
    82.5-180.0 180.0   5.0 450.0                            LAT/LON1/LON2/DLON/H
  157  156  156  156  156  157  158  158  159  160  161  162  162  163  164  165
  165  165  165  166  166  165  162  163  161  161  159  158  157  155  154  153
  152  151  150  149  149  148  148  148  149  150  151  152  152  152  152  153
  153  154  156  157  159  161  164  165  166  167  167  168  168  167  168  167
  167  166  164  162  161  160  158  157  157
    80.0-180.0 180.0   5.0 450.0                            LAT/LON1/LON2/DLON/H
  159  158  156  156  155  155  156  156  158  159  160  162  163  165  167  167
  168  167  167  166  165  162  160  162  160  157  155  153  151  150  149  148
  147  146  146  146  145  145  145  145  145  145  146  148  148  150  150  152
  153  155  157  160  163  166  170  173  176  177  178  179  180  180  180  179
  178  176  174  171  168  165  163  161  159
    77.5-180.0 180.0   5.0 450.0                            LAT/LON1/LON2/DLON/H
  163  161  158  156  154  154  153  154  155  156  158  159  161  162  164  165
  167  167  166  164  162  161  159  154  154  151  149  146  144  142  141  141
  141  141  141  142  142  142  142  143  143  143  144  145  147  149  150  153
  155  159  163  166  170  174  178  182  186  189  191  192  194  194  194  193
  192  189  186  183  179  175  171  167  163
    75.0-180.0 180.0   5.0 450.0                            LAT/LON1/LON2/DLON/H
  171  165  161  158  155  153  152  151  151  152  153  155  157  159  162  163
  163  162  161  160  158  155  152  148  145  142  138  136  135  134  135  135
  135  137  138  140  142  142  142  142  143  143  144  145  147  150  154  157
  161  165  170  175  180  184  188  192  197  200  203  206  207  208  209  208
  207  204  202  197  192  187  182  176  171
    72.5-180.0 180.0   5.0 450.0                            LAT/LON1/LON2/DLON/H
  181  173  167  161  157  153  150  147  146  147  148  148  150  153  154  155
  155  156  155  153  150  147  145  140  137  133  129  127  127  127  128  131
  133  136  139  141  143  144  144  144  144  144  145  147  151  155  158  163
  168  174  179  184  188  193  197  201  206  210  213  216  219  221  221  221
  219  218  216  212  207  201  195  188  181
    70.0-180.0 180.0   5.0 450.0                            LAT/LON1/LON2/DLON/H
  192  183  174  166  160  154  150  146  143  142  141  141  142  144  144  145
  146  146  145  144  141  138  135  131  126  124  121  119  119  122  125  129
  134  138  142  145  147  148  149  148  148  148  149  151  156  160  165  170
  177  182  187  192  196  200  203  207  211  215  219  222  225  227  229  229
  229  229  227  224  219  214  207  200  192
    67.5-180.0 180.0   5.0 450.0                            LAT/LON1/LON2/DLON/H
  200  192  183  174  166  158  152  147  142  138  135  134  133  134  135  135
  137  135  135  134  131  128  125  120  116  115  114  114  115  119  124  130
  137  143  148  151  153  154  153  153  152  152  154  157  161  167  172  179
  185  189  194  197  199  202  205  208  211  215  218  222  225  227  230  232
  233  234  233  231  227  222  216  209  200
    65.0-180.0 180.0   5.0 450.0                            LAT/LON1/LON2/DLON/H
  206  199  191  182  174  165  157  150  143  136  131  127  125  124  124  125
  126  124  123  123  120  117  114  110  107  107  108  109  112  119  125  133
  141  149  154  157  159  159  159  157  157  158  160  163  168  174  180  185
  191  195  198  199  200  201  202  204  206  209  212  215  218  221  225  227
  229  231  233  232  230  226  220  213  206
    62.5-180.0 180.0   5.0 450.0                            LAT/LON1/LON2/DLON/H
  208  202  197  192  184  175  166  156  146  138  130  124  120  118  116  115
  114  113  112  111  108  105  103  101   99  100  102  106  111  119  127  136
  145  153  159  163  165  165  165  163  163  164  166  170  175  181  187  192
  196  198  199  199  198  198  198  198  199  201  203  205  208  211  214  217
  220  223  226  227  227  225  220  214  208
    60.0-180.0 180.0   5.0 450.0                            LAT/LON1/LON2/DLON/H
  207  204  201  199  194  187  178  167  154  143  133  125  118  114  111  107
  105  102  101   99   97   95   93   92   92   95   99  104  111  119  129  138
  148  157  163  168  169  170  169  168  169  169  172  177  182  188  193  197
  200  200  200  199  197  196  194  193  194  194  195  196  198  201  202  205
  208  212  215  218  220  219  216  212  207
    57.5-180.0 180.0   5.0 450.0                            LAT/LON1/LON2/DLON/H
  206  205  205  206  205  200  191  181  167  153  140  130  121  114  108  104
  100   95   94   91   89   87   87   87   88   91   97  103  111  120  129  140
  149  158  166  171  174  174  174  174  175  176  179  184  190  194  199  202
  204  204  202  201  199  196  195  193  193  193  192  192  193  193  193  194
  196  199  203  207  211  212  210  208  206
    55.0-180.0 180.0   5.0 450.0                            LAT/LON1/LON2/DLON/H
  205  206  209  212  214  211  206  195  183  166  153  141  129  119  111  104
   97   93   91   87   86   85   85   86   88   91   98  105  113  121  130  141
  150  160  168  174  177  178  179  180  181  183  187  192  197  202  206  209
  210  209  208  206  204  202  200  199  199  199  197  196  194  192  189  188
  188  190  194  198  203  205  205  205  205
    52.5-180.0 180.0   5.0 450.0                            LAT/LON1/LON2/DLON/H
  205  208  213  219  222  224  220  211  197  182  168  155  142  130  120  109
  101   96   93   91   89   89   90   90   92   96  103  109  117  124  132  141
  151  162  171  177  180  183  184  186  188  191  195  200  206  210  214  216
  217  217  216  215  213  212  211  211  211  211  209  206  202  197  192  188
  186  187  189  194  198  200  202  203  205
    50.0-180.0 180.0   5.0 450.0                            LAT/LON1/LON2/DLON/H
  206  212  218  225  231  235  231  223  210  197  184  171  159  146  132  122
  112  105  102  100   99   99  100  100  102  107  112  118  124  131  136  144
  154  165  173  180  185  188  190  192  195  199  204  211  216  220  222  225
  226  227  228  227  227  226  226  227  227  227  225  220  215  208  201  195
  191  190  192  195  198  200  201  203  206
    47.5-180.0 180.0   5.0 450.0                            LAT/LON1/LON2/DLON/H
  210  216  224  232  241  244  242  234  225  212  200  188  176  163  151  139
  128  121  118  116  116  116  116  115  116  119  123  129  134  138  142  147
  157  168  178  185  191  195  197  200  203  208  214  221  227  231  236  238
  239  241  242  243  243  244  244  245  244  243  240  235  229  221  213  206
  202  200  201  203  204  204  205  206  210
    45.0-180.0 180.0   5.0 450.0                            LAT/LON1/LON2/DLON/H
  215  221  228  238  247  251  249  243  235  225  216  205  195  182  169  158
  147  140  138  136  136  136  134  132  132  132  135  140  143  144  146  152
  161  172  182  191  198  203  206  208  213  218  225  232  239  246  249  254
  256  257  258  260  260  261  261  262  260  258  255  249  243  236  229  223
  219  216  216  215  215  213  213  213  215
    42.5-180.0 180.0   5.0 450.0                            LAT/LON1/LON2/DLON/H
  222  225  230  239  247  252  252  248  242  236  228  220  212  199  187  177
  166  159  157  156  156  155  152  148  145  144  146  149  151  150  151  157
  165  177  188  198  206  211  215  217  222  228  237  245  254  261  267  271
  275  277  277  278  278  278  279  279  277  274  267  262  255  250  246  243
  241  236  235  231  228  224  222  221  222
    40.0-180.0 180.0   5.0 450.0                            LAT/LON1/LON2/DLON/H
  230  229  231  238  244  249  251  249  245  242  237  231  224  215  205  194
  185  177  176  174  174  172  167  162  157  155  154  156  157  156  157  162
  170  181  193  205  214  220  224  227  232  239  248  259  270  279  286  292
  295  297  297  297  297  296  296  295  292  288  281  273  267  265  264  264
  263  260  257  251  245  238  235  232  230
    37.5-180.0 180.0   5.0 450.0                            LAT/LON1/LON2/DLON/H
  240  235  233  236  240  243  246  249  247  245  241  237  232  226  218  210
  200  193  191  190  190  187  182  175  168  163  163  165  165  161  161  165
  173  184  197  210  222  229  233  237  243  250  260  272  285  297  305  311
  315  316  315  314  313  313  314  311  307  302  295  288  284  284  286  289
  290  287  284  274  266  257  250  245  240
    35.0-180.0 180.0   5.0 450.0                            LAT/LON1/LON2/DLON/H
  253  245  237  237  236  237  241  247  247  245  243  239  236  233  228  221
  213  207  204  201  202  200  194  188  179  174  174  175  172  166  164  166
  173  184  198  213  227  237  243  247  252  261  272  286  299  311  321  328
  332  331  330  329  329  331  334  329  326  320  313  308  307  308  312  319
  321  320  315  303  293  279  269  260  253
    32.5-180.0 180.0   5.0 450.0                            LAT/LON1/LON2/DLON/H
  271  258  249  243  239  237  240  245  245  244  243  239  236  235  234  229
  224  217  214  210  211  210  204  199  190  186  185  183  177  169  165  164
  169  180  195  213  230  242  250  255  261  270  284  298  311  322  333  340
  343  343  342  341  345  351  356  355  352  346  340  336  335  336  342  352
  356  355  348  337  324  308  294  283  271
    30.0-180.0 180.0   5.0 450.0                            LAT/LON1/LON2/DLON/H
  295  280  269  258  248  242  242  244  243  242  240  236  234  234  235  235
  230  224  221  218  218  217  214  210  202  197  194  188  179  171  164  160
  163  173  188  208  228  244  255  262  268  277  291  305  318  329  339  345
  347  349  350  354  363  376  384  387  386  379  374  371  371  373  378  389
  393  391  384  374  359  340  325  311  295
    27.5-180.0 180.0   5.0 450.0                            LAT/LON1/LON2/DLON/H
  326  308  294  278  265  254  249  247  245  241  237  233  230  232  237  239
  235  230  226  226  223  224  223  220  214  207  200  190  179  167  158  153
  154  162  177  196  218  241  256  264  272  283  296  309  322  332  340  345
  347  350  357  367  383  401  414  422  421  416  412  410  411  414  418  428
  432  429  421  412  394  377  362  344  326
    25.0-180.0 180.0   5.0 450.0                            LAT/LON1/LON2/DLON/H
  359  340  323  304  286  272  261  255  249  244  238  233  230  232  239  243
  238  233  230  232  230  232  231  229  222  212  202  190  175  157  147  142
  141  148  162  183  209  236  253  265  275  286  298  311  324  331  338  344
  347  354  365  382  403  425  441  449  452  452  451  451  452  455  458  466
  470  468  459  450  434  416  397  379  359
    22.5-180.0 180.0   5.0 450.0                            LAT/LON1/LON2/DLON/H
  390  370  353  331  310  293  279  267  257  250  243  236  234  234  242  247
  242  236  232  235  235  237  237  233  224  212  199  183  164  142  133  127
  125  131  146  169  199  226  246  262  275  288  300  313  323  329  336  341
  348  358  373  396  421  445  461  471  475  480  482  486  490  492  496  500
  504  501  494  486  469  452  431  409  390
    20.0-180.0 180.0   5.0 450.0                            LAT/LON1/LON2/DLON/H
  419  400  377  355  331  312  297  281  268  259  250  242  238  237  244  250
  247  240  235  234  235  236  235  230  218  204  187  168  146  126  115  110
  108  113  129  156  187  215  239  258  273  289  302  314  322  329  336  342
  351  365  384  410  435  459  475  485  489  496  502  508  511  513  517  523
  524  523  521  511  497  481  460  439  419
    17.5-180.0 180.0   5.0 450.0                            LAT/LON1/LON2/DLON/H
  442  424  400  376  350  328  310  293  278  266  256  249  244  241  244  250
  249  240  234  230  230  229  227  219  206  187  169  145  125  109   97   93
   90   97  114  141  173  203  230  252  270  287  302  314  324  332  341  348
  359  378  400  425  449  468  480  489  493  500  509  515  516  517  522  528
  531  532  529  524  515  502  483  462  442
    15.0-180.0 180.0   5.0 450.0                            LAT/LON1/LON2/DLON/H
  457  438  416  392  364  339  319  301  285  272  262  254  248  245  245  247
  246  237  229  221  219  216  212  201  186  165  145  122  105   91   80   77
   76   83  101  128  161  191  219  243  266  285  301  315  328  338  349  360
  374  395  417  439  460  473  482  485  488  495  505  510  511  511  515  521
  527  529  529  527  520  511  496  476  457
    12.5-180.0 180.0   5.0 450.0                            LAT/LON1/LON2/DLON/H
  463  445  422  398  372  345  323  305  287  274  265  256  249  245  244  243
  241  231  221  210  205  200  193  180  162  140  120  100   87   76   67   65
   66   73   91  118  150  180  210  237  260  282  300  317  332  344  359  374
  392  414  434  452  467  476  479  478  479  487  497  503  502  500  503  509
  516  519  522  521  518  511  499  482  463
    10.0-180.0 180.0   5.0 450.0                            LAT/LON1/LON2/DLON/H
  463  442  416  392  370  347  324  304  286  274  264  254  246  241  239  236
  233  221  211  196  189  183  174  159  140  119   98   83   73   66   60   58
   60   68   85  110  140  172  203  231  255  279  299  319  336  349  367  387
  409  430  449  463  475  481  480  475  474  481  491  496  495  491  491  496
  503  507  511  512  513  507  497  481  463
     7.5-180.0 180.0   5.0 450.0                            LAT/LON1/LON2/DLON/H
  459  436  409  384  363  344  323  305  285  271  261  249  241  234  230  227
  222  210  198  183  175  167  156  141  121  100   82   72   65   61   57   56
   58   66   81  105  134  166  197  226  251  275  298  318  335  350  371  396
  420  443  460  473  484  489  487  481  479  485  494  497  495  489  485  486
  492  495  498  501  505  502  493  479  459
     5.0-180.0 180.0   5.0 450.0                            LAT/LON1/LON2/DLON/H
  456  431  403  377  357  341  324  307  287  271  258  245  234  226  220  218
  212  199  188  173  164  156  144  127  108   89   74   66   62   59   58   57
   60   67   80  102  130  162  193  222  246  271  293  313  332  348  370  398
  426  450  468  481  494  499  498  496  496  501  508  510  503  493  484  482
  485  486  487  490  496  495  488  476  456
     2.5-180.0 180.0   5.0 450.0                            LAT/LON1/LON2/DLON/H
  452  429  402  377  358  341  326  311  292  273  258  243  230  219  212  209
  204  191  181  165  156  147  135  119  101   83   72   64   62   61   61   61
   63   69   81  100  128  158  188  216  244  265  287  307  324  342  364  392
  425  453  471  489  502  507  511  515  519  524  529  527  516  500  487  481
  482  479  477  479  483  483  479  470  452
