IONEX/igsg1680.22i
     1.0            IONOSPHERE MAPS     MIX                 IONEX VERSION / TYPE
cmpcmb v1.2          GRL/UWM             6-jul-22 15:40     PGM / RUN BY / DATE 
ionex file containing IGS COMBINED Ionosphere maps          COMMENT             
global ionosphere maps for day 168, 2022                    DESCRIPTION         
IONEX file containing the COMBINED IGS TEC MAPS and DCBs    DESCRIPTION         
      IONEX files of the following IAACs were combined: cod DESCRIPTION         
                                                        esa DESCRIPTION         
                                                        jpl DESCRIPTION         
                                                        upc DESCRIPTION         
Contact address: Andrzej Krankowski                         DESCRIPTION
                 Geodynamics Research Laboratory            DESCRIPTION
                 University of Warmia and Mazury (GRL/UWM)  DESCRIPTION
                 Oczapowski St. 1                           DESCRIPTION
                 10-957-Olsztyn, POLAND                     DESCRIPTION
                 e-mail:  kand@uwm.edu.pl                   DESCRIPTION
                                                            DESCRIPTION         
  2022     6    17     0     0     0                        EPOCH OF FIRST MAP  
  2022     6    18     0     0     0                        EPOCH OF LAST MAP   
  7200                                                      INTERVAL            
    13                                                      # OF MAPS IN FILE   
  COSZ                                                      MAPPING FUNCTION    
     0.0                                                    ELEVATION CUTOFF    
combined TEC calculated as weighted mean of input TEC valuesOBSERVABLES USED    
   337                                                      # OF STATIONS       
    32                                                      # OF SATELLITES     
  6371.0                                                    BASE RADIUS         
     2                                                      MAP DIMENSION       
   450.0 450.0   0.0                                        HGT1 / HGT2 / DHGT  
    87.5 -87.5  -2.5                                        LAT1 / LAT2 / DLAT  
  -180.0 180.0   5.0                                        LON1 / LON2 / DLON  
    -1                                                      EXPONENT            
TEC values in 0.1 tec units;  9999, if no value available   COMMENT             
DCB values in nanoseconds, reference is Sum_of_SatDCBs = 0  COMMENT             
                                                            END OF HEADER       
[from data line 429]
     2                                                      START OF TEC MAP    
  2022     6    17     2     0     0                        EPOCH OF CURRENT MAP
    87.5-180.0 180.0   5.0 450.0                            LAT/LON1/LON2/DLON/H
  169  170  170  171  171  172  172  172  172  172  172  172  172  172  172  172
  171  170  170  169  169  168  167  167  165  164  163  163  162  161  160  160
  159  158  158  157  157  156  156  156  156  156  155  155  155  155  155  155
  155  156  156  156  157  157  158  159  159  160  160  161  161  162  163  164
  164  165  166  166  167  168  168  169  169
    85.0-180.0 180.0   5.0 450.0                            LAT/LON1/LON2/DLON/H
  175  176  177  178  178  178  180  179  179  177  177  177  176  176  175  174
  173  173  173  173  171  170  168  166  163  161  159  158  157  155  154  153
  152  151  150  149  149  148  149  148  148  148  147  148  147  147  148  147
  148  149  149  149  150  151  152  153  154  155  156  158  159  160  161  163
  164  166  167  169  170  171  172  174  175
    82.5-180.0 180.0   5.0 450.0                            LAT/LON1/LON2/DLON/H
  184  186  186  187  186  186  184  183  182  181  180  179  178  177  177  177
  176  176  174  173  171  170  167  163  160  158  155  154  151  149  148  146
  144  143  142  142  141  141  141  140  140  140  140  140  141  141  141  141
  141  142  142  143  143  144  146  148  149  151  153  155  157  158  160  162
  165  167  170  172  174  177  179  181  184
    80.0-180.0 180.0   5.0 450.0                            LAT/LON1/LON2/DLON/H
  189  191  191  191  189  187  185  183  181  179  178  178  177  177  177  177
  177  177  177  175  172  171  167  162  160  157  153  150  147  143  141  139
  137  136  136  135  135  134  135  136  136  136  136  136  136  137  136  137
  137  137  138  138  139  140  142  144  146  149  151  154  157  159  162  164
  167  171  173  177  179  182  184  188  189
    77.5-180.0 180.0   5.0 450.0                            LAT/LON1/LON2/DLON/H
  195  196  196  195  193  190  188  185  183  180  177  174  173  173  172  171
  172  171  172  173  172  171  163  160  156  152  146  142  139  136  133  131
  130  129  129  130  131  132  132  133  134  134  135  135  135  135  135  136
  136  137  137  137  139  140  142  145  147  150  153  156  159  162  165  168
  171  175  178  181  185  187  190  194  195
    75.0-180.0 180.0   5.0 450.0                            LAT/LON1/LON2/DLON/H
  200  201  201  200  199  195  191  186  182  177  173  171  168  166  165  166
  168  170  172  171  172  167  163  159  153  147  142  136  132  128  126  123
  123  124  125  127  128  130  132  134  135  136  136  137  137  137  137  137
  138  140  140  141  143  146  148  151  153  155  158  161  163  167  169  173
  176  179  183  186  190  192  196  198  200
    72.5-180.0 180.0   5.0 450.0                            LAT/LON1/LON2/DLON/H
  202  205  206  206  204  200  195  188  183  177  171  166  162  160  160  162
  164  167  167  170  170  166  161  156  150  143  136  131  126  122  120  119
  119  121  123  126  128  131  134  135  137  138  139  141  141  141  141  142
  143  145  147  149  151  153  156  159  161  163  165  167  169  172  175  178
  181  184  187  190  193  196  199  201  202
    70.0-180.0 180.0   5.0 450.0                            LAT/LON1/LON2/DLON/H
  203  205  207  208  208  205  201  194  187  179  171  164  160  157  156  158
  160  161  165  168  167  163  158  152  145  138  131  126  121  119  118  117
  119  121  124  127  130  133  135  138  140  141  143  145  147  148  149  150
  151  152  155  157  159  162  164  167  169  171  172  174  175  178  180  183
  186  188  190  193  196  198  200  201  203
    67.5-180.0 180.0   5.0 450.0                            LAT/LON1/LON2/DLON/H
  201  202  205  208  209  209  207  202  194  184  175  166  161  157  156  156
  155  160  162  163  160  158  154  147  140  133  127  123  120  119  119  119
  121  123  126  129  132  134  137  140  143  146  148  150  153  154  156  158
  160  160  162  164  166  169  171  173  175  176  177  179  180  182  184  186
  188  190  192  195  197  198  199  199  201
    65.0-180.0 180.0   5.0 450.0                            LAT/LON1/LON2/DLON/H
  198  200  202  205  208  211  211  208  202  193  183  173  165  161  158  155
  154  155  155  154  153  151  147  141  134  128  124  121  121  121  122  123
  124  126  128  130  133  135  137  140  144  148  152  154  157  159  162  164
  166  167  168  170  172  173  175  176  178  179  180  181  182  184  186  188
  190  192  194  196  198  198  198  198  198
    62.5-180.0 180.0   5.0 450.0                            LAT/LON1/LON2/DLON/H
  197  199  201  204  208  211  213  213  210  203  194  185  176  170  163  158
  154  151  148  146  145  143  139  135  130  125  123  122  123  125  127  128
  129  129  129  130  131  133  135  139  143  147  152  156  160  163  166  168
  170  171  172  173  174  175  177  178  179  179  180  180  181  183  185  187
  190  193  195  198  200  200  199  198  197
    60.0-180.0 180.0   5.0 450.0                            LAT/LON1/LON2/DLON/H
  200  200  202  205  209  212  215  217  215  212  207  199  190  182  174  165
  157  152  147  142  139  137  133  131  128  126  125  125  126  130  132  133
  132  130  129  128  128  130  132  136  141  145  150  155  160  164  168  171
  173  174  174  174  175  176  176  177  178  177  177  178  179  180  182  185
  188  192  196  200  202  202  202  201  200
    57.5-180.0 180.0   5.0 450.0                            LAT/LON1/LON2/DLON/H
  205  205  206  209  212  216  218  219  219  218  215  212  206  198  190  178
  167  158  150  143  139  136  133  133  132  133  132  133  134  136  136  136
  133  130  127  125  124  125  128  133  137  142  147  153  159  165  169  172
  176  176  176  176  176  176  176  176  175  175  174  174  175  177  179  181
  186  191  196  201  205  206  206  206  205
    55.0-180.0 180.0   5.0 450.0                            LAT/LON1/LON2/DLON/H
  213  214  214  215  218  221  223  223  223  222  221  221  219  215  207  194
  183  170  159  150  145  143  143  143  143  145  145  146  144  143  142  139
  134  130  125  122  121  123  125  130  134  138  143  150  157  164  170  175
  178  179  179  178  178  178  177  175  174  173  173  173  174  175  177  180
  184  191  196  202  207  210  212  213  213
    52.5-180.0 180.0   5.0 450.0                            LAT/LON1/LON2/DLON/H
  223  224  224  225  229  231  231  229  227  225  226  227  229  228  223  214
  202  188  175  166  160  159  160  162  162  164  163  162  158  154  150  144
  137  131  125  121  120  121  125  129  132  136  140  146  155  163  172  178
  182  184  183  183  182  181  180  178  176  176  175  175  176  176  178  181
  184  191  197  203  209  215  219  222  223
    50.0-180.0 180.0   5.0 450.0                            LAT/LON1/LON2/DLON/H
  234  237  238  240  244  245  241  238  234  230  229  231  235  238  237  232
  222  210  197  188  182  182  184  186  186  189  186  182  176  168  162  151
  142  135  127  123  121  123  126  129  132  134  137  143  153  164  173  182
  188  191  191  191  191  189  188  187  184  183  182  182  182  181  182  185
  188  192  199  205  212  219  227  231  234
    47.5-180.0 180.0   5.0 450.0                            LAT/LON1/LON2/DLON/H
  247  251  253  257  260  260  254  248  241  237  233  235  240  246  248  247
  240  231  220  213  208  209  210  213  212  214  210  204  193  182  173  159
  149  141  134  128  126  127  129  132  134  134  136  142  152  164  176  188
  195  200  202  203  203  203  202  201  198  196  195  193  192  191  190  192
  194  197  203  210  215  223  233  240  247
    45.0-180.0 180.0   5.0 450.0                            LAT/LON1/LON2/DLON/H
  256  262  266  270  275  274  269  261  253  247  240  240  245  251  256  258
  255  248  240  234  231  230  232  234  233  233  228  221  209  194  184  170
  160  151  143  137  133  133  134  137  137  137  137  141  151  166  181  195
  204  211  215  218  219  220  220  219  217  214  212  209  206  204  203  203
  204  206  211  217  222  230  241  249  256
    42.5-180.0 180.0   5.0 450.0                            LAT/LON1/LON2/DLON/H
  266  273  278  283  287  289  286  276  269  260  251  248  251  257  263  267
  267  262  255  250  247  247  247  249  247  246  241  233  220  206  195  181
  172  165  156  148  143  141  142  143  143  141  140  144  154  170  187  202
  214  223  229  234  237  239  240  239  236  233  230  225  222  220  218  218
  219  221  225  229  233  240  249  258  266
    40.0-180.0 180.0   5.0 450.0                            LAT/LON1/LON2/DLON/H
  277  285  289  295  301  306  304  296  288  276  267  261  262  266  272  276
  276  273  266  261  257  255  255  255  254  254  250  241  228  213  203  193
  186  180  171  162  155  152  151  152  152  148  146  149  159  174  193  209
  223  234  242  248  253  257  257  257  255  252  248  243  239  236  235  236
  237  239  243  246  248  254  262  270  277
    37.5-180.0 180.0   5.0 450.0                            LAT/LON1/LON2/DLON/H
  293  299  303  308  316  324  324  318  310  300  288  279  277  279  281  285
  285  280  274  267  261  259  257  256  257  258  256  248  236  223  213  205
  199  194  186  176  168  163  162  162  161  158  155  156  165  180  198  216
  230  242  251  259  265  270  272  272  272  268  264  259  256  253  252  254
  257  260  265  267  270  272  278  287  293
    35.0-180.0 180.0   5.0 450.0                            LAT/LON1/LON2/DLON/H
  313  318  323  327  335  345  346  340  334  326  312  302  296  295  294  294
  291  285  277  268  262  259  258  256  258  260  261  255  244  232  222  214
  209  205  197  188  180  175  174  173  172  169  165  164  171  185  202  219
  232  243  254  264  272  278  281  282  282  280  276  273  270  267  267  271
  278  284  293  295  296  296  301  308  313
    32.5-180.0 180.0   5.0 450.0                            LAT/LON1/LON2/DLON/H
  340  345  349  354  361  367  369  364  358  351  341  329  320  314  308  304
  297  288  277  267  261  259  258  256  260  263  265  261  251  238  228  218
  214  210  204  197  190  185  184  184  183  179  174  171  175  186  201  215
  229  240  252  264  273  280  284  286  288  286  284  281  280  279  281  287
  298  307  319  323  324  326  332  336  340
    30.0-180.0 180.0   5.0 450.0                            LAT/LON1/LON2/DLON/H
  373  378  383  387  392  396  396  388  383  375  368  355  344  333  322  314
  303  290  276  265  260  258  259  259  262  265  268  265  254  240  229  217
  212  209  205  201  196  194  193  192  191  186  179  172  173  182  194  207
  221  232  245  258  269  277  282  286  288  288  288  286  286  287  291  299
  314  327  343  348  351  357  363  368  373
    27.5-180.0 180.0   5.0 450.0                            LAT/LON1/LON2/DLON/H
  412  420  424  427  430  432  427  417  408  399  391  379  366  351  337  324
  308  290  273  262  259  260  261  261  264  267  270  265  252  237  223  208
  203  198  197  197  197  197  197  194  192  184  176  165  165  173  183  195
  208  221  236  251  263  272  277  282  284  286  288  290  291  294  299  310
  327  346  365  373  381  385  394  403  412
    25.0-180.0 180.0   5.0 450.0                            LAT/LON1/LON2/DLON/H
  452  462  468  472  473  474  466  451  435  425  414  400  384  368  350  334
  314  292  273  263  260  263  265  265  267  269  268  261  245  226  209  192
  182  178  179  185  189  191  193  187  182  175  165  154  150  157  168  179
  194  210  227  243  256  267  273  278  281  284  289  293  297  301  307  319
  338  360  381  394  407  413  423  437  452
    22.5-180.0 180.0   5.0 450.0                            LAT/LON1/LON2/DLON/H
  487  503  511  519  519  516  504  486  468  452  436  421  402  382  362  344
  321  297  276  266  265  269  270  271  269  267  262  251  231  206  187  166
  152  146  154  161  172  178  178  173  167  159  147  137  133  139  149  163
  181  198  219  238  254  265  272  277  281  286  292  297  303  310  317  330
  348  370  393  411  426  437  450  466  487
    20.0-180.0 180.0   5.0 450.0                            LAT/LON1/LON2/DLON/H
  510  531  545  554  556  555  544  527  504  483  460  439  416  392  370  350
  326  301  281  271  271  274  274  271  265  257  247  233  211  181  160  135
  121  117  124  134  145  157  156  152  148  140  128  118  116  121  131  148
  167  189  213  237  256  268  277  282  287  293  299  306  313  321  329  342
  358  380  404  421  437  452  466  486  510
    17.5-180.0 180.0   5.0 450.0                            LAT/LON1/LON2/DLON/H
  519  542  561  574  580  582  577  565  541  515  484  455  426  397  374  352
  328  303  285  275  274  276  272  263  252  238  225  208  185  151  130  106
   95   92   99  109  121  131  132  130  125  119  108  102  101  105  114  134
  157  182  211  239  260  275  286  294  299  304  313  322  330  336  345  357
  371  389  411  428  443  459  475  494  519
    15.0-180.0 180.0   5.0 450.0                            LAT/LON1/LON2/DLON/H
  516  539  557  576  588  595  599  592  572  541  504  466  432  399  373  350
  327  304  286  275  271  270  262  247  231  213  196  177  153  122  103   85
   77   75   82   91  100  109  111  108  104   99   92   90   91   94  102  123
  149  180  212  243  267  284  298  308  315  321  331  341  350  356  364  373
  384  399  418  434  447  460  474  494  516
    12.5-180.0 180.0   5.0 450.0                            LAT/LON1/LON2/DLON/H
  501  519  538  559  578  594  603  603  586  555  515  472  432  398  370  347
  324  301  283  270  264  258  244  225  205  183  164  145  124  103   88   73
   67   69   74   80   86   92   94   92   89   86   85   84   85   88   95  114
  143  178  213  245  271  291  306  319  330  340  351  361  371  378  384  391
  399  411  427  441  451  459  468  484  501
    10.0-180.0 180.0   5.0 450.0                            LAT/LON1/LON2/DLON/H
  482  495  509  531  552  574  590  596  584  557  517  473  431  395  366  342
  318  295  276  261  251  239  222  201  177  154  135  120  105   89   80   70
   68   71   76   79   81   85   86   85   83   84   86   86   84   84   90  107
  138  174  210  244  271  292  311  328  344  359  372  382  391  397  402  407
  413  422  434  447  456  460  463  471  482
     7.5-180.0 180.0   5.0 450.0                            LAT/LON1/LON2/DLON/H
  470  475  483  497  518  541  562  576  571  551  515  472  430  393  362  336
  311  287  267  249  235  217  199  176  153  132  115  102   91   83   79   76
   77   81   85   86   85   86   85   86   88   91   92   89   86   83   86  101
  132  168  204  238  266  288  312  335  358  378  393  402  408  413  417  422
  428  434  443  454  463  466  465  466  470
     5.0-180.0 180.0   5.0 450.0                            LAT/LON1/LON2/DLON/H
  472  469  470  476  491  510  532  549  550  535  505  467  428  392  360  332
  305  279  257  236  218  199  179  158  137  119  104   94   87   84   85   87
   89   94   98   96   94   93   91   93   97  100   99   95   89   82   82   95
  123  158  191  226  255  282  310  339  369  392  408  417  422  424  426  432
  439  444  452  463  472  476  475  474  472
     2.5-180.0 180.0   5.0 450.0                            LAT/LON1/LON2/DLON/H
  486  479  473  472  478  490  507  524  528  516  491  459  425  391  359  329
  300  272  247  225  205  186  164  145  128  114  102   94   88   89   92   98
  103  108  108  105  103  101   97   98  102  106  105   99   91   81   77   88
  113  145  178  212  242  272  302  336  371  398  415  424  424  426  428  435
  444  451  457  469  481  488  489  490  486
