IONEX/igsg1680.22i
     1.0            IONOSPHERE MAPS     MIX                 IONEX VERSION / TYPE
cmpcmb v1.2          GRL/UWM             6-jul-22 15:40     PGM / RUN BY / DATE 
ionex file containing IGS COMBINED Ionosphere maps          COMMENT             
global ionosphere maps for day 168, 2022                    DESCRIPTION         
IONEX file containing the COMBINED IGS TEC MAPS and DCBs    DESCRIPTION         
      IONEX files of the following IAACs were combined: cod DESCRIPTION         
                                                        esa DESCRIPTION         
                                                        jpl DESCRIPTION         
                                                        upc DESCRIPTION         
Contact address: Andrzej Krankowski                         DESCRIPTION
                 Geodynamics Research Laboratory            DESCRIPTION
                 University of Warmia and Mazury (GRL/UWM)  DESCRIPTION
                 Oczapowski St. 1                           DESCRIPTION
                 10-957-Olsztyn, POLAND                     DESCRIPTION
                 e-mail:  kand@uwm.edu.pl                   DESCRIPTION
                                                            DESCRIPTION         
  2022     6    17     0     0     0                        EPOCH OF FIRST MAP  
  2022     6    18     0     0     0                        EPOCH OF LAST MAP   
  7200                                                      INTERVAL            
    13                                                      # OF MAPS IN FILE   
  COSZ                                                      MAPPING FUNCTION    
     0.0                                                    ELEVATION CUTOFF    
combined TEC calculated as weighted mean of input TEC valuesOBSERVABLES USED    
   337                                                      # OF STATIONS       
    32                                                      # OF SATELLITES     
  6371.0                                                    BASE RADIUS         
     2                                                      MAP DIMENSION       
   450.0 450.0   0.0                                        HGT1 / HGT2 / DHGT  
    87.5 -87.5  -2.5                                        LAT1 / LAT2 / DLAT  
  -180.0 180.0   5.0                                        LON1 / LON2 / DLON  
    -1                                                      EXPONENT            
TEC values in 0.1 tec units;  9999, if no value available   COMMENT             
DCB values in nanoseconds, reference is Sum_of_SatDCBs = 0  COMMENT             
                                                            END OF HEADER       
[from data line 3003]
     8                                                      START OF TEC MAP    
  2022     6    17    14     0     0                        EPOCH OF CURRENT MAP
    87.5-180.0 180.0   5.0 450.0                            LAT/LON1/LON2/DLON/H
  154  154  154  155  154  155  155  155  155  155  155  156  156  156  157  157
  157  157  158  158  158  158  159  159  159  160  160  160  160  159  160  159
  160  159  159  160  160  159  159  159  159  159  159  159  159  158  158  158
  158  158  158  157  157  156  156  156  155  155  155  155  155  154  154  154
  154  154  154  154  154  154  154  154  154
    85.0-180.0 180.0   5.0 450.0                            LAT/LON1/LON2/DLON/H
  154  155  155  156  156  156  156  156  156  156  156  156  157  157  157  158
  159  159  161  162  163  163  163  163  162  162  162  162  162  162  162  162
  162  162  161  162  161  161  160  161  160  160  160  160  159  159  160  160
  160  159  159  159  159  158  157  157  156  156  156  155  155  155  154  154
  154  154  154  154  153  154  154  154  154
    82.5-180.0 180.0   5.0 450.0                            LAT/LON1/LON2/DLON/H
  155  156  156  156  156  156  156  157  157  157  158  158  159  159  160  161
  162  163  163  164  165  167  167  167  167  168  168  168  168  168  168  168
  167  167  167  167  166  165  165  164  164  163  163  163  163  163  163  163
  163  162  162  163  162  161  160  159  159  158  157  157  156  156  155  154
  154  154  154  153  153  153  154  155  155
    80.0-180.0 180.0   5.0 450.0                            LAT/LON1/LON2/DLON/H
  156  157  158  158  159  159  159  159  160  161  161  161  161  161  162  163
  165  166  167  168  170  172  172  172  172  172  173  173  174  174  174  175
  175  174  173  172  171  170  169  168  167  167  166  167  167  167  168  168
  168  167  166  166  165  165  164  163  162  161  160  158  157  156  155  154
  154  153  153  152  152  153  154  156  156
    77.5-180.0 180.0   5.0 450.0                            LAT/LON1/LON2/DLON/H
  157  158  159  160  161  162  163  163  162  162  161  160  160  160  160  161
  163  166  167  168  169  172  173  175  177  177  178  180  180  180  180  180
  179  178  177  177  176  175  172  171  171  170  170  170  170  171  172  173
  174  174  173  172  171  171  170  168  166  165  162  160  158  157  155  154
  153  152  152  151  152  153  154  156  157
    75.0-180.0 180.0   5.0 450.0                            LAT/LON1/LON2/DLON/H
  156  157  159  162  163  164  165  165  165  164  162  160  160  159  159  159
  160  163  164  167  171  173  177  179  180  182  184  184  184  185  185  184
  183  182  180  179  178  176  174  173  172  172  172  173  174  174  176  178
  179  180  180  179  179  177  176  174  171  168  165  162  159  157  154  152
  151  149  149  149  149  150  152  154  156
    72.5-180.0 180.0   5.0 450.0                            LAT/LON1/LON2/DLON/H
  153  155  158  161  164  166  167  168  167  165  163  161  159  157  156  157
  158  160  163  167  172  173  179  181  183  186  187  187  188  187  186  186
  185  183  182  180  179  177  176  175  174  174  174  176  176  178  179  181
  183  184  185  185  185  183  181  178  175  171  167  164  160  156  153  150
  148  146  146  145  145  147  148  150  153
    70.0-180.0 180.0   5.0 450.0                            LAT/LON1/LON2/DLON/H
  149  153  156  159  163  166  168  169  168  165  163  161  159  157  156  157
  157  160  163  164  170  173  177  180  183  186  188  189  188  187  187  186
  186  184  183  181  180  178  177  176  176  176  176  178  180  181  183  185
  187  188  189  189  188  186  184  181  178  174  170  166  161  157  153  150
  148  145  143  142  142  143  144  147  149
    67.5-180.0 180.0   5.0 450.0                            LAT/LON1/LON2/DLON/H
  146  149  153  157  161  165  168  168  168  166  165  162  160  158  157  156
  158  160  161  163  168  171  175  179  181  184  185  186  185  185  184  184
  184  184  183  182  180  179  178  177  178  178  179  180  182  184  185  187
  189  190  190  190  189  188  185  183  180  177  174  170  166  162  157  153
  150  146  144  142  141  140  141  143  146
    65.0-180.0 180.0   5.0 450.0                            LAT/LON1/LON2/DLON/H
  142  146  150  155  159  165  167  168  169  168  166  164  162  160  158  159
  160  161  161  163  166  168  172  176  178  180  181  181  181  182  182  182
  183  183  184  183  182  181  180  179  180  181  182  184  186  187  188  189
  190  190  189  189  188  187  185  183  182  180  178  176  173  169  164  160
  155  151  148  144  141  139  138  139  142
    62.5-180.0 180.0   5.0 450.0                            LAT/LON1/LON2/DLON/H
  139  142  146  151  156  162  165  168  169  169  168  166  163  162  161  162
  162  163  163  163  164  166  168  171  173  174  175  176  178  179  180  181
  183  184  185  185  185  183  182  182  183  184  185  187  189  190  191  190
  190  189  188  186  186  185  184  184  185  185  184  183  181  177  172  168
  163  159  156  150  146  142  139  138  139
    60.0-180.0 180.0   5.0 450.0                            LAT/LON1/LON2/DLON/H
  138  140  142  145  151  157  161  167  168  169  169  167  166  165  165  165
  165  164  163  162  162  163  164  167  169  171  173  174  176  177  179  182
  185  187  189  189  188  187  186  185  186  187  189  191  192  193  193  192
  191  188  186  185  184  184  185  187  190  193  193  193  190  187  182  178
  173  167  163  157  153  147  144  140  138
    57.5-180.0 180.0   5.0 450.0                            LAT/LON1/LON2/DLON/H
  141  139  141  142  146  151  156  161  165  166  168  167  167  167  168  168
  167  166  164  162  160  160  161  164  166  169  171  174  177  179  182  186
  189  192  194  195  194  193  192  191  191  191  193  194  195  196  196  195
  193  190  187  186  187  188  190  193  198  202  203  203  201  198  193  187
  182  176  172  165  159  154  149  144  141
    55.0-180.0 180.0   5.0 450.0                            LAT/LON1/LON2/DLON/H
  144  141  141  142  144  147  152  156  160  163  164  165  166  167  169  170
  170  169  166  164  161  160  161  163  166  170  173  175  179  182  187  191
  194  198  200  202  201  200  199  197  197  197  197  198  200  200  200  199
  197  194  192  191  193  196  199  203  207  211  214  214  212  209  203  196
  189  183  179  171  165  159  154  149  144
    52.5-180.0 180.0   5.0 450.0                            LAT/LON1/LON2/DLON/H
  147  144  142  141  142  144  148  153  156  159  162  163  165  167  170  172
  173  173  171  167  164  162  163  165  168  172  176  180  184  188  194  198
  201  205  207  209  210  209  208  207  205  205  205  205  205  206  206  205
  202  200  199  200  204  209  212  216  219  223  225  224  223  217  210  202
  194  187  182  173  168  162  157  152  147
    50.0-180.0 180.0   5.0 450.0                            LAT/LON1/LON2/DLON/H
  148  144  141  139  140  142  146  151  156  160  162  164  165  168  171  174
  176  177  175  172  169  166  167  169  173  178  182  187  192  197  202  206
  209  212  215  217  219  219  219  219  217  216  214  214  213  213  213  213
  211  210  211  212  217  224  227  229  231  233  234  233  230  225  216  207
  197  187  182  173  168  163  158  153  148
    47.5-180.0 180.0   5.0 450.0                            LAT/LON1/LON2/DLON/H
  148  144  141  139  139  141  145  150  156  163  166  168  170  172  174  178
  181  182  181  178  175  173  173  176  180  186  192  198  203  207  211  215
  217  220  223  227  230  234  235  235  233  231  228  225  224  223  224  224
  223  224  225  228  233  238  241  240  240  240  240  238  235  230  220  210
  199  188  182  173  168  162  157  152  148
    45.0-180.0 180.0   5.0 450.0                            LAT/LON1/LON2/DLON/H
  147  144  141  139  139  140  144  150  158  167  173  177  179  179  181  184
  187  189  189  187  184  182  183  186  191  197  203  209  214  219  222  226
  228  231  235  240  246  251  254  254  254  251  246  241  238  236  236  238
  239  241  241  245  249  251  253  250  246  243  242  241  239  234  224  212
  201  191  184  174  168  163  156  152  147
    42.5-180.0 180.0   5.0 450.0                            LAT/LON1/LON2/DLON/H
  148  144  141  138  137  137  142  149  159  171  181  188  190  190  191  193
  196  199  199  197  195  193  194  198  203  210  216  222  227  231  236  240
  244  247  252  259  267  274  279  280  280  276  270  263  257  254  253  255
  257  258  259  261  263  263  261  256  249  245  242  241  240  236  229  218
  207  196  189  179  171  165  158  152  148
    40.0-180.0 180.0   5.0 450.0                            LAT/LON1/LON2/DLON/H
  149  145  141  138  135  134  137  146  158  174  189  198  203  204  203  205
  208  211  211  210  207  205  206  210  216  224  231  236  242  248  253  259
  264  270  277  285  295  303  309  311  311  308  299  290  283  278  275  278
  277  278  276  277  275  272  267  259  251  244  241  241  243  241  235  225
  214  204  197  188  178  170  162  154  149
    37.5-180.0 180.0   5.0 450.0                            LAT/LON1/LON2/DLON/H
  151  147  142  138  133  130  131  140  155  175  195  209  216  219  219  220
  223  225  225  223  220  218  219  223  231  238  245  252  259  264  273  281
  289  298  307  318  329  338  343  346  347  342  332  322  312  306  303  302
  300  298  294  292  289  283  275  264  253  244  241  243  245  245  242  232
  222  214  208  198  188  178  168  158  151
    35.0-180.0 180.0   5.0 450.0                            LAT/LON1/LON2/DLON/H
  156  149  144  139  131  126  125  131  148  172  196  216  229  235  236  238
  240  241  240  238  234  231  232  236  244  252  260  268  276  284  295  306
  317  330  343  356  368  376  381  384  384  378  367  355  344  336  333  329
  326  322  317  312  305  298  286  271  258  247  243  246  248  249  246  238
  230  223  218  210  200  188  176  164  156
    32.5-180.0 180.0   5.0 450.0                            LAT/LON1/LON2/DLON/H
  160  153  147  140  132  124  119  124  140  165  194  219  238  249  254  257
  259  260  259  255  249  245  244  248  255  264  272  282  294  306  319  331
  349  365  383  395  405  414  418  421  420  413  402  389  378  368  363  358
  354  348  342  335  327  317  303  284  267  254  248  248  249  249  246  239
  233  228  224  219  210  198  184  171  160
    30.0-180.0 180.0   5.0 450.0                            LAT/LON1/LON2/DLON/H
  165  158  151  143  134  124  117  119  132  155  186  217  242  260  269  274
  278  279  278  272  263  257  255  258  264  273  282  294  312  326  342  358
  379  399  417  431  440  448  455  460  457  444  432  419  408  400  392  387
  385  377  372  365  355  343  324  303  281  263  253  251  250  248  243  235
  229  225  223  221  214  204  190  176  165
    27.5-180.0 180.0   5.0 450.0                            LAT/LON1/LON2/DLON/H
  170  163  157  148  139  128  119  117  126  148  178  210  238  263  279  289
  294  298  294  287  275  269  265  266  270  280  291  307  328  347  365  385
  408  430  447  460  470  474  483  489  487  473  462  445  434  426  419  415
  414  410  404  398  385  370  348  323  297  276  262  255  250  244  237  229
  220  216  215  215  210  203  193  181  170
    25.0-180.0 180.0   5.0 450.0                            LAT/LON1/LON2/DLON/H
  173  167  162  155  145  135  125  120  124  140  166  198  231  260  282  296
  305  311  308  300  286  279  274  273  277  288  302  322  344  368  390  411
  435  455  470  484  493  498  505  507  509  501  485  470  457  448  444  441
  444  443  438  429  413  394  371  345  313  287  270  259  248  238  228  217
  208  202  202  203  202  198  191  181  173
    22.5-180.0 180.0   5.0 450.0                            LAT/LON1/LON2/DLON/H
  172  168  165  159  152  144  135  127  126  135  157  185  218  250  278  298
  311  320  318  311  299  290  284  283  287  300  317  339  363  389  414  437
  460  476  490  502  510  515  514  509  514  509  497  487  474  465  465  469
  473  475  468  456  435  413  389  361  326  296  275  259  243  231  218  203
  193  187  186  187  189  188  183  177  172
    20.0-180.0 180.0   5.0 450.0                            LAT/LON1/LON2/DLON/H
  165  165  163  160  155  150  143  137  132  135  149  174  206  237  268  293
  312  323  324  318  310  300  295  295  301  317  336  361  385  411  436  459
  484  493  504  514  518  520  514  504  506  506  501  496  487  479  482  490
  497  497  487  471  450  423  396  364  330  299  275  256  240  224  208  191
  177  171  170  169  171  173  171  168  165
    17.5-180.0 180.0   5.0 450.0                            LAT/LON1/LON2/DLON/H
  155  157  158  155  152  150  147  144  138  136  145  165  193  224  255  282
  304  318  324  320  317  311  308  310  317  336  357  383  410  435  459  481
  500  508  512  517  517  516  509  500  500  503  502  500  495  493  498  506
  509  505  492  473  448  419  388  356  325  296  273  253  237  219  201  184
  170  161  159  156  155  157  157  154  155
    15.0-180.0 180.0   5.0 450.0                            LAT/LON1/LON2/DLON/H
  146  147  147  145  145  146  148  146  141  138  143  158  182  212  242  267
  290  306  317  321  323  321  320  325  335  356  381  409  434  458  480  498
  512  518  517  517  514  510  504  499  497  502  504  504  503  504  507  511
  510  500  485  463  434  404  372  341  312  288  268  251  233  216  198  184
  169  160  156  151  147  147  147  147  146
    12.5-180.0 180.0   5.0 450.0                            LAT/LON1/LON2/DLON/H
  141  139  137  135  136  140  143  144  142  140  142  153  173  200  228  253
  275  295  309  321  329  332  335  342  357  378  405  432  456  477  495  510
  521  524  521  517  511  507  503  499  499  505  509  509  509  509  508  507
  500  487  468  443  413  384  352  322  296  276  261  247  229  213  199  186
  174  163  158  152  146  143  144  144  141
    10.0-180.0 180.0   5.0 450.0                            LAT/LON1/LON2/DLON/H
  141  135  131  127  127  131  136  138  139  138  140  149  166  191  216  240
  263  285  306  322  334  342  350  361  379  402  428  453  473  489  504  518
  527  527  524  520  514  509  508  506  509  514  516  515  513  508  502  496
  484  466  444  419  388  359  329  303  283  268  255  241  226  211  201  187
  177  170  166  159  150  146  145  146  141
     7.5-180.0 180.0   5.0 450.0                            LAT/LON1/LON2/DLON/H
  143  133  127  122  119  122  126  128  131  133  137  146  161  182  208  231
  257  281  304  323  340  352  365  380  400  423  446  466  482  496  508  520
  529  530  526  523  523  520  517  517  520  523  520  516  511  501  490  476
  458  439  418  393  365  336  311  291  275  262  250  236  221  207  198  188
  182  177  174  166  158  153  151  148  143
     5.0-180.0 180.0   5.0 450.0                            LAT/LON1/LON2/DLON/H
  145  134  126  118  114  114  115  117  120  124  130  140  156  177  202  227
  254  280  305  327  345  362  379  397  418  439  458  473  483  494  505  516
  526  527  524  525  529  530  528  527  528  525  519  510  499  483  467  448
  429  410  392  369  345  319  300  284  268  253  238  227  214  200  191  185
  182  181  179  170  163  159  157  152  145
     2.5-180.0 180.0   5.0 450.0                            LAT/LON1/LON2/DLON/H
  145  136  125  116  111  108  107  106  108  112  120  132  149  172  197  225
  254  282  308  330  350  370  390  410  430  449  463  472  477  484  493  505
  513  516  515  518  526  531  532  529  525  518  506  490  472  453  435  416
  399  381  367  347  328  307  291  276  258  238  222  211  199  185  178  174
  173  174  175  169  164  160  158  152  145
