IONEX/uprg1680.22i
     1.0            IONOSPHERE MAPS     GPS                 IONEX VERSION / TYPE
map2ionex           UPC-IonSAT          18 June 2022 21:35  PGM / RUN BY / DATE 
Raw map                                                     COMMENT             
Global ionosphere raw maps for day 168, 2022                DESCRIPTION         
Modeled independently for each station with a 3D voxel      DESCRIPTION         
model: 72x9x2 cells in local time, latitude and height      DESCRIPTION         
The height boundaries are: 59-739-1419 km                   DESCRIPTION         
The estimates have NOT been interpolated                    DESCRIPTION         
See for instance: Hernandez-Pajares, Juan, Sanz and Sole,   DESCRIPTION         
JGR, Vol.103, N.A9, 20789-20796, 1998                       DESCRIPTION         
Contact e-mail: manuel@ma4.upc.edu  Plots at:               DESCRIPTION         
ftp://g1.upc.es/upc_ionex/                                  DESCRIPTION         
  2022     6    17     0     0     0                        EPOCH OF FIRST MAP  
  2022     6    17    23    59    24                        EPOCH OF LAST MAP   
  7200                                                      INTERVAL            
    13                                                      # OF MAPS IN FILE   
  NONE                                                      MAPPING FUNCTION    
     0.0                                                    ELEVATION CUTOFF    
Phase differences (L1-L2)                                   OBSERVABLES USED    
   231                                                      # OF STATIONS       
    38                                                      # OF SATELLITES     
  6371.0                                                    BASE RADIUS         
     2                                                      MAP DIMENSION       
   450.0 450.0   0.0                                        HGT1 / HGT2 / DHGT  
    87.5 -87.5  -2.5                                        LAT1 / LAT2 / DLAT  
  -180.0 180.0   5.0                                        LON1 / LON2 / DLON  
    -1                                                      EXPONENT            
TEC values in 0.1 tec units;  9999, if no value available   COMMENT             
DIFFERENTIAL CODE BIASES: DCBs vanish                       COMMENT             
in our approach, so we can compute them                     COMMENT             
as post-fit residuals                                       COMMENT             
IGS GPS stations used in the computations:                  COMMENT             
abmf ac23 acso ajac alg3 alic amc4 areg aruc ascg aut0 badg COMMENT             
baie bake bamf baut bcov bele bill boav bogi bogt bor1 braz COMMENT             
brst brux bshm bucu bzr2 cas1 ccj2 cebr cedu chpg chu2 ckis COMMENT             
coco cord cro1 cusv cztg dav1 dgar dlf1 dra4 dubo dyng ebre COMMENT             
elba eliz enao eur2 faa1 fair falk ffmj flin flrs frdn ftna COMMENT             
func gamb gamg ganp geno glsv gop6 grac graz guam hers hksl COMMENT             
hkws hlfx hob2 hofn holb hrag hueg ieng iisc iqal ishi izmi COMMENT             
jdpr jfng joze kat1 kerg kgni kiri kiru kit3 kokb kour krs1 COMMENT             
ksu1 kuj2 kzn2 lamp laut lck4 leij lmmf lpal lpgs m0se mac1 COMMENT             
mal2 mao0 mar6 mars mas1 matg maw1 mayg mbar mchl mcil medi COMMENT             
meli mers metg mgo4 mgue mikl mizu mobs mro1 myva nico nklg COMMENT             
nlib nnor not1 nrc1 nya2 obe4 ons1 p043 p051 p053 p389 p779 COMMENT             
p802 pado palm park pdel pert pgc5 picl pie1 poal pohn polv COMMENT             
pots pove prd3 ptal ptbb ptgg ptvl qaq1 rabt raeg redu reun COMMENT             
reyk riga rio2 samo sant sask savo sch2 scor scrz scub sfer COMMENT             
sgoc sgpo sin1 spt0 sthl stj3 stk2 stpm str1 suth svtl sydn COMMENT             
syog tash thu2 tit2 tlse tong topl tow2 tro1 tsk2 tuva twtf COMMENT             
ucag ufpr ulab unsa ural urum usal vacs vald ven1 vis0 voim COMMENT             
warn whit will wind wroc wslb wsrt wtzr xmis yar3 yebe yel3 COMMENT             
zamb zeck zim2                                              COMMENT             
                                                            END OF HEADER       
[from data line 4719]
    12                                                      START OF TEC MAP    
  2022     6    17    22     0     0                        EPOCH OF CURRENT MAP
    87.5-180.0 180.0   5.0 450.0                            LAT/LON1/LON2/DLON/H
  154  153  153  155  155  157  157  157  158  158  160  160  162  162  162  163
  163  162  161  162  162  162  163  163  163  162  161  158  158  158  156  157
  155  155  156  154  154  154  154  154  153  151  151  151  150  149  148  147
  147  147  144  144  144  143  143  143  144  144  144  146  146  148  148  148
  149  149  151  151  151  152  152  152  154
    85.0-180.0 180.0   5.0 450.0                            LAT/LON1/LON2/DLON/H
  148  148  151  152  155  155  157  159  159  161  162  162  163  164  165  164
  166  169  170  171  171  171  173  171  166  163  163  161  162  162  161  161
  161  161  161  160  160  159  159  157  157  156  156  153  152  150  148  147
  145  144  143  141  140  139  138  138  139  140  140  144  148  149  151  151
  150  150  148  146  146  146  146  147  148
    82.5-180.0 180.0   5.0 450.0                            LAT/LON1/LON2/DLON/H
  156  159  158  160  162  162  162  163  164  164  165  165  166  166  167  168
  169  171  174  176  177  178  177  171  171  172  172  169  164  159  159  156
  156  155  155  155  155  154  154  155  153  153  153  149  148  146  147  145
  144  142  141  140  139  138  138  138  139  141  142  146  152  155  155  154
  152  151  151  150  148  150  152  152  156
    80.0-180.0 180.0   5.0 450.0                            LAT/LON1/LON2/DLON/H
  165  165  165  164  165  165  165  164  164  160  159  158  158  160  164  166
  167  168  168  169  169  181  179  184  177  174  174  174  172  168  166  162
  158  155  154  153  150  149  150  151  150  147  147  143  141  141  140  145
  146  148  145  143  142  143  143  143  144  146  148  152  156  158  160  159
  159  159  157  158  159  162  161  165  165
    77.5-180.0 180.0   5.0 450.0                            LAT/LON1/LON2/DLON/H
  171  171  170  172  169  166  163  157  154  153  156  160  161  162  162  163
  166  170  173  176  176  175  181  181  175  177  177  174  171  168  167  163
  159  155  152  148  145  143  142  141  143  145  145  142  139  137  139  143
  148  155  153  150  150  149  150  150  151  153  155  159  164  165  167  167
  168  169  168  168  170  169  171  172  171
    75.0-180.0 180.0   5.0 450.0                            LAT/LON1/LON2/DLON/H
  178  177  179  176  176  171  168  166  163  163  164  164  163  164  170  170
  170  170  171  176  177  188  181  179  178  174  169  169  173  171  166  162
  158  153  149  148  147  145  145  142  141  142  142  142  141  140  140  145
  150  155  157  156  154  154  154  156  157  159  162  167  170  172  173  175
  176  177  178  178  179  177  179  178  178
    72.5-180.0 180.0   5.0 450.0                            LAT/LON1/LON2/DLON/H
  184  184  184  185  183  181  181  177  174  172  173  175  179  183  184  181
  178  173  173  181  183  186  179  176  172  171  167  166  166  166  163  161
  159  156  150  147  147  145  146  148  146  145  145  147  146  145  145  150
  153  157  157  156  155  154  155  158  160  163  166  172  175  178  180  183
  185  185  187  189  187  186  185  183  184
    70.0-180.0 180.0   5.0 450.0                            LAT/LON1/LON2/DLON/H
  186  188  190  192  193  192  191  189  184  185  188  190  192  194  198  192
  184  177  186  184  184  184  177  172  169  170  164  162  165  165  165  161
  160  159  158  155  153  151  148  149  152  152  152  152  152  151  151  152
  154  155  154  152  152  151  152  155  161  165  169  176  180  183  187  189
  193  196  197  198  197  194  190  188  186
    67.5-180.0 180.0   5.0 450.0                            LAT/LON1/LON2/DLON/H
  190  191  195  197  199  202  200  195  196  198  197  197  201  204  201  198
  191  188  190  183  184  184  176  173  171  167  166  163  163  165  166  165
  164  166  166  162  161  161  158  155  154  155  155  153  152  152  151  153
  152  151  147  144  145  144  147  149  159  165  171  178  182  188  191  196
  202  204  208  209  205  202  195  193  190
    65.0-180.0 180.0   5.0 450.0                            LAT/LON1/LON2/DLON/H
  197  197  200  200  202  206  204  200  200  202  202  202  204  205  203  203
  202  197  194  188  187  187  181  175  173  169  169  166  165  168  167  167
  168  168  168  166  164  163  161  158  156  155  155  149  147  146  146  148
  145  143  138  135  137  138  141  144  157  165  172  179  183  190  194  202
  207  211  217  221  217  213  204  202  197
    62.5-180.0 180.0   5.0 450.0                            LAT/LON1/LON2/DLON/H
  208  205  209  209  207  208  205  202  202  203  204  204  204  203  204  206
  207  203  203  196  195  194  190  184  178  177  174  173  172  175  173  172
  170  168  168  166  162  160  159  157  157  157  157  150  144  138  136  140
  135  134  131  132  134  137  140  144  152  163  171  178  182  190  195  203
  210  218  224  230  229  225  217  216  208
    60.0-180.0 180.0   5.0 450.0                            LAT/LON1/LON2/DLON/H
  228  220  220  221  214  209  206  204  204  203  203  203  203  202  202  204
  207  209  208  203  202  201  199  195  188  188  183  186  182  182  182  183
  179  172  172  172  169  163  161  162  161  159  159  151  144  136  132  133
  131  130  130  132  135  138  141  146  150  161  168  175  181  188  197  203
  213  219  230  236  236  235  231  230  228
    57.5-180.0 180.0   5.0 450.0                            LAT/LON1/LON2/DLON/H
  255  243  239  234  222  213  211  209  206  203  203  203  201  200  200  202
  205  207  206  205  206  206  204  202  199  200  192  193  190  187  192  194
  192  186  184  186  183  176  174  172  169  162  162  155  146  138  133  132
  130  130  129  130  134  136  139  146  151  159  165  172  180  185  195  201
  213  220  231  240  239  239  243  250  255
    55.0-180.0 180.0   5.0 450.0                            LAT/LON1/LON2/DLON/H
  275  268  257  250  236  224  218  217  211  206  204  202  199  198  198  200
  201  202  202  204  206  207  207  204  203  203  200  197  192  190  199  202
  200  196  196  195  194  189  184  179  174  167  167  152  146  142  138  134
  132  129  125  125  128  132  138  146  151  160  167  172  179  183  192  201
  212  226  235  241  237  237  245  258  275
    52.5-180.0 180.0   5.0 450.0                            LAT/LON1/LON2/DLON/H
  284  285  276  261  252  241  234  225  218  211  207  203  200  198  197  197
  198  199  201  202  204  206  208  205  203  203  201  195  193  194  204  206
  206  204  205  204  200  196  190  183  174  165  165  152  146  141  136  134
  130  126  124  122  124  129  139  147  154  165  174  178  184  187  192  204
  213  228  238  240  232  232  237  255  284
    50.0-180.0 180.0   5.0 450.0                            LAT/LON1/LON2/DLON/H
  285  295  285  276  268  255  248  237  225  217  212  207  202  199  197  197
  198  198  200  202  203  206  209  207  205  203  201  195  196  198  211  211
  208  209  209  207  203  197  189  180  172  165  165  149  142  136  133  132
  129  126  123  120  124  132  141  148  158  173  182  188  194  196  199  210
  222  232  241  241  233  232  237  249  285
    47.5-180.0 180.0   5.0 450.0                            LAT/LON1/LON2/DLON/H
  289  302  296  288  275  266  259  248  233  226  220  213  209  203  200  200
  200  200  201  204  205  209  213  213  211  209  203  201  202  204  214  216
  211  212  213  209  204  196  189  180  170  162  162  145  140  135  132  131
  130  127  122  121  124  134  145  152  165  179  190  198  207  210  216  225
  235  239  246  244  241  243  251  268  289
    45.0-180.0 180.0   5.0 450.0                            LAT/LON1/LON2/DLON/H
  298  307  304  299  290  277  268  260  249  242  232  224  218  210  206  205
  204  204  204  207  210  214  219  221  218  217  213  211  217  214  218  226
  218  215  213  208  202  194  185  177  169  154  154  146  143  139  135  136
  133  130  124  127  130  138  149  158  171  185  199  208  222  234  237  245
  249  252  256  253  253  256  269  280  298
    42.5-180.0 180.0   5.0 450.0                            LAT/LON1/LON2/DLON/H
  309  320  319  312  308  293  282  272  265  257  246  236  225  219  213  210
  210  209  209  213  215  220  225  229  228  227  225  227  237  229  230  234
  226  222  215  208  201  191  182  176  169  163  163  150  148  145  143  142
  139  137  134  136  139  143  152  159  172  190  206  217  232  246  250  258
  264  267  271  266  266  273  285  295  309
    40.0-180.0 180.0   5.0 450.0                            LAT/LON1/LON2/DLON/H
  328  341  340  335  325  311  308  295  282  268  263  250  240  230  221  218
  216  217  216  220  221  226  230  237  241  242  241  247  256  250  249  245
  236  230  221  210  204  196  184  175  170  165  165  155  154  151  152  151
  147  146  144  145  145  145  148  153  167  191  209  221  235  250  258  267
  278  282  284  280  280  286  299  316  328
    37.5-180.0 180.0   5.0 450.0                            LAT/LON1/LON2/DLON/H
  358  365  367  363  359  353  339  325  313  303  285  269  261  241  232  227
  224  226  225  228  230  234  237  251  259  263  261  267  272  269  267  256
  246  238  228  215  206  199  187  175  171  163  163  161  163  162  159  159
  153  154  153  148  145  144  143  146  158  185  209  223  238  253  265  274
  285  292  295  289  295  299  314  341  358
    35.0-180.0 180.0   5.0 450.0                            LAT/LON1/LON2/DLON/H
  383  386  390  390  391  387  373  361  351  338  313  289  274  261  247  238
  232  232  232  235  239  245  253  269  280  287  289  290  291  290  280  268
  254  247  233  221  209  202  190  177  170  165  165  166  168  165  162  161
  154  156  155  141  139  140  138  145  155  178  205  222  239  254  265  275
  283  294  306  305  308  313  335  368  383
    32.5-180.0 180.0   5.0 450.0                            LAT/LON1/LON2/DLON/H
  410  410  415  418  418  408  402  392  383  359  344  321  301  286  269  250
  241  236  233  243  251  257  270  284  295  311  313  305  302  302  290  279
  263  251  238  226  216  205  195  183  174  169  169  169  170  162  160  159
  150  151  150  137  138  139  144  152  161  178  203  220  237  253  262  271
  279  290  307  314  323  340  377  396  410
    30.0-180.0 180.0   5.0 450.0                            LAT/LON1/LON2/DLON/H
  430  429  433  441  441  437  438  430  418  395  378  355  331  312  288  266
  259  249  239  254  264  270  288  299  311  325  325  309  302  310  298  282
  266  253  241  229  218  202  194  187  176  173  173  170  168  160  159  155
  146  148  148  145  149  149  153  157  165  180  201  217  235  251  261  272
  279  288  303  314  334  369  401  421  430
    27.5-180.0 180.0   5.0 450.0                            LAT/LON1/LON2/DLON/H
  439  440  450  466  468  465  464  460  452  432  419  396  365  335  315  307
  289  278  270  275  283  290  306  319  329  335  330  306  299  309  302  286
  263  249  238  224  213  197  190  185  175  171  171  169  168  161  158  158
  156  157  157  155  157  157  157  155  158  173  192  208  228  245  259  272
  282  288  294  306  328  363  397  423  439
    25.0-180.0 180.0   5.0 450.0                            LAT/LON1/LON2/DLON/H
  435  448  463  486  494  493  490  490  485  467  461  435  402  387  359  351
  322  315  305  305  310  320  332  344  347  348  330  308  306  313  305  285
  259  245  233  219  208  192  185  178  171  170  170  167  169  164  160  162
  165  163  162  159  156  155  147  146  151  162  178  194  212  231  246  260
  278  283  285  297  312  339  368  401  435
    22.5-180.0 180.0   5.0 450.0                            LAT/LON1/LON2/DLON/H
  423  453  475  504  521  521  511  514  505  487  486  483  457  440  409  400
  365  350  340  343  344  354  361  371  369  362  342  320  316  312  301  286
  266  251  237  225  211  193  184  174  168  169  169  164  166  162  157  156
  158  149  154  146  140  137  129  132  144  153  165  180  197  216  230  243
  264  275  283  295  311  329  350  381  423
    20.0-180.0 180.0   5.0 450.0                            LAT/LON1/LON2/DLON/H
  410  446  473  499  525  535  536  539  519  503  505  507  497  486  458  450
  412  395  385  388  384  386  384  390  390  380  360  334  317  300  286  282
  278  276  253  226  210  194  184  168  160  162  162  155  158  154  145  142
  135  133  133  125  120  118  114  119  133  140  152  168  187  209  223  234
  253  270  282  295  314  332  349  378  410
    17.5-180.0 180.0   5.0 450.0                            LAT/LON1/LON2/DLON/H
  409  438  463  483  510  520  532  539  526  509  510  514  514  513  498  494
  456  444  426  424  421  416  398  402  411  404  382  348  324  288  268  273
  282  285  248  210  198  190  181  162  152  150  150  145  149  143  125  126
  119  114  113  109  108  109  106  109  120  129  143  162  186  207  222  233
  249  267  279  296  314  328  353  380  409
    15.0-180.0 180.0   5.0 450.0                            LAT/LON1/LON2/DLON/H
  410  440  454  469  495  504  500  509  516  508  507  512  516  523  518  512
  488  473  455  446  441  433  408  416  425  414  391  356  314  278  253  260
  271  254  216  187  181  187  183  159  144  131  131  142  146  138  117  112
  112  107  102  102  104  106  106  107  112  120  137  157  187  207  224  238
  248  264  279  298  313  319  348  388  410
    12.5-180.0 180.0   5.0 450.0                            LAT/LON1/LON2/DLON/H
  405  430  447  454  478  495  478  478  493  498  497  507  514  522  524  519
  504  492  477  461  449  438  417  425  424  405  381  346  302  274  254  250
  238  222  184  165  176  204  200  164  144  132  132  149  153  143  113  102
  107  104   97   94   98  103  103  105  106  111  124  148  177  203  227  244
  251  267  282  302  318  324  342  385  405
    10.0-180.0 180.0   5.0 450.0                            LAT/LON1/LON2/DLON/H
  394  418  434  440  450  483  477  469  479  485  491  496  507  516  519  520
  513  508  498  482  463  442  429  433  419  398  374  336  292  261  248  238
  226  210  186  168  182  226  222  181  157  149  149  173  168  143  108   94
   98   97   90   82   89   97   94   93   96  102  113  136  165  195  225  242
  254  276  289  306  327  341  350  377  394
     7.5-180.0 180.0   5.0 450.0                            LAT/LON1/LON2/DLON/H
  399  416  428  432  441  467  484  472  473  476  480  485  496  506  510  517
  518  521  519  504  482  459  446  441  422  401  375  333  286  256  244  240
  240  245  244  204  216  247  232  211  192  180  180  197  170  137  110   99
   94   90   83   77   85   90   89   84   90   97  108  130  157  183  209  226
  253  279  293  310  333  360  372  385  399
     5.0-180.0 180.0   5.0 450.0                            LAT/LON1/LON2/DLON/H
  432  431  435  442  450  464  485  483  477  471  471  473  482  492  498  508
  514  521  529  513  493  472  458  444  425  407  378  338  298  272  258  269
  294  311  306  253  254  275  251  247  227  210  210  208  179  156  138  117
  100   90   84   78   80   85   87   87   90   95  108  124  141  170  190  213
  247  277  290  319  344  378  399  417  432
     2.5-180.0 180.0   5.0 450.0                            LAT/LON1/LON2/DLON/H
  467  461  460  473  471  476  491  493  483  470  465  464  469  476  481  490
  497  505  518  500  482  471  453  433  416  405  384  353  328  310  297  306
  331  337  305  282  290  285  243  250  233  219  219  207  192  182  158  133
  107   95   84   78   76   81   85   88   91   99  109  118  133  153  175  197
  238  266  288  319  356  393  429  459  467
