IONEX/uprg1680.22i
     1.0            IONOSPHERE MAPS     GPS                 IONEX VERSION / TYPE
map2ionex           UPC-IonSAT          18 June 2022 21:35  PGM / RUN BY / DATE 
Raw map                                                     COMMENT             
Global ionosphere raw maps for day 168, 2022                DESCRIPTION         
Modeled independently for each station with a 3D voxel      DESCRIPTION         
model: 72x9x2 cells in local time, latitude and height      DESCRIPTION         
The height boundaries are: 59-739-1419 km                   DESCRIPTION         
The estimates have NOT been interpolated                    DESCRIPTION         
See for instance: Hernandez-Pajares, Juan, Sanz and Sole,   DESCRIPTION         
JGR, Vol.103, N.A9, 20789-20796, 1998                       DESCRIPTION         
Contact e-mail: manuel@ma4.upc.edu  Plots at:               DESCRIPTION         
ftp://g1.upc.es/upc_ionex/                                  DESCRIPTION         
  2022     6    17     0     0     0                        EPOCH OF FIRST MAP  
  2022     6    17    23    59    24                        EPOCH OF LAST MAP   
  7200                                                      INTERVAL            
    13                                                      # OF MAPS IN FILE   
  NONE                                                      MAPPING FUNCTION    
     0.0                                                    ELEVATION CUTOFF    
Phase differences (L1-L2)                                   OBSERVABLES USED    
   231                                                      # OF STATIONS       
    38                                                      # OF SATELLITES     
  6371.0                                                    BASE RADIUS         
     2                                                      MAP DIMENSION       
   450.0 450.0   0.0                                        HGT1 / HGT2 / DHGT  
    87.5 -87.5  -2.5                                        LAT1 / LAT2 / DLAT  
  -180.0 180.0   5.0                                        LON1 / LON2 / DLON  
    -1                                                      EXPONENT            
TEC values in 0.1 tec units;  9999, if no value available   COMMENT             
DIFFERENTIAL CODE BIASES: DCBs vanish                       COMMENT             
in our approach, so we can compute them                     COMMENT             
as post-fit residuals                                       COMMENT             
IGS GPS stations used in the computations:                  COMMENT             
abmf ac23 acso ajac alg3 alic amc4 areg aruc ascg aut0 badg COMMENT             
baie bake bamf baut bcov bele bill boav bogi bogt bor1 braz COMMENT             
brst brux bshm bucu bzr2 cas1 ccj2 cebr cedu chpg chu2 ckis COMMENT             
coco cord cro1 cusv cztg dav1 dgar dlf1 dra4 dubo dyng ebre COMMENT             
elba eliz enao eur2 faa1 fair falk ffmj flin flrs frdn ftna COMMENT             
func gamb gamg ganp geno glsv gop6 grac graz guam hers hksl COMMENT             
hkws hlfx hob2 hofn holb hrag hueg ieng iisc iqal ishi izmi COMMENT             
jdpr jfng joze kat1 kerg kgni kiri kiru kit3 kokb kour krs1 COMMENT             
ksu1 kuj2 kzn2 lamp laut lck4 leij lmmf lpal lpgs m0se mac1 COMMENT             
mal2 mao0 mar6 mars mas1 matg maw1 mayg mbar mchl mcil medi COMMENT             
meli mers metg mgo4 mgue mikl mizu mobs mro1 myva nico nklg COMMENT             
nlib nnor not1 nrc1 nya2 obe4 ons1 p043 p051 p053 p389 p779 COMMENT             
p802 pado palm park pdel pert pgc5 picl pie1 poal pohn polv COMMENT             
pots pove prd3 ptal ptbb ptgg ptvl qaq1 rabt raeg redu reun COMMENT             
reyk riga rio2 samo sant sask savo sch2 scor scrz scub sfer COMMENT             
sgoc sgpo sin1 spt0 sthl stj3 stk2 stpm str1 suth svtl sydn COMMENT             
syog tash thu2 tit2 tlse tong topl tow2 tro1 tsk2 tuva twtf COMMENT             
ucag ufpr ulab unsa ural urum usal vacs vald ven1 vis0 voim COMMENT             
warn whit will wind wroc wslb wsrt wtzr xmis yar3 yebe yel3 COMMENT             
zamb zeck zim2                                              COMMENT             
                                                            END OF HEADER       
[from data line 2145]
     6                                                      START OF TEC MAP    
  2022     6    17    10     0     0                        EPOCH OF CURRENT MAP
    87.5-180.0 180.0   5.0 450.0                            LAT/LON1/LON2/DLON/H
  178  176  176  175  174  170  170  170  170  170  168  168  166  166  165  165
  166  167  168  167  167  168  168  170  171  173  175  176  178  179  181  181
  183  184  184  188  188  188  188  188  191  192  192  192  194  195  195  195
  196  196  196  197  197  196  196  196  195  195  193  193  193  192  191  189
  189  186  186  185  182  182  180  178  178
    85.0-180.0 180.0   5.0 450.0                            LAT/LON1/LON2/DLON/H
  183  183  182  182  182  183  183  181  181  178  178  178  173  172  171  167
  163  161  159  160  159  161  161  163  165  168  167  169  167  165  167  167
  168  170  170  174  174  174  175  178  178  181  183  185  188  190  193  194
  195  196  196  197  197  197  198  199  198  198  197  197  196  195  194  192
  191  189  189  187  186  185  184  184  183
    82.5-180.0 180.0   5.0 450.0                            LAT/LON1/LON2/DLON/H
  176  175  177  177  178  179  179  179  179  178  177  177  174  174  173  171
  172  171  167  164  158  153  149  149  163  163  167  168  169  167  167  168
  168  169  170  172  173  176  177  179  181  183  185  186  188  190  191  192
  194  194  195  195  195  195  197  198  200  200  200  199  198  197  195  194
  193  190  188  186  184  180  176  176  176
    80.0-180.0 180.0   5.0 450.0                            LAT/LON1/LON2/DLON/H
  171  171  170  172  170  169  169  165  164  162  162  160  160  160  163  164
  166  167  167  168  170  171  147  171  168  167  161  161  156  155  156  161
  167  169  172  174  176  177  179  181  180  182  185  189  191  192  194  194
  195  195  196  196  198  198  199  201  202  202  200  199  198  196  196  194
  192  189  185  181  178  175  172  171  171
    77.5-180.0 180.0   5.0 450.0                            LAT/LON1/LON2/DLON/H
  166  162  162  161  161  161  161  161  159  157  156  154  152  152  154  156
  159  162  166  167  164  168  170  162  164  161  158  162  165  164  163  164
  163  167  172  179  181  182  182  185  188  188  190  190  193  195  196  197
  197  198  200  201  204  205  206  205  205  203  201  199  198  197  196  194
  192  190  185  183  178  176  171  169  166
    75.0-180.0 180.0   5.0 450.0                            LAT/LON1/LON2/DLON/H
  157  154  152  156  157  159  159  158  157  154  152  146  143  144  144  149
  152  156  156  158  162  158  162  159  158  160  156  155  157  161  164  167
  172  175  178  180  185  187  188  189  191  193  193  195  195  198  199  200
  201  202  203  205  208  209  210  209  208  206  203  201  200  198  197  195
  194  191  189  185  181  174  169  162  157
    72.5-180.0 180.0   5.0 450.0                            LAT/LON1/LON2/DLON/H
  148  145  145  146  151  152  152  153  150  146  141  139  139  140  142  143
  147  148  151  155  152  146  149  151  152  153  151  151  151  156  160  164
  167  171  178  180  182  185  187  189  192  193  196  198  199  201  201  202
  203  204  205  206  208  209  210  209  209  207  206  204  203  201  200  199
  197  194  190  187  182  173  166  156  148
    70.0-180.0 180.0   5.0 450.0                            LAT/LON1/LON2/DLON/H
  144  138  139  139  141  144  144  145  145  140  138  138  141  141  139  140
  142  141  147  146  143  138  137  141  142  144  146  148  149  155  160  164
  167  171  174  178  180  182  187  191  193  195  198  199  202  202  203  203
  204  206  206  206  207  208  208  208  208  208  207  207  206  206  205  204
  202  198  194  191  185  177  164  152  144
    67.5-180.0 180.0   5.0 450.0                            LAT/LON1/LON2/DLON/H
  146  138  135  136  133  135  135  138  138  137  134  137  138  137  137  133
  135  136  140  137  135  134  131  135  136  137  142  150  152  156  162  165
  169  172  175  177  181  183  189  192  194  196  199  201  203  204  204  205
  206  207  208  208  207  206  206  207  207  207  207  208  208  210  209  209
  208  203  200  198  191  183  170  158  146
    65.0-180.0 180.0   5.0 450.0                            LAT/LON1/LON2/DLON/H
  157  143  135  128  124  124  124  132  134  132  132  134  133  131  128  131
  133  132  134  133  133  131  129  131  134  138  146  152  154  159  163  166
  171  174  176  180  182  186  189  192  194  198  200  203  205  206  206  207
  208  208  209  208  207  205  205  205  205  205  206  208  210  212  214  215
  214  210  208  203  199  194  180  173  157
    62.5-180.0 180.0   5.0 450.0                            LAT/LON1/LON2/DLON/H
  174  155  145  127  118  116  116  123  126  129  128  129  126  123  123  128
  128  128  128  131  129  127  128  131  135  143  150  154  156  160  164  167
  173  177  179  183  186  189  191  194  198  201  203  206  207  208  208  209
  208  208  208  209  207  206  206  206  205  205  205  207  210  212  217  219
  217  216  213  212  207  205  195  192  174
    60.0-180.0 180.0   5.0 450.0                            LAT/LON1/LON2/DLON/H
  188  174  156  140  124  116  116  109  114  119  120  125  121  120  121  123
  121  123  123  125  126  125  128  135  139  147  152  155  158  161  165  169
  175  179  183  186  189  193  195  198  201  206  208  209  210  210  210  210
  210  208  209  211  210  210  209  209  207  206  205  206  209  211  215  217
  218  217  216  215  214  210  208  203  188
    57.5-180.0 180.0   5.0 450.0                            LAT/LON1/LON2/DLON/H
  203  189  173  155  138  126  126  106  104  104  112  113  114  117  117  118
  117  119  120  122  125  127  131  137  142  148  151  155  160  162  167  172
  180  184  187  190  193  196  199  203  206  209  212  213  213  214  214  214
  214  214  215  216  215  214  212  210  208  208  207  207  208  209  212  215
  216  216  216  217  217  215  216  213  203
    55.0-180.0 180.0   5.0 450.0                            LAT/LON1/LON2/DLON/H
  206  198  181  163  148  134  134  114  106   99  101  102  102  106  109  112
  113  116  118  120  123  129  132  137  141  149  153  158  162  166  168  175
  183  187  190  193  196  200  204  208  212  214  218  219  218  219  218  221
  221  221  221  220  219  217  214  211  210  210  209  209  208  209  211  213
  213  213  214  217  218  216  217  216  206
    52.5-180.0 180.0   5.0 450.0                            LAT/LON1/LON2/DLON/H
  207  199  185  170  157  148  148  125  119  108  102   97   94   98  101  104
  107  109  115  117  122  128  133  137  142  152  158  161  166  172  172  178
  186  190  194  197  202  206  210  214  217  222  226  227  226  228  227  229
  227  229  228  225  223  223  220  217  216  215  215  215  213  213  214  215
  213  211  214  218  220  217  217  214  207
    50.0-180.0 180.0   5.0 450.0                            LAT/LON1/LON2/DLON/H
  204  200  187  172  164  157  157  145  133  122  112  103   98   95   95   97
   99  103  109  114  119  126  134  139  145  155  161  167  171  177  179  184
  192  194  197  202  206  212  216  222  226  231  236  235  236  237  240  239
  240  238  235  232  229  230  230  227  225  223  223  225  222  222  221  222
  217  215  219  224  223  219  217  210  204
    47.5-180.0 180.0   5.0 450.0                            LAT/LON1/LON2/DLON/H
  202  197  188  177  171  168  168  151  140  133  123  115  110  104  101   99
   98   99  104  110  118  126  137  143  151  158  164  172  177  182  187  190
  194  198  203  208  212  219  225  232  236  242  245  246  249  250  250  253
  253  250  243  239  236  236  240  238  236  235  234  237  235  234  232  234
  229  229  230  231  225  220  216  210  202
    45.0-180.0 180.0   5.0 450.0                            LAT/LON1/LON2/DLON/H
  200  192  186  179  177  172  172  162  152  142  137  127  121  119  114  109
  103  102  105  110  119  128  142  151  160  166  173  179  185  190  195  198
  199  205  209  213  220  228  235  240  247  254  257  258  263  265  265  269
  265  262  254  251  252  249  251  250  250  249  249  250  250  252  250  249
  244  241  239  238  231  221  215  208  200
    42.5-180.0 180.0   5.0 450.0                            LAT/LON1/LON2/DLON/H
  196  188  184  179  178  178  178  169  159  154  152  145  141  133  126  119
  112  108  107  114  123  132  147  158  167  176  184  191  195  199  203  207
  209  214  219  223  231  237  246  251  260  265  266  271  276  280  280  282
  278  278  270  272  271  272  266  266  266  265  262  261  261  267  265  260
  257  251  248  246  237  224  212  203  196
    40.0-180.0 180.0   5.0 450.0                            LAT/LON1/LON2/DLON/H
  189  186  179  176  177  181  181  177  171  165  163  156  153  145  137  129
  120  113  111  118  125  134  150  162  174  183  192  203  206  208  213  217
  220  224  228  237  244  250  258  263  273  279  281  285  293  299  301  299
  296  300  294  293  297  295  284  283  280  278  275  273  270  276  274  269
  266  259  254  250  240  228  213  198  189
    37.5-180.0 180.0   5.0 450.0                            LAT/LON1/LON2/DLON/H
  187  182  173  173  177  181  181  181  179  172  168  163  158  154  145  136
  126  119  115  120  125  138  153  163  178  188  201  215  218  219  223  228
  231  236  240  247  254  260  266  276  288  295  302  304  315  315  319  318
  315  319  323  322  322  318  303  300  293  290  289  290  286  288  285  280
  276  268  263  256  244  230  212  197  187
    35.0-180.0 180.0   5.0 450.0                            LAT/LON1/LON2/DLON/H
  185  179  168  170  179  179  179  180  180  174  168  165  161  157  150  140
  132  125  122  121  126  140  155  164  177  194  209  224  229  230  233  234
  243  249  259  261  267  273  278  290  304  314  322  331  336  337  339  339
  336  340  342  341  342  340  326  325  315  308  305  305  305  305  299  291
  282  277  272  263  247  226  210  193  185
    32.5-180.0 180.0   5.0 450.0                            LAT/LON1/LON2/DLON/H
  183  177  164  165  177  179  179  179  180  176  167  163  159  157  151  144
  136  129  129  123  128  142  155  165  176  201  220  231  236  239  241  241
  250  259  272  275  280  286  295  306  324  328  339  353  359  356  355  359
  358  358  361  360  363  366  352  356  349  341  332  329  331  322  313  300
  286  278  275  265  244  221  203  192  183
    30.0-180.0 180.0   5.0 450.0                            LAT/LON1/LON2/DLON/H
  185  178  166  165  175  180  180  180  180  178  167  163  156  156  153  146
  137  130  131  126  129  144  152  166  178  208  226  230  233  243  244  246
  258  269  282  289  293  295  304  319  333  353  364  373  377  376  373  376
  370  373  379  385  388  394  387  402  394  383  371  364  365  349  332  314
  293  284  278  265  246  222  208  197  185
    27.5-180.0 180.0   5.0 450.0                            LAT/LON1/LON2/DLON/H
  193  189  176  172  179  184  184  181  178  180  169  163  154  152  152  144
  135  129  130  128  131  141  150  162  176  206  221  222  229  240  245  255
  267  277  287  297  305  307  319  331  345  368  379  383  390  390  387  385
  383  394  407  417  423  440  445  474  459  439  420  411  410  393  366  342
  310  294  279  267  253  233  220  206  193
    25.0-180.0 180.0   5.0 450.0                            LAT/LON1/LON2/DLON/H
  206  204  198  191  188  191  191  184  178  183  171  163  154  151  150  142
  133  129  129  126  128  135  147  157  171  193  208  212  224  235  246  260
  273  282  293  303  315  322  332  340  350  374  388  390  402  403  402  400
  406  430  450  462  475  500  530  558  544  520  492  475  476  456  418  382
  335  306  284  272  257  242  231  215  206
    22.5-180.0 180.0   5.0 450.0                            LAT/LON1/LON2/DLON/H
  215  213  208  203  201  201  201  194  187  193  180  165  157  151  148  143
  134  130  130  124  122  131  145  154  167  179  196  204  218  230  248  264
  275  288  302  311  322  338  343  346  355  377  396  400  407  417  421  429
  445  481  504  512  523  541  581  605  610  593  566  545  533  501  464  423
  365  319  289  274  257  241  229  220  215
    20.0-180.0 180.0   5.0 450.0                            LAT/LON1/LON2/DLON/H
  214  213  209  205  207  210  210  206  197  196  182  171  163  152  144  146
  138  132  130  124  119  125  138  148  160  171  186  198  211  225  246  264
  275  289  307  329  325  348  361  358  362  380  396  407  419  431  445  470
  492  526  553  546  555  568  593  606  615  600  582  565  554  523  476  447
  390  330  296  275  253  231  225  217  214
    17.5-180.0 180.0   5.0 450.0                            LAT/LON1/LON2/DLON/H
  202  204  207  202  201  204  204  206  197  191  182  174  165  156  148  151
  141  130  123  118  116  117  125  136  149  162  179  194  207  223  249  269
  286  295  312  341  350  372  383  375  385  390  398  411  429  446  466  503
  528  546  560  561  558  567  574  576  577  564  551  539  526  511  475  436
  390  336  302  278  251  227  221  213  202
    15.0-180.0 180.0   5.0 450.0                            LAT/LON1/LON2/DLON/H
  196  193  199  196  187  190  190  196  194  186  180  175  169  160  157  157
  144  128  115  107  109  106  109  120  136  153  173  193  210  232  264  284
  299  312  327  356  380  394  404  404  408  402  403  419  442  456  477  505
  533  539  540  542  536  542  540  535  534  529  517  505  491  478  454  410
  370  337  304  281  262  237  224  213  196
    12.5-180.0 180.0   5.0 450.0                            LAT/LON1/LON2/DLON/H
  203  194  192  187  176  173  173  185  183  182  177  172  168  162  159  155
  141  124  109   99  100   93   93  104  123  143  163  189  215  244  283  304
  318  335  351  375  400  414  425  429  426  414  419  437  454  464  476  495
  508  515  515  510  503  506  502  491  487  488  480  468  453  436  412  388
  354  327  302  283  269  249  232  219  203
    10.0-180.0 180.0   5.0 450.0                            LAT/LON1/LON2/DLON/H
  219  212  202  188  169  165  165  175  172  176  172  166  163  158  153  146
  133  118  101   93   89   82   81   91  111  135  158  188  212  252  295  325
  340  364  379  395  413  429  441  444  439  441  447  455  466  471  473  481
  489  495  493  488  481  477  472  455  446  446  442  436  420  402  386  368
  339  320  298  278  261  250  238  234  219
     7.5-180.0 180.0   5.0 450.0                            LAT/LON1/LON2/DLON/H
  238  230  219  198  176  160  160  170  161  167  164  158  155  151  145  136
  124  109   96   88   81   77   75   84  104  129  155  185  218  253  289  331
  350  379  397  403  413  435  449  453  451  464  469  470  478  478  476  478
  485  481  479  480  475  462  452  436  427  427  424  418  404  383  364  348
  324  304  293  274  256  253  248  255  238
     5.0-180.0 180.0   5.0 450.0                            LAT/LON1/LON2/DLON/H
  256  249  230  221  196  174  174  162  154  158  156  150  148  140  136  124
  115  102   91   83   75   72   72   80  100  125  155  187  221  252  280  311
  339  378  384  393  410  422  436  448  455  470  474  476  483  485  488  487
  485  479  474  474  471  458  450  439  432  431  428  414  401  382  357  333
  315  296  286  271  261  269  268  268  256
     2.5-180.0 180.0   5.0 450.0                            LAT/LON1/LON2/DLON/H
  278  272  257  233  213  188  188  170  160  158  156  151  144  137  128  116
  104   95   87   78   71   68   68   75   94  120  153  188  218  248  270  292
  322  354  358  375  392  399  410  425  440  459  470  478  483  488  495  488
  487  483  474  472  476  471  470  465  454  445  441  419  405  386  364  340
  317  293  278  270  266  277  283  282  278
