IONEX/uprg1680.22i
     1.0            IONOSPHERE MAPS     GPS                 IONEX VERSION / TYPE
map2ionex           UPC-IonSAT          18 June 2022 21:35  PGM / RUN BY / DATE 
Raw map                                                     COMMENT             
Global ionosphere raw maps for day 168, 2022                DESCRIPTION         
Modeled independently for each station with a 3D voxel      DESCRIPTION         
model: 72x9x2 cells in local time, latitude and height      DESCRIPTION         
The height boundaries are: 59-739-1419 km                   DESCRIPTION         
The estimates have NOT been interpolated                    DESCRIPTION         
See for instance: Hernandez-Pajares, Juan, Sanz and Sole,   DESCRIPTION         
JGR, Vol.103, N.A9, 20789-20796, 1998                       DESCRIPTION         
Contact e-mail: manuel@ma4.upc.edu  Plots at:               DESCRIPTION         
ftp://g1.upc.es/upc_ionex/                                  DESCRIPTION         
  2022     6    17     0     0     0                        EPOCH OF FIRST MAP  
  2022     6    17    23    59    24                        EPOCH OF LAST MAP   
  7200                                                      INTERVAL            
    13                                                      # OF MAPS IN FILE   
  NONE                                                      MAPPING FUNCTION    
     0.0                                                    ELEVATION CUTOFF    
Phase differences (L1-L2)                                   OBSERVABLES USED    
   231                                                      # OF STATIONS       
    38                                                      # OF SATELLITES     
  6371.0                                                    BASE RADIUS         
     2                                                      MAP DIMENSION       
   450.0 450.0   0.0                                        HGT1 / HGT2 / DHGT  
    87.5 -87.5  -2.5                                        LAT1 / LAT2 / DLAT  
  -180.0 180.0   5.0                                        LON1 / LON2 / DLON  
    -1                                                      EXPONENT            
TEC values in 0.1 tec units;  9999, if no value available   COMMENT             
DIFFERENTIAL CODE BIASES: DCBs vanish                       COMMENT             
in our approach, so we can compute them                     COMMENT             
as post-fit residuals                                       COMMENT             
IGS GPS stations used in the computations:                  COMMENT             
abmf ac23 acso ajac alg3 alic amc4 areg aruc ascg aut0 badg COMMENT             
baie bake bamf baut bcov bele bill boav bogi bogt bor1 braz COMMENT             
brst brux bshm bucu bzr2 cas1 ccj2 cebr cedu chpg chu2 ckis COMMENT             
coco cord cro1 cusv cztg dav1 dgar dlf1 dra4 dubo dyng ebre COMMENT             
elba eliz enao eur2 faa1 fair falk ffmj flin flrs frdn ftna COMMENT             
func gamb gamg ganp geno glsv gop6 grac graz guam hers hksl COMMENT             
hkws hlfx hob2 hofn holb hrag hueg ieng iisc iqal ishi izmi COMMENT             
jdpr jfng joze kat1 kerg kgni kiri kiru kit3 kokb kour krs1 COMMENT             
ksu1 kuj2 kzn2 lamp laut lck4 leij lmmf lpal lpgs m0se mac1 COMMENT             
mal2 mao0 mar6 mars mas1 matg maw1 mayg mbar mchl mcil medi COMMENT             
meli mers metg mgo4 mgue mikl mizu mobs mro1 myva nico nklg COMMENT             
nlib nnor not1 nrc1 nya2 obe4 ons1 p043 p051 p053 p389 p779 COMMENT             
p802 pado palm park pdel pert pgc5 picl pie1 poal pohn polv COMMENT             
pots pove prd3 ptal ptbb ptgg ptvl qaq1 rabt raeg redu reun COMMENT             
reyk riga rio2 samo sant sask savo sch2 scor scrz scub sfer COMMENT             
sgoc sgpo sin1 spt0 sthl stj3 stk2 stpm str1 suth svtl sydn COMMENT             
syog tash thu2 tit2 tlse tong topl tow2 tro1 tsk2 tuva twtf COMMENT             
ucag ufpr ulab unsa ural urum usal vacs vald ven1 vis0 voim COMMENT             
warn whit will wind wroc wslb wsrt wtzr xmis yar3 yebe yel3 COMMENT             
zamb zeck zim2                                              COMMENT             
                                                            END OF HEADER       
[from data line 1716]
     5                                                      START OF TEC MAP    
  2022     6    17     8     0     0                        EPOCH OF CURRENT MAP
    87.5-180.0 180.0   5.0 450.0                            LAT/LON1/LON2/DLON/H
  174  174  175  173  174  171  171  171  171  171  169  168  168  167  167  165
  165  164  163  163  163  163  162  162  162  162  162  162  162  162  162  162
  162  162  161  162  162  162  162  162  163  164  164  164  165  165  164  164
  164  164  165  165  166  166  167  167  167  168  168  169  169  169  171  172
  172  172  174  175  175  176  176  176  174
    85.0-180.0 180.0   5.0 450.0                            LAT/LON1/LON2/DLON/H
  182  181  180  179  177  177  174  172  171  168  167  168  168  164  163  163
  162  160  160  161  161  161  161  162  162  162  161  161  161  161  161  161
  161  162  162  162  162  162  162  161  161  162  163  163  167  168  169  171
  171  170  170  170  172  173  175  175  176  178  178  179  179  180  181  181
  182  182  183  183  183  182  182  182  182
    82.5-180.0 180.0   5.0 450.0                            LAT/LON1/LON2/DLON/H
  181  180  178  176  172  171  166  166  162  161  160  160  160  159  158  158
  157  157  156  153  151  157  165  162  160  159  158  155  154  150  150  150
  150  152  152  156  158  161  164  164  166  165  167  166  167  172  172  175
  178  178  177  178  182  181  184  186  187  187  188  188  188  188  187  187
  187  187  186  185  185  184  184  183  181
    80.0-180.0 180.0   5.0 450.0                            LAT/LON1/LON2/DLON/H
  180  178  173  170  168  166  167  166  167  169  169  171  171  172  173  170
  169  165  164  162  157  152  162  169  165  165  162  162  160  158  157  156
  156  157  158  161  164  166  168  169  170  173  175  176  179  181  184  184
  185  186  185  185  189  191  193  194  194  194  194  194  194  194  194  193
  192  190  188  188  187  186  185  182  180
    77.5-180.0 180.0   5.0 450.0                            LAT/LON1/LON2/DLON/H
  177  172  169  167  166  166  166  166  166  168  171  170  170  170  163  157
  155  157  158  158  157  161  161  165  162  160  158  156  153  151  150  150
  150  151  154  158  161  165  168  170  170  170  173  178  181  185  188  190
  190  191  191  191  194  195  196  197  197  197  198  198  198  198  198  197
  196  193  192  190  188  185  182  179  177
    75.0-180.0 180.0   5.0 450.0                            LAT/LON1/LON2/DLON/H
  173  169  167  165  161  161  160  156  158  161  157  156  156  152  152  151
  149  152  154  158  157  159  158  158  157  158  156  151  150  151  148  147
  150  152  153  154  158  162  165  167  167  167  169  173  178  183  186  190
  191  192  194  194  195  196  198  198  199  199  200  200  201  202  202  201
  200  198  194  191  188  184  180  178  173
    72.5-180.0 180.0   5.0 450.0                            LAT/LON1/LON2/DLON/H
  172  169  165  160  157  151  149  150  148  148  150  151  151  151  148  144
  142  145  147  149  152  151  152  148  142  146  144  146  146  143  147  148
  149  153  156  158  159  162  163  166  168  168  170  175  179  182  186  189
  192  194  195  196  197  197  198  198  199  200  201  201  202  202  203  202
  201  200  197  193  188  184  180  175  172
    70.0-180.0 180.0   5.0 450.0                            LAT/LON1/LON2/DLON/H
  172  168  163  156  149  147  143  138  138  141  144  146  146  146  137  135
  138  137  136  141  142  143  142  138  135  132  135  136  140  142  145  150
  152  153  155  158  160  162  164  166  169  172  175  178  183  185  189  191
  194  196  198  198  198  198  198  199  200  200  201  202  202  202  202  202
  200  198  197  195  190  186  182  177  172
    67.5-180.0 180.0   5.0 450.0                            LAT/LON1/LON2/DLON/H
  175  171  166  158  151  142  136  130  129  135  140  141  141  135  130  131
  134  128  126  131  132  132  132  132  130  125  129  132  135  144  149  153
  154  156  158  159  161  163  166  169  172  176  179  183  187  188  192  195
  197  198  199  199  199  199  199  199  199  200  201  201  201  201  201  200
  199  197  196  194  193  190  187  181  175
    65.0-180.0 180.0   5.0 450.0                            LAT/LON1/LON2/DLON/H
  182  177  173  162  152  140  130  125  126  129  132  132  132  130  127  126
  128  122  120  121  122  122  125  125  125  122  126  130  136  147  152  156
  159  161  162  163  164  167  171  173  177  180  185  189  192  193  196  198
  200  200  200  199  199  199  199  199  198  200  201  201  200  200  200  200
  198  197  195  195  194  195  192  189  182
    62.5-180.0 180.0   5.0 450.0                            LAT/LON1/LON2/DLON/H
  192  189  184  173  156  148  133  124  123  125  123  123  123  124  116  123
  119  117  114  116  114  115  118  118  118  118  125  132  140  151  155  158
  162  162  164  167  169  172  176  179  182  185  190  194  197  199  200  202
  203  203  202  200  198  199  199  199  199  200  201  201  200  199  200  199
  198  197  196  196  196  199  198  194  192
    60.0-180.0 180.0   5.0 450.0                            LAT/LON1/LON2/DLON/H
  199  197  192  185  170  156  140  128  120  117  116  116  116  117  112  114
  109  109  106  109  107  108  110  112  113  118  126  134  145  153  157  161
  164  165  166  169  173  176  179  183  186  189  195  198  200  203  204  205
  205  205  204  202  201  202  202  202  202  202  202  200  199  199  200  200
  199  198  197  196  198  200  201  199  199
    57.5-180.0 180.0   5.0 450.0                            LAT/LON1/LON2/DLON/H
  203  202  199  192  181  171  159  141  123  111  106  105  105  106  104  106
  103  103  103  103  100  101  103  106  111  118  126  137  146  156  161  165
  167  168  169  172  177  180  183  187  191  194  198  202  204  208  210  211
  212  211  210  208  205  205  206  207  206  203  202  199  199  199  199  199
  199  198  197  196  197  199  201  201  203
    55.0-180.0 180.0   5.0 450.0                            LAT/LON1/LON2/DLON/H
  204  202  200  196  191  186  170  159  138  120  109  101  101   97   95  100
   99   99   99   96   95   96   99  103  109  117  124  137  148  157  167  169
  169  171  173  175  180  184  187  192  195  200  204  207  209  215  219  221
  221  221  217  214  211  212  212  211  210  206  204  202  201  199  198  198
  198  197  196  196  197  198  201  203  204
    52.5-180.0 180.0   5.0 450.0                            LAT/LON1/LON2/DLON/H
  204  203  203  198  199  196  184  176  154  137  121  105  105   96   91   93
   92   92   92   89   90   93   96  100  108  116  126  141  150  162  170  171
  173  174  178  181  183  187  192  197  200  206  210  212  219  223  225  230
  231  230  226  223  224  223  220  220  217  213  211  209  208  205  200  200
  199  197  196  196  198  200  203  205  204
    50.0-180.0 180.0   5.0 450.0                            LAT/LON1/LON2/DLON/H
  205  204  204  201  203  203  196  182  164  150  137  121  121  105   99   97
   93   91   89   88   89   92   96  101  111  119  132  144  157  165  171  173
  176  179  184  188  189  193  197  204  207  213  217  224  229  235  234  238
  240  240  237  237  236  236  233  233  227  221  219  218  219  217  208  206
  204  201  200  199  201  204  207  207  205
    47.5-180.0 180.0   5.0 450.0                            LAT/LON1/LON2/DLON/H
  207  206  203  201  205  205  201  187  175  162  154  139  139  125  117  113
  106  100   95   97   95   97  100  107  117  126  137  152  165  173  177  179
  182  187  190  192  196  200  204  209  216  223  227  233  239  243  243  248
  247  248  247  247  247  248  245  244  238  232  230  228  230  229  220  216
  214  210  209  205  205  206  209  208  207
    45.0-180.0 180.0   5.0 450.0                            LAT/LON1/LON2/DLON/H
  208  208  205  202  206  204  200  192  180  171  166  157  157  146  136  130
  119  115  109  109  105  105  107  114  122  132  144  160  171  180  184  188
  191  195  197  199  204  209  214  222  227  235  234  242  250  254  255  261
  259  256  255  255  257  260  257  257  253  249  247  242  241  240  232  229
  223  222  222  215  210  212  213  210  208
    42.5-180.0 180.0   5.0 450.0                            LAT/LON1/LON2/DLON/H
  210  212  207  205  206  204  198  193  186  179  178  169  169  159  154  146
  135  130  123  119  113  113  113  121  129  136  145  165  175  183  191  198
  202  206  208  209  213  219  221  229  238  245  250  254  262  269  271  273
  271  269  267  272  273  276  270  274  272  268  266  260  255  250  246  244
  237  234  235  231  227  222  221  213  210
    40.0-180.0 180.0   5.0 450.0                            LAT/LON1/LON2/DLON/H
  212  216  210  207  206  202  197  190  187  186  187  181  181  171  168  161
  151  143  134  129  122  117  115  123  131  140  149  165  180  187  197  208
  213  216  220  220  225  229  232  241  251  256  264  268  279  279  288  289
  286  295  290  294  293  294  293  294  294  289  289  280  275  269  264  262
  254  250  249  247  243  237  225  217  212
    37.5-180.0 180.0   5.0 450.0                            LAT/LON1/LON2/DLON/H
  217  221  211  207  205  202  197  192  190  190  191  190  190  181  178  174
  164  152  146  139  127  122  120  126  131  142  157  174  184  196  206  214
  224  228  233  233  236  240  247  255  265  271  273  282  292  302  306  309
  312  313  314  315  312  316  318  321  319  313  314  305  299  294  282  281
  273  267  263  259  255  246  235  223  217
    35.0-180.0 180.0   5.0 450.0                            LAT/LON1/LON2/DLON/H
  225  223  210  207  203  199  198  195  189  188  199  198  198  193  185  180
  173  162  157  147  135  133  130  137  135  144  165  180  189  200  213  225
  232  237  241  246  246  250  254  266  277  284  288  297  305  320  325  334
  329  330  330  331  330  332  341  349  346  344  342  333  328  323  308  306
  295  288  279  275  271  258  246  234  225
    32.5-180.0 180.0   5.0 450.0                            LAT/LON1/LON2/DLON/H
  234  228  215  206  197  194  196  192  185  194  207  207  207  203  192  182
  172  166  163  155  144  143  142  154  143  152  171  181  192  202  217  230
  237  243  249  253  253  258  264  274  286  296  302  309  320  332  338  342
  343  337  341  346  352  352  361  370  372  375  373  364  360  357  347  334
  323  312  302  295  286  272  259  246  234
    30.0-180.0 180.0   5.0 450.0                            LAT/LON1/LON2/DLON/H
  246  237  223  207  195  188  190  188  184  200  213  207  207  206  199  180
  171  165  163  157  152  148  147  165  156  164  175  178  187  197  210  228
  238  246  252  257  259  266  272  283  293  303  312  318  330  334  340  348
  353  349  355  364  369  372  386  399  402  407  406  398  396  394  385  370
  359  340  336  317  299  283  272  257  246
    27.5-180.0 180.0   5.0 450.0                            LAT/LON1/LON2/DLON/H
  258  250  231  213  197  187  186  184  181  200  219  211  211  208  201  181
  174  167  165  165  157  150  146  161  162  169  173  171  177  186  201  221
  232  246  253  260  266  275  281  291  298  304  313  321  330  335  343  357
  368  373  383  383  395  399  427  447  446  448  450  445  448  445  427  408
  389  372  364  342  318  296  276  266  258
    25.0-180.0 180.0   5.0 450.0                            LAT/LON1/LON2/DLON/H
  275  263  252  228  210  197  191  183  177  194  225  219  219  212  206  189
  178  170  171  170  161  153  145  151  152  157  161  162  164  175  188  207
  221  237  249  259  270  278  289  295  299  302  310  324  334  341  355  373
  388  402  409  422  435  445  486  511  505  507  511  508  518  516  485  462
  421  397  393  370  341  314  289  281  275
    22.5-180.0 180.0   5.0 450.0                            LAT/LON1/LON2/DLON/H
  286  282  265  248  228  208  207  194  183  197  227  230  230  215  206  192
  179  174  179  174  164  159  150  144  136  137  144  152  151  161  173  196
  216  232  244  256  271  283  291  297  302  311  321  337  348  359  376  389
  403  416  433  456  478  506  551  569  569  568  566  566  578  577  546  512
  464  432  426  400  375  339  309  295  286
    20.0-180.0 180.0   5.0 450.0                            LAT/LON1/LON2/DLON/H
  290  288  280  267  250  234  221  217  205  205  227  234  234  216  205  191
  179  177  183  177  167  162  154  138  124  124  129  137  133  139  160  188
  211  230  244  264  280  288  297  306  313  328  345  356  371  384  395  396
  409  432  452  480  503  545  574  582  592  590  581  585  593  594  569  529
  496  469  446  423  398  363  331  307  290
    17.5-180.0 180.0   5.0 450.0                            LAT/LON1/LON2/DLON/H
  290  285  279  269  261  246  235  230  225  221  229  234  234  217  205  190
  180  179  181  173  165  157  145  127  114  112  114  110  112  124  152  176
  207  232  251  277  295  299  309  320  333  352  365  375  382  397  404  406
  426  457  474  492  511  542  551  552  554  564  559  564  566  561  547  517
  501  481  463  441  404  371  341  309  290
    15.0-180.0 180.0   5.0 450.0                            LAT/LON1/LON2/DLON/H
  283  280  268  261  265  252  237  233  233  231  232  234  234  212  202  187
  180  177  176  166  158  148  131  113  100   98   98   87   90  109  132  167
  197  232  260  289  309  317  327  342  353  367  381  389  399  410  419  432
  451  477  488  493  503  518  519  519  514  522  521  527  526  518  517  502
  489  474  459  442  406  369  330  303  283
    12.5-180.0 180.0   5.0 450.0                            LAT/LON1/LON2/DLON/H
  273  272  261  253  265  254  234  229  233  232  228  224  224  205  192  183
  176  171  167  158  149  136  117  100   87   82   80   68   74   93  120  153
  181  228  267  293  312  325  341  357  370  380  388  401  415  428  441  460
  468  486  491  488  489  491  496  488  482  481  483  483  486  480  486  483
  473  461  450  434  402  358  318  291  273
    10.0-180.0 180.0   5.0 450.0                            LAT/LON1/LON2/DLON/H
  267  266  264  257  264  251  231  227  229  226  216  211  211  196  184  177
  169  161  156  146  137  119  104   89   75   68   64   57   64   84  109  138
  175  226  256  286  310  319  337  357  374  385  391  407  428  441  454  468
  470  484  488  483  481  479  480  469  462  457  455  455  455  448  452  455
  452  447  436  419  390  350  314  287  267
     7.5-180.0 180.0   5.0 450.0                            LAT/LON1/LON2/DLON/H
  271  261  264  261  260  255  239  228  225  217  208  201  201  187  178  171
  163  152  145  132  121  104   93   79   66   58   54   52   59   77  100  131
  172  215  247  274  292  303  325  342  360  380  389  408  431  445  458  467
  472  483  483  482  483  476  470  460  450  445  444  442  438  428  430  430
  428  430  420  402  379  350  320  292  271
     5.0-180.0 180.0   5.0 450.0                            LAT/LON1/LON2/DLON/H
  279  261  256  260  261  257  244  232  223  212  201  196  196  178  170  165
  156  143  133  118  108   95   84   71   60   51   48   48   55   71   92  125
  167  207  237  261  278  293  316  330  341  367  384  406  427  440  452  464
  471  480  479  483  491  482  475  466  454  449  452  451  438  427  423  418
  413  413  398  384  366  348  327  299  279
     2.5-180.0 180.0   5.0 450.0                            LAT/LON1/LON2/DLON/H
  294  275  265  276  272  263  247  235  222  210  197  190  190  173  162  157
  147  134  122  107   97   86   75   65   55   47   44   45   50   64   87  121
  160  195  228  254  272  289  305  315  324  347  369  395  415  427  438  451
  453  469  477  488  499  502  496  478  471  472  476  477  459  442  426  420
  414  402  385  367  353  340  326  310  294
