IONEX/uprg1680.22i
     1.0            IONOSPHERE MAPS     GPS                 IONEX VERSION / TYPE
map2ionex           UPC-IonSAT          18 June 2022 21:35  PGM / RUN BY / DATE 
Raw map                                                     COMMENT             
Global ionosphere raw maps for day 168, 2022                DESCRIPTION         
Modeled independently for each station with a 3D voxel      DESCRIPTION         
model: 72x9x2 cells in local time, latitude and height      DESCRIPTION         
The height boundaries are: 59-739-1419 km                   DESCRIPTION         
The estimates have NOT been interpolated                    DESCRIPTION         
See for instance: Hernandez-Pajares, Juan, Sanz and Sole,   DESCRIPTION         
JGR, Vol.103, N.A9, 20789-20796, 1998                       DESCRIPTION         
Contact e-mail: manuel@ma4.upc.edu  Plots at:               DESCRIPTION         
ftp://g1.upc.es/upc_ionex/                                  DESCRIPTION         
  2022     6    17     0     0     0                        EPOCH OF FIRST MAP  
  2022     6    17    23    59    24                        EPOCH OF LAST MAP   
  7200                                                      INTERVAL            
    13                                                      # OF MAPS IN FILE   
  NONE                                                      MAPPING FUNCTION    
     0.0                                                    ELEVATION CUTOFF    
Phase differences (L1-L2)                                   OBSERVABLES USED    
   231                                                      # OF STATIONS       
    38                                                      # OF SATELLITES     
  6371.0                                                    BASE RADIUS         
     2                                                      MAP DIMENSION       
   450.0 450.0   0.0                                        HGT1 / HGT2 / DHGT  
    87.5 -87.5  -2.5                                        LAT1 / LAT2 / DLAT  
  -180.0 180.0   5.0                                        LON1 / LON2 / DLON  
    -1                                                      EXPONENT            
TEC values in 0.1 tec units;  9999, if no value available   COMMENT             
DIFFERENTIAL CODE BIASES: DCBs vanish                       COMMENT             
in our approach, so we can compute them                     COMMENT             
as post-fit residuals                                       COMMENT             
IGS GPS stations used in the computations:                  COMMENT             
abmf ac23 acso ajac alg3 alic amc4 areg aruc ascg aut0 badg COMMENT             
baie bake bamf baut bcov bele bill boav bogi bogt bor1 braz COMMENT             
brst brux bshm bucu bzr2 cas1 ccj2 cebr cedu chpg chu2 ckis COMMENT             
coco cord cro1 cusv cztg dav1 dgar dlf1 dra4 dubo dyng ebre COMMENT             
elba eliz enao eur2 faa1 fair falk ffmj flin flrs frdn ftna COMMENT             
func gamb gamg ganp geno glsv gop6 grac graz guam hers hksl COMMENT             
hkws hlfx hob2 hofn holb hrag hueg ieng iisc iqal ishi izmi COMMENT             
jdpr jfng joze kat1 kerg kgni kiri kiru kit3 kokb kour krs1 COMMENT             
ksu1 kuj2 kzn2 lamp laut lck4 leij lmmf lpal lpgs m0se mac1 COMMENT             
mal2 mao0 mar6 mars mas1 matg maw1 mayg mbar mchl mcil medi COMMENT             
meli mers metg mgo4 mgue mikl mizu mobs mro1 myva nico nklg COMMENT             
nlib nnor not1 nrc1 nya2 obe4 ons1 p043 p051 p053 p389 p779 COMMENT             
p802 pado palm park pdel pert pgc5 picl pie1 poal pohn polv COMMENT             
pots pove prd3 ptal ptbb ptgg ptvl qaq1 rabt raeg redu reun COMMENT             
reyk riga rio2 samo sant sask savo sch2 scor scrz scub sfer COMMENT             
sgoc sgpo sin1 spt0 sthl stj3 stk2 stpm str1 suth svtl sydn COMMENT             
syog tash thu2 tit2 tlse tong topl tow2 tro1 tsk2 tuva twtf COMMENT             
ucag ufpr ulab unsa ural urum usal vacs vald ven1 vis0 voim COMMENT             
warn whit will wind wroc wslb wsrt wtzr xmis yar3 yebe yel3 COMMENT             
zamb zeck zim2                                              COMMENT             
                                                            END OF HEADER       
[from data line 3861]
    10                                                      START OF TEC MAP    
  2022     6    17    18     0     0                        EPOCH OF CURRENT MAP
    87.5-180.0 180.0   5.0 450.0                            LAT/LON1/LON2/DLON/H
  182  182  182  183  183  183  183  183  183  183  184  184  184  184  184  185
  186  187  187  187  186  186  185  184  183  183  181  181  181  180  180  179
  178  178  177  176  175  175  175  175  175  174  174  174  173  173  175  175
  175  177  176  176  178  178  178  180  180  181  181  181  181  181  181  181
  182  182  181  181  181  181  181  182  182
    85.0-180.0 180.0   5.0 450.0                            LAT/LON1/LON2/DLON/H
  180  180  179  177  176  176  175  176  176  178  178  178  180  181  182  182
  183  184  184  185  185  185  183  182  179  178  177  176  174  173  171  171
  169  169  169  169  168  168  168  168  168  168  168  167  168  167  167  167
  168  169  169  170  170  172  172  175  177  178  178  179  178  178  177  177
  177  177  177  178  179  180  181  180  180
    82.5-180.0 180.0   5.0 450.0                            LAT/LON1/LON2/DLON/H
  176  175  174  174  175  175  178  178  182  182  185  185  186  186  186  185
  186  187  188  191  188  187  183  180  177  174  170  171  170  171  171  170
  170  168  168  166  166  165  165  166  166  166  165  165  165  163  164  164
  164  164  165  166  167  168  168  172  174  174  175  176  176  175  175  174
  174  175  177  179  180  180  179  178  176
    80.0-180.0 180.0   5.0 450.0                            LAT/LON1/LON2/DLON/H
  173  173  174  175  176  178  178  179  180  181  182  184  184  185  185  185
  185  183  181  179  173  192  188  175  175  171  169  169  169  170  170  169
  167  166  165  162  161  161  160  160  160  160  161  162  161  161  160  161
  162  162  162  163  165  166  166  168  169  171  172  173  173  173  172  173
  173  175  178  179  178  176  176  173  173
    77.5-180.0 180.0   5.0 450.0                            LAT/LON1/LON2/DLON/H
  173  173  174  174  174  175  177  179  179  177  178  178  179  181  180  180
  180  182  179  177  181  174  175  173  162  160  162  165  167  168  168  167
  167  165  164  163  161  159  157  154  155  155  155  155  155  157  157  158
  160  161  162  162  162  163  163  164  165  166  167  168  168  169  169  170
  171  174  175  175  174  173  172  172  173
    75.0-180.0 180.0   5.0 450.0                            LAT/LON1/LON2/DLON/H
  175  174  174  173  175  176  177  177  178  177  178  176  175  176  179  176
  176  182  177  177  175  172  176  177  176  172  168  168  168  168  168  167
  166  163  161  159  158  157  156  154  153  153  153  151  151  152  154  155
  157  159  161  161  160  158  158  158  159  160  161  163  163  163  165  166
  167  170  172  172  172  172  174  174  175
    72.5-180.0 180.0   5.0 450.0                            LAT/LON1/LON2/DLON/H
  184  182  181  180  178  179  181  181  180  177  176  176  176  173  175  180
  179  172  175  182  179  180  178  175  179  179  177  173  171  170  170  169
  166  163  161  159  158  159  158  157  157  155  155  153  151  151  152  153
  154  157  158  158  155  153  153  152  153  154  155  157  157  158  160  164
  166  169  171  174  175  177  180  181  184
    70.0-180.0 180.0   5.0 450.0                            LAT/LON1/LON2/DLON/H
  192  195  191  190  188  185  184  179  176  175  177  178  174  174  179  177
  172  176  181  184  183  188  181  178  181  180  178  176  176  171  170  171
  169  166  163  162  161  162  163  163  161  162  161  158  157  156  155  156
  155  155  156  155  153  149  149  147  148  149  149  149  150  152  157  160
  163  169  171  175  180  186  188  191  192
    67.5-180.0 180.0   5.0 450.0                            LAT/LON1/LON2/DLON/H
  199  201  199  196  195  192  186  180  178  177  178  177  176  177  179  175
  176  180  184  185  190  195  185  183  184  183  179  177  178  175  173  172
  172  173  170  167  166  166  166  167  167  168  166  163  163  162  162  162
  161  157  156  155  152  151  151  147  145  144  143  142  143  146  150  153
  161  163  167  173  181  188  191  197  199
    65.0-180.0 180.0   5.0 450.0                            LAT/LON1/LON2/DLON/H
  202  203  203  201  200  195  189  185  182  181  180  179  179  179  179  178
  181  183  185  188  192  195  188  188  188  187  185  182  183  181  179  177
  178  180  178  173  173  172  170  171  171  171  171  167  167  167  168  168
  166  163  160  159  155  152  152  148  145  141  139  137  138  140  143  146
  149  153  161  167  178  183  191  196  202
    62.5-180.0 180.0   5.0 450.0                            LAT/LON1/LON2/DLON/H
  200  202  203  206  204  200  196  194  190  187  187  183  182  183  181  180
  182  184  185  187  190  192  189  190  191  190  190  188  188  187  185  184
  183  183  182  179  177  174  173  173  173  174  173  173  174  173  175  174
  173  168  166  163  160  155  155  149  146  140  138  136  135  136  137  138
  140  146  153  163  171  177  185  193  200
    60.0-180.0 180.0   5.0 450.0                            LAT/LON1/LON2/DLON/H
  198  202  204  208  205  202  200  202  199  195  192  188  186  185  183  183
  183  184  184  184  186  187  188  188  191  191  193  192  192  192  188  186
  185  185  183  181  179  176  175  175  176  176  178  179  179  180  181  180
  175  172  171  167  164  158  158  150  147  141  139  136  135  133  132  131
  133  136  146  155  166  173  182  189  198
    57.5-180.0 180.0   5.0 450.0                            LAT/LON1/LON2/DLON/H
  202  206  209  210  206  205  206  207  204  202  199  195  190  187  186  185
  185  184  184  184  183  184  187  188  189  191  193  193  194  193  190  188
  188  186  185  183  182  179  179  180  181  181  183  185  184  184  183  181
  178  175  174  172  166  160  160  151  147  140  138  135  133  131  128  127
  128  130  140  152  163  174  183  192  202
    55.0-180.0 180.0   5.0 450.0                            LAT/LON1/LON2/DLON/H
  206  211  215  215  211  210  208  209  208  207  202  199  193  190  189  187
  186  184  183  182  182  184  186  188  189  190  192  194  195  195  193  191
  192  189  188  187  186  184  185  187  185  188  190  190  188  187  185  182
  180  177  174  169  164  159  159  149  145  137  136  133  131  130  127  126
  126  131  137  153  162  172  186  196  206
    52.5-180.0 180.0   5.0 450.0                            LAT/LON1/LON2/DLON/H
  211  215  220  219  219  217  214  216  216  214  207  202  198  193  191  190
  188  184  184  183  184  186  187  189  191  192  193  196  197  199  197  195
  195  194  195  195  192  193  194  193  193  195  197  195  193  191  189  185
  180  174  171  166  162  158  158  148  144  139  137  135  133  132  128  129
  129  133  141  152  163  170  186  201  211
    50.0-180.0 180.0   5.0 450.0                            LAT/LON1/LON2/DLON/H
  212  220  225  225  223  223  222  223  228  223  215  211  205  199  195  192
  189  187  186  186  187  188  190  192  194  195  197  200  202  205  203  199
  199  202  204  204  202  203  202  203  202  204  203  202  199  199  193  187
  177  173  169  165  161  159  159  152  148  145  143  141  139  137  133  137
  136  136  144  151  160  173  185  200  212
    47.5-180.0 180.0   5.0 450.0                            LAT/LON1/LON2/DLON/H
  212  221  228  226  226  227  228  230  240  234  224  220  213  205  200  195
  193  191  190  191  191  193  196  197  200  201  202  206  209  213  214  208
  207  212  213  212  214  217  215  212  213  212  209  207  205  202  196  187
  179  174  172  165  162  160  160  158  154  151  149  148  145  144  140  143
  140  138  142  153  160  169  185  202  212
    45.0-180.0 180.0   5.0 450.0                            LAT/LON1/LON2/DLON/H
  216  226  232  232  232  234  236  241  247  243  234  228  223  213  206  201
  197  197  195  196  197  199  203  205  206  208  210  213  216  218  222  221
  220  223  224  223  227  230  228  226  222  221  216  213  209  205  197  192
  185  179  175  171  164  164  164  163  160  156  155  156  153  153  148  148
  144  141  142  152  162  169  181  200  216
    42.5-180.0 180.0   5.0 450.0                            LAT/LON1/LON2/DLON/H
  218  235  239  241  250  249  249  250  254  252  244  235  229  222  214  208
  204  204  202  202  204  205  209  213  215  216  217  221  222  222  228  232
  234  238  237  234  239  242  238  235  232  231  226  219  212  207  202  197
  191  185  180  176  172  171  171  168  164  162  162  160  159  158  154  153
  150  144  144  151  162  171  182  199  218
    40.0-180.0 180.0   5.0 450.0                            LAT/LON1/LON2/DLON/H
  221  243  249  255  265  264  267  270  265  258  254  243  239  232  225  217
  212  211  209  210  211  213  215  221  224  225  226  231  233  233  241  248
  250  251  251  247  252  252  250  246  244  241  234  224  219  211  207  202
  197  194  188  185  180  176  176  170  167  169  169  163  163  163  159  157
  154  150  148  151  159  169  186  202  221
    37.5-180.0 180.0   5.0 450.0                            LAT/LON1/LON2/DLON/H
  228  253  263  270  284  295  294  290  285  274  268  256  250  241  236  231
  223  220  219  220  219  222  225  230  235  238  238  246  251  256  260  261
  269  269  268  262  266  264  264  258  257  252  243  235  230  221  214  209
  203  199  195  188  183  178  178  170  167  174  176  169  167  166  161  160
  158  154  152  153  159  165  183  208  228
    35.0-180.0 180.0   5.0 450.0                            LAT/LON1/LON2/DLON/H
  236  261  273  286  300  315  318  312  307  306  292  276  264  258  251  246
  237  234  231  231  230  234  240  244  248  256  258  268  272  273  278  285
  286  290  284  288  287  282  276  275  272  265  253  246  236  227  220  215
  207  198  193  187  183  180  180  169  170  179  181  174  171  169  163  160
  159  158  156  157  157  161  181  208  236
    32.5-180.0 180.0   5.0 450.0                            LAT/LON1/LON2/DLON/H
  234  259  279  296  314  326  331  326  323  323  318  302  287  281  272  266
  252  251  247  246  245  249  255  264  261  274  285  296  291  288  294  304
  303  309  311  315  306  305  296  294  286  273  262  252  241  228  221  216
  207  192  187  186  184  181  181  172  182  191  187  180  175  173  164  158
  157  158  159  159  157  164  182  207  234
    30.0-180.0 180.0   5.0 450.0                            LAT/LON1/LON2/DLON/H
  228  253  274  294  314  331  337  335  333  338  346  334  320  313  297  290
  277  275  269  268  265  267  276  291  280  294  319  321  308  306  313  324
  327  336  342  345  333  331  322  315  300  283  264  251  240  229  222  209
  200  188  185  186  184  181  181  178  190  199  192  185  182  177  167  160
  158  158  161  162  161  172  188  206  228
    27.5-180.0 180.0   5.0 450.0                            LAT/LON1/LON2/DLON/H
  228  244  268  286  309  329  337  338  339  345  360  368  361  352  335  319
  315  308  296  295  290  289  300  315  307  316  341  340  323  329  342  347
  363  370  375  381  372  369  354  342  324  293  268  252  240  225  218  203
  195  189  186  186  183  183  183  183  190  195  188  183  182  176  169  163
  159  159  162  164  163  170  189  203  228
    25.0-180.0 180.0   5.0 450.0                            LAT/LON1/LON2/DLON/H
  220  243  259  278  299  321  335  340  343  353  379  403  393  383  375  377
  355  348  334  323  319  318  324  333  331  340  357  358  351  367  385  385
  394  403  413  442  440  410  400  369  347  307  275  255  236  219  212  200
  195  191  187  184  183  183  183  187  189  185  181  175  171  167  161  157
  156  154  154  160  161  167  185  199  220
    22.5-180.0 180.0   5.0 450.0                            LAT/LON1/LON2/DLON/H
  211  234  257  273  297  319  330  341  350  365  394  426  426  425  413  418
  407  391  371  357  352  354  356  359  360  366  370  375  401  422  437  429
  435  445  460  491  488  465  436  385  358  314  279  251  230  213  202  192
  188  188  185  180  175  172  172  186  182  175  169  162  155  151  146  143
  143  138  132  144  142  157  175  190  211
    20.0-180.0 180.0   5.0 450.0                            LAT/LON1/LON2/DLON/H
  198  222  247  265  290  310  327  337  350  370  403  430  441  445  437  447
  455  430  400  396  392  393  393  392  396  397  395  403  445  492  486  477
  484  491  505  521  505  486  437  384  350  308  270  243  225  210  191  183
  176  176  177  172  162  157  157  178  173  166  156  149  143  136  131  125
  126  116  116  121  119  137  156  173  198
    17.5-180.0 180.0   5.0 450.0                            LAT/LON1/LON2/DLON/H
  179  205  233  251  278  300  316  329  343  362  398  425  440  448  448  471
  490  471  427  430  432  427  420  419  430  430  433  455  493  535  523  523
  524  516  519  508  485  465  422  379  344  305  265  238  224  211  196  174
  168  171  172  167  158  152  152  166  162  157  147  143  138  127  122  115
  112  106  104  105  108  121  129  151  179
    15.0-180.0 180.0   5.0 450.0                            LAT/LON1/LON2/DLON/H
  158  189  215  236  261  286  305  321  337  356  386  411  429  444  453  481
  504  487  450  453  458  450  445  444  452  454  465  485  513  542  539  535
  533  515  495  474  453  434  404  372  341  311  265  243  226  220  209  191
  174  172  172  170  164  159  159  157  153  147  138  137  133  123  117  111
  103  100   99  101  101  103  115  134  158
    12.5-180.0 180.0   5.0 450.0                            LAT/LON1/LON2/DLON/H
  145  180  204  222  252  277  299  318  335  352  374  400  419  436  455  477
  499  489  467  464  466  462  460  459  463  472  483  497  513  527  530  527
  522  502  459  446  438  419  397  376  346  317  280  253  244  238  228  207
  184  178  176  175  170  163  163  154  148  139  129  124  122  114  108  104
   97   95   96   99   96   98  106  123  145
    10.0-180.0 180.0   5.0 450.0                            LAT/LON1/LON2/DLON/H
  140  170  197  223  252  282  303  318  335  353  373  394  415  433  446  467
  483  481  471  465  466  469  470  472  480  493  500  509  516  520  516  508
  497  476  451  433  424  410  395  375  347  321  290  278  277  263  244  219
  193  186  181  174  166  160  160  147  137  127  119  114  113  105   99   97
   93   95   95   99   98  100  106  119  140
     7.5-180.0 180.0   5.0 450.0                            LAT/LON1/LON2/DLON/H
  142  169  198  224  253  282  300  319  337  352  372  391  410  426  437  451
  466  471  472  468  468  474  481  488  500  513  518  523  523  519  505  491
  484  466  453  439  424  410  398  374  346  317  301  293  286  273  248  215
  192  185  177  169  162  153  153  135  124  116  110  108  108  102   98   94
   91   94   93   95  102  105  109  122  142
     5.0-180.0 180.0   5.0 450.0                            LAT/LON1/LON2/DLON/H
  142  169  202  228  252  279  295  315  335  351  370  388  407  422  433  440
  454  466  475  473  474  478  487  494  504  520  527  530  525  517  503  494
  491  475  467  459  437  420  401  367  331  307  293  282  269  244  216  197
  173  173  160  156  150  147  147  127  115  110  107  106  106  103   99   92
   89   90   85   87   99  104  110  123  142
     2.5-180.0 180.0   5.0 450.0                            LAT/LON1/LON2/DLON/H
  141  163  194  228  253  281  298  313  333  350  369  386  403  418  429  435
  446  458  469  469  473  476  484  490  501  519  526  525  516  511  509  511
  505  488  478  468  441  417  388  352  322  294  263  263  238  209  189  174
  158  145  136  128  129  129  129  122  113  109  105  104  104  103   96   90
   88   87   83   84   92   93  104  120  141
