TPKL/IONOSPHERE/RIM221680.INX
     1.0            IONOSPHERE MAPS     GPS                 IONEX VERSION / TYPE
GPSEST V5.2         My agency/institute 20-JUL-22 14:32     PGM / RUN BY / DATE 
PPP_221680: Regional ionosphere model - RIM                 COMMENT             
My description text                                         DESCRIPTION         
  2022     6    17     0     0     0                        EPOCH OF FIRST MAP  
  2022     6    18     0     0     0                        EPOCH OF LAST MAP   
  7200                                                      INTERVAL            
    13                                                      # OF MAPS IN FILE   
  NONE                                                      MAPPING FUNCTION    
    10.0                                                    ELEVATION CUTOFF    
Undifferenced carrier phase and code                        OBSERVABLES USED    
     1                                                      # OF STATIONS       
    31                                                      # OF SATELLITES     
  6371.0                                                    BASE RADIUS         
     2                                                      MAP DIMENSION       
   450.0 450.0   0.0                                        HGT1 / HGT2 / DHGT  
    65.0  35.0  -1.0                                        LAT1 / LAT2 / DLAT  
   -15.0  30.0   1.0                                        LON1 / LON2 / DLON  
    -1                                                      EXPONENT            
TEC/RMS values in 0.1 TECU; 9999, if no value available     COMMENT             
List of stations:                                           COMMENT             
tpkl                                                        COMMENT             
                                                            END OF HEADER       
[from data line 254]
     3                                                      START OF TEC MAP    
  2022     6    17     4     0     0                        EPOCH OF CURRENT MAP
    65.0 -15.0  30.0   1.0 450.0                            LAT/LON1/LON2/DLON/H
 1675 1672 1668 1664 1660 1655 1650 1644 1638 1631 1624 1617 1609 1601 1592 1583
 1574 1565 1555 1545 1535 1524 1514 1503 1491 1480 1468 1457 1445 1433 1421 1408
 1396 1383 1371 1358 1346 1333 1320 1307 1294 1281 1269 1256 1243 1230
    64.0 -15.0  30.0   1.0 450.0                            LAT/LON1/LON2/DLON/H
 1643 1639 1635 1630 1625 1619 1613 1606 1599 1591 1584 1575 1567 1558 1549 1539
 1529 1519 1509 1498 1487 1476 1465 1453 1441 1429 1417 1405 1392 1380 1367 1355
 1342 1329 1316 1303 1290 1277 1264 1251 1238 1225 1212 1198 1185 1173
    63.0 -15.0  30.0   1.0 450.0                            LAT/LON1/LON2/DLON/H
 1605 1600 1595 1589 1583 1577 1569 1562 1554 1546 1537 1528 1519 1509 1499 1489
 1479 1468 1457 1446 1434 1422 1410 1398 1386 1374 1361 1348 1335 1323 1310 1296
 1283 1270 1257 1244 1230 1217 1204 1191 1177 1164 1151 1138 1125 1112
    62.0 -15.0  30.0   1.0 450.0                            LAT/LON1/LON2/DLON/H
 1561 1555 1549 1543 1536 1528 1521 1512 1504 1495 1486 1476 1466 1456 1445 1434
 1423 1412 1400 1388 1376 1364 1351 1339 1326 1313 1300 1287 1274 1261 1248 1234
 1221 1208 1194 1181 1168 1154 1141 1128 1114 1101 1088 1075 1062 1049
    61.0 -15.0  30.0   1.0 450.0                            LAT/LON1/LON2/DLON/H
 1512 1505 1498 1491 1483 1475 1467 1458 1448 1439 1429 1418 1408 1397 1386 1374
 1363 1351 1339 1326 1314 1301 1288 1275 1262 1249 1236 1223 1210 1196 1183 1169
 1156 1142 1129 1115 1102 1089 1075 1062 1049 1036 1023 1010  997  984
    60.0 -15.0  30.0   1.0 450.0                            LAT/LON1/LON2/DLON/H
 1457 1450 1442 1434 1426 1417 1407 1398 1388 1378 1367 1356 1345 1334 1322 1310
 1298 1286 1273 1261 1248 1235 1222 1209 1195 1182 1169 1155 1142 1128 1115 1101
 1088 1075 1061 1048 1034 1021 1008  995  982  969  956  944  931  919
    59.0 -15.0  30.0   1.0 450.0                            LAT/LON1/LON2/DLON/H
 1397 1389 1381 1372 1363 1354 1344 1334 1323 1313 1302 1290 1279 1267 1255 1242
 1230 1217 1205 1192 1179 1166 1152 1139 1126 1112 1099 1086 1072 1059 1045 1032
 1018 1005  992  979  966  953  940  927  914  902  889  877  865  852
    58.0 -15.0  30.0   1.0 450.0                            LAT/LON1/LON2/DLON/H
 1334 1325 1316 1307 1297 1287 1277 1266 1255 1244 1233 1221 1209 1197 1184 1172
 1159 1146 1133 1120 1107 1094 1081 1067 1054 1041 1027 1014 1001  987  974  961
  948  935  922  909  896  883  871  858  846  834  822  810  798  787
    57.0 -15.0  30.0   1.0 450.0                            LAT/LON1/LON2/DLON/H
 1266 1257 1248 1238 1228 1217 1206 1195 1184 1173 1161 1149 1137 1124 1112 1099
 1086 1073 1060 1047 1034 1021 1008  994  981  968  955  942  929  916  903  890
  877  864  852  839  827  815  802  791  779  767  756  744  733  722
    56.0 -15.0  30.0   1.0 450.0                            LAT/LON1/LON2/DLON/H
 1196 1186 1176 1166 1155 1145 1133 1122 1111 1099 1087 1075 1062 1050 1037 1025
 1012  999  986  973  960  947  934  921  908  895  882  869  856  844  831  819
  806  794  782  770  758  747  735  724  713  702  691  680  670  659
    55.0 -15.0  30.0   1.0 450.0                            LAT/LON1/LON2/DLON/H
 1123 1113 1102 1092 1081 1070 1059 1047 1035 1024 1011  999  987  974  962  949
  937  924  911  898  886  873  860  847  835  822  810  797  785  773  761  749
  737  725  714  703  691  680  670  659  648  638  628  618  608  599
    54.0 -15.0  30.0   1.0 450.0                            LAT/LON1/LON2/DLON/H
 1048 1038 1027 1016 1005  994  983  971  959  947  935  923  911  899  886  874
  861  849  836  824  812  799  787  775  763  751  739  727  715  703  692  681
  670  659  648  637  627  617  606  597  587  577  568  559  550  541
    53.0 -15.0  30.0   1.0 450.0                            LAT/LON1/LON2/DLON/H
  972  962  951  940  929  918  906  895  883  871  859  847  835  823  811  799
  787  775  763  751  739  727  715  704  692  681  669  658  647  636  626  615
  605  594  584  575  565  556  546  537  528  520  511  503  495  487
    52.0 -15.0  30.0   1.0 450.0                            LAT/LON1/LON2/DLON/H
  896  885  875  864  853  842  830  819  807  796  784  773  761  749  737  726
  714  703  691  680  668  657  646  635  624  613  603  592  582  572  562  552
  543  533  524  515  507  498  490  482  474  466  459  451  444  437
    51.0 -15.0  30.0   1.0 450.0                            LAT/LON1/LON2/DLON/H
  820  810  799  788  777  766  755  744  733  722  711  699  688  677  666  654
  643  632  621  611  600  590  579  569  559  549  539  530  520  511  502  493
  485  476  468  460  452  445  437  430  423  416  410  404  398  392
    50.0 -15.0  30.0   1.0 450.0                            LAT/LON1/LON2/DLON/H
  745  735  725  714  704  693  682  671  661  650  639  628  618  607  596  586
  575  565  555  545  535  525  516  506  497  488  479  471  462  454  446  438
  431  423  416  409  402  396  389  383  377  372  366  361  356  351
    49.0 -15.0  30.0   1.0 450.0                            LAT/LON1/LON2/DLON/H
  672  662  652  642  632  622  611  601  591  581  570  560  550  540  530  521
  511  502  492  483  474  465  457  448  440  432  424  416  409  401  394  388
  381  375  369  363  357  351  346  341  336  331  327  323  318  315
    48.0 -15.0  30.0   1.0 450.0                            LAT/LON1/LON2/DLON/H
  602  592  583  573  563  553  544  534  524  515  505  496  487  477  468  459
  451  442  434  425  417  409  402  394  387  380  373  366  360  354  348  342
  337  331  326  321  317  312  308  304  300  296  293  290  286  284
    47.0 -15.0  30.0   1.0 450.0                            LAT/LON1/LON2/DLON/H
  535  525  516  507  498  489  480  471  462  453  444  436  427  419  411  403
  395  387  380  372  365  358  352  345  339  333  327  322  316  311  306  302
  297  293  289  285  282  278  275  272  269  267  264  262  260  258
    46.0 -15.0  30.0   1.0 450.0                            LAT/LON1/LON2/DLON/H
  471  462  454  445  437  428  420  412  403  395  388  380  372  365  358  350
  344  337  330  324  318  312  307  301  296  291  287  282  278  274  270  267
  263  260  257  254  252  249  247  245  243  242  240  239  238  237
    45.0 -15.0  30.0   1.0 450.0                            LAT/LON1/LON2/DLON/H
  411  403  395  388  380  372  365  357  350  343  336  329  322  316  310  304
  298  292  287  282  277  272  267  263  259  255  252  248  245  242  239  237
  235  232  231  229  227  226  225  224  223  222  222  221  221  221
    44.0 -15.0  30.0   1.0 450.0                            LAT/LON1/LON2/DLON/H
  356  349  342  335  328  321  315  308  302  295  289  284  278  272  267  262
  257  253  248  244  240  237  233  230  227  224  222  220  218  216  214  213
  211  210  209  209  208  208  207  207  207  207  208  208  209  209
    43.0 -15.0  30.0   1.0 450.0                            LAT/LON1/LON2/DLON/H
  307  300  294  288  281  276  270  264  259  253  248  244  239  234  230  226
  223  219  216  213  210  207  205  203  201  199  198  196  195  195  194  193
  193  193  193  193  194  194  195  195  196  197  198  199  201  202
    42.0 -15.0  30.0   1.0 450.0                            LAT/LON1/LON2/DLON/H
  262  256  251  246  240  235  230  226  221  217  213  209  205  202  199  196
  193  191  189  187  185  183  182  181  180  179  179  178  178  178  179  179
  180  181  182  183  184  185  186  188  190  191  193  195  197  199
    41.0 -15.0  30.0   1.0 450.0                            LAT/LON1/LON2/DLON/H
  223  218  214  209  205  201  197  193  190  186  183  180  178  175  173  171
  170  168  167  166  165  164  164  164  164  164  165  165  166  167  168  170
  171  173  174  176  178  180  182  184  187  189  191  194  196  198
    40.0 -15.0  30.0   1.0 450.0                            LAT/LON1/LON2/DLON/H
  190  186  182  178  175  172  169  166  163  161  159  157  155  154  153  152
  151  151  150  150  150  151  151  152  153  154  156  157  159  160  162  164
  167  169  171  174  176  179  182  184  187  190  193  195  198  201
    39.0 -15.0  30.0   1.0 450.0                            LAT/LON1/LON2/DLON/H
  162  159  156  153  151  148  146  144  143  141  140  139  138  138  138  138
  138  138  139  140  141  142  143  145  146  148  150  153  155  158  160  163
  166  168  171  174  178  181  184  187  190  193  196  200  203  206
    38.0 -15.0  30.0   1.0 450.0                            LAT/LON1/LON2/DLON/H
  139  137  135  133  132  130  129  128  127  127  126  126  126  127  127  128
  129  130  132  133  135  137  139  141  144  146  149  152  155  158  161  164
  168  171  174  178  181  185  188  192  195  199  202  205  209  212
    37.0 -15.0  30.0   1.0 450.0                            LAT/LON1/LON2/DLON/H
  122  121  120  119  118  117  117  117  117  117  117  118  119  120  121  123
  125  127  129  131  133  136  139  141  144  148  151  154  158  161  165  168
  172  176  179  183  187  191  194  198  202  205  209  212  216  219
    36.0 -15.0  30.0   1.0 450.0                            LAT/LON1/LON2/DLON/H
  110  110  109  109  109  109  109  110  111  112  113  114  116  117  119  121
  124  126  129  132  135  138  141  144  148  151  155  159  162  166  170  174
  178  182  186  190  194  198  201  205  209  213  216  220  223  226
    35.0 -15.0  30.0   1.0 450.0                            LAT/LON1/LON2/DLON/H
  103  103  103  104  104  105  106  107  108  110  112  114  116  118  121  123
  126  129  132  135  139  142  146  149  153  157  161  165  169  173  177  181
  185  189  193  197  201  205  209  212  216  220  223  227  230  233
     3                                                      END OF TEC MAP      
     4                                                      START OF TEC MAP    
  2022     6    17     6     0     0                        EPOCH OF CURRENT MAP
    65.0 -15.0  30.0   1.0 450.0                            LAT/LON1/LON2/DLON/H
 1653 1644 1635 1625 1615 1605 1594 1583 1572 1560 1548 1536 1524 1511 1499 1486
 1472 1459 1446 1432 1418 1404 1390 1376 1362 1347 1333 1318 1304 1289 1275 1260
 1245 1230 1216 1201 1186 1172 1157 1143 1128 1114 1099 1085 1071 1057
    64.0 -15.0  30.0   1.0 450.0                            LAT/LON1/LON2/DLON/H
 1633 1623 1613 1603 1592 1581 1570 1558 1546 1534 1521 1509 1496 1483 1469 1456
 1442 1428 1414 1400 1386 1371 1357 1342 1328 1313 1298 1283 1268 1253 1238 1223
 1208 1193 1179 1164 1149 1134 1119 1105 1090 1075 1061 1047 1032 1018
    63.0 -15.0  30.0   1.0 450.0                            LAT/LON1/LON2/DLON/H
 1606 1596 1585 1574 1562 1551 1539 1527 1514 1501 1488 1475 1462 1448 1434 1420
 1406 1392 1377 1363 1348 1333 1318 1303 1288 1273 1258 1243 1228 1213 1198 1182
 1167 1152 1137 1122 1107 1092 1077 1063 1048 1033 1019 1005  990  976
    62.0 -15.0  30.0   1.0 450.0                            LAT/LON1/LON2/DLON/H
 1572 1561 1550 1538 1527 1514 1502 1489 1476 1463 1449 1436 1422 1408 1393 1379
 1364 1350 1335 1320 1305 1290 1275 1260 1244 1229 1214 1198 1183 1168 1153 1137
 1122 1107 1092 1077 1062 1047 1032 1018 1003  988  974  960  946  932
    61.0 -15.0  30.0   1.0 450.0                            LAT/LON1/LON2/DLON/H
 1533 1521 1509 1497 1485 1472 1459 1446 1432 1418 1405 1391 1376 1362 1347 1333
 1318 1303 1288 1273 1257 1242 1227 1211 1196 1181 1165 1150 1135 1119 1104 1089
 1074 1059 1043 1029 1014  999  984  970  955  941  927  913  899  885
    60.0 -15.0  30.0   1.0 450.0                            LAT/LON1/LON2/DLON/H
 1487 1475 1462 1450 1437 1424 1410 1397 1383 1369 1355 1340 1326 1311 1296 1281
 1266 1251 1236 1221 1206 1190 1175 1160 1144 1129 1113 1098 1083 1068 1052 1037
 1022 1007  992  978  963  948  934  919  905  891  877  863  850  836
    59.0 -15.0  30.0   1.0 450.0                            LAT/LON1/LON2/DLON/H
 1435 1423 1410 1397 1384 1371 1357 1343 1329 1315 1300 1286 1271 1256 1241 1226
 1211 1196 1181 1166 1150 1135 1120 1104 1089 1074 1058 1043 1028 1013  998  983
  968  954  939  925  910  896  882  868  854  840  827  813  800  787
    58.0 -15.0  30.0   1.0 450.0                            LAT/LON1/LON2/DLON/H
 1379 1366 1353 1340 1327 1313 1299 1285 1271 1256 1242 1227 1212 1198 1183 1168
 1152 1137 1122 1107 1092 1077 1061 1046 1031 1016 1001  986  971  957  942  927
  913  898  884  870  856  842  829  815  802  788  775  762  750  737
    57.0 -15.0  30.0   1.0 450.0                            LAT/LON1/LON2/DLON/H
 1318 1305 1292 1278 1265 1251 1237 1223 1209 1194 1180 1165 1150 1136 1121 1106
 1091 1076 1061 1046 1031 1016 1001  986  972  957  942  928  913  899  884  870
  856  842  828  815  801  788  775  762  749  736  724  711  699  687
    56.0 -15.0  30.0   1.0 450.0                            LAT/LON1/LON2/DLON/H
 1253 1240 1227 1213 1200 1186 1172 1158 1144 1129 1115 1100 1086 1071 1057 1042
 1027 1012  998  983  969  954  939  925  911  896  882  868  854  840  826  813
  799  786  772  759  746  734  721  709  696  684  672  661  649  638
    55.0 -15.0  30.0   1.0 450.0                            LAT/LON1/LON2/DLON/H
 1185 1172 1159 1145 1132 1118 1104 1090 1076 1062 1048 1034 1019 1005  991  976
  962  948  933  919  905  891  877  863  849  835  821  808  794  781  768  755
  742  729  717  704  692  680  668  656  645  633  622  611  600  590
    54.0 -15.0  30.0   1.0 450.0                            LAT/LON1/LON2/DLON/H
 1114 1102 1088 1075 1062 1048 1035 1021 1007  993  979  966  952  938  924  910
  896  882  868  855  841  827  814  801  787  774  761  748  735  723  710  698
  686  674  662  650  639  628  616  605  595  584  574  563  553  544
    53.0 -15.0  30.0   1.0 450.0                            LAT/LON1/LON2/DLON/H
 1042 1029 1016 1003  990  977  964  951  937  924  910  897  883  870  857  843
  830  817  804  790  777  765  752  739  726  714  702  690  678  666  654  642
  631  620  609  598  587  577  566  556  546  537  527  518  509  500
    52.0 -15.0  30.0   1.0 450.0                            LAT/LON1/LON2/DLON/H
  969  956  944  931  918  906  893  880  867  854  841  828  815  803  790  777
  765  752  740  727  715  703  691  679  667  655  644  633  621  610  600  589
  578  568  558  548  538  528  519  510  501  492  483  475  466  458
    51.0 -15.0  30.0   1.0 450.0                            LAT/LON1/LON2/DLON/H
  895  883  871  859  846  834  822  810  797  785  773  761  748  736  724  712
  700  689  677  665  654  643  631  620  610  599  588  578  567  557  547  538
  528  519  509  500  491  483  474  466  458  450  442  434  427  420
    50.0 -15.0  30.0   1.0 450.0                            LAT/LON1/LON2/DLON/H
  822  810  799  787  775  764  752  740  729  717  706  694  683  672  660  649
  638  627  617  606  595  585  575  565  555  545  535  526  516  507  498  489
  481  472  464  456  448  440  433  425  418  411  404  398  391  385
    49.0 -15.0  30.0   1.0 450.0                            LAT/LON1/LON2/DLON/H
  750  739  728  717  706  695  684  673  662  652  641  630  620  609  599  589
  579  569  559  549  540  530  521  512  503  494  485  477  469  460  452  445
  437  430  422  415  408  401  395  388  382  376  370  364  359  353
    48.0 -15.0  30.0   1.0 450.0                            LAT/LON1/LON2/DLON/H
  679  669  659  649  639  629  619  609  599  589  579  569  560  550  541  532
  522  513  505  496  487  479  471  463  455  447  439  432  424  417  410  404
  397  390  384  378  372  366  361  355  350  345  340  335  330  326
    47.0 -15.0  30.0   1.0 450.0                            LAT/LON1/LON2/DLON/H
  612  602  593  584  574  565  556  547  538  529  520  512  503  494  486  478
