TPKL/IONOSPHERE/RIM221690.INX
     1.0            IONOSPHERE MAPS     GPS                 IONEX VERSION / TYPE
GPSEST V5.2         My agency/institute 20-JUL-22 14:44     PGM / RUN BY / DATE 
PPP_221690: Regional ionosphere model - RIM                 COMMENT             
My description text                                         DESCRIPTION         
  2022     6    18     0     0     0                        EPOCH OF FIRST MAP  
  2022     6    19     0     0     0                        EPOCH OF LAST MAP   
  7200                                                      INTERVAL            
    13                                                      # OF MAPS IN FILE   
  NONE                                                      MAPPING FUNCTION    
    10.0                                                    ELEVATION CUTOFF    
Undifferenced carrier phase and code                        OBSERVABLES USED    
     1                                                      # OF STATIONS       
    31                                                      # OF SATELLITES     
  6371.0                                                    BASE RADIUS         
     2                                                      MAP DIMENSION       
   450.0 450.0   0.0                                        HGT1 / HGT2 / DHGT  
    65.0  35.0  -1.0                                        LAT1 / LAT2 / DLAT  
   -15.0  30.0   1.0                                        LON1 / LON2 / DLON  
    -1                                                      EXPONENT            
TEC/RMS values in 0.1 TECU; 9999, if no value available     COMMENT             
List of stations:                                           COMMENT             
tpkl                                                        COMMENT             
                                                            END OF HEADER       
[from data line 254]
     3                                                      START OF TEC MAP    
  2022     6    18     4     0     0                        EPOCH OF CURRENT MAP
    65.0 -15.0  30.0   1.0 450.0                            LAT/LON1/LON2/DLON/H
 2825 2799 2773 2746 2718 2690 2662 2633 2604 2575 2545 2515 2485 2454 2424 2393
 2362 2331 2300 2269 2237 2206 2175 2144 2112 2081 2050 2020 1989 1958 1928 1898
 1868 1838 1809 1779 1750 1722 1693 1665 1638 1610 1583 1557 1530 1504
    64.0 -15.0  30.0   1.0 450.0                            LAT/LON1/LON2/DLON/H
 2728 2702 2674 2647 2619 2590 2561 2532 2502 2472 2442 2411 2380 2349 2318 2287
 2256 2224 2193 2161 2130 2098 2067 2036 2004 1973 1942 1911 1881 1850 1820 1790
 1760 1731 1702 1673 1644 1616 1588 1560 1533 1506 1479 1453 1428 1402
    63.0 -15.0  30.0   1.0 450.0                            LAT/LON1/LON2/DLON/H
 2625 2597 2569 2541 2512 2483 2453 2423 2393 2363 2332 2301 2270 2239 2208 2176
 2145 2113 2081 2050 2018 1987 1955 1924 1893 1862 1831 1801 1770 1740 1710 1680
 1651 1622 1593 1565 1537 1509 1481 1454 1428 1401 1375 1350 1325 1300
    62.0 -15.0  30.0   1.0 450.0                            LAT/LON1/LON2/DLON/H
 2514 2486 2458 2429 2400 2370 2340 2310 2279 2249 2218 2187 2155 2124 2093 2061
 2029 1998 1966 1935 1904 1872 1841 1810 1779 1748 1718 1688 1658 1628 1599 1569
 1541 1512 1484 1456 1429 1402 1375 1349 1323 1297 1272 1248 1223 1200
    61.0 -15.0  30.0   1.0 450.0                            LAT/LON1/LON2/DLON/H
 2398 2370 2341 2312 2282 2252 2222 2192 2161 2130 2099 2068 2037 2006 1974 1943
 1911 1880 1849 1818 1787 1756 1725 1694 1664 1634 1604 1574 1545 1516 1487 1458
 1430 1402 1375 1348 1321 1295 1269 1244 1219 1195 1170 1147 1124 1101
    60.0 -15.0  30.0   1.0 450.0                            LAT/LON1/LON2/DLON/H
 2277 2249 2220 2190 2161 2131 2101 2070 2039 2009 1978 1947 1916 1885 1853 1822
 1791 1760 1729 1699 1668 1638 1608 1578 1548 1518 1489 1460 1432 1403 1375 1348
 1321 1294 1267 1241 1216 1190 1166 1141 1117 1094 1071 1049 1026 1005
    59.0 -15.0  30.0   1.0 450.0                            LAT/LON1/LON2/DLON/H
 2153 2124 2095 2066 2036 2006 1976 1946 1915 1885 1854 1823 1793 1762 1731 1701
 1670 1640 1609 1579 1549 1520 1490 1461 1432 1403 1375 1347 1320 1292 1265 1239
 1213 1187 1162 1137 1112 1088 1065 1041 1019  997  975  953  933  912
    58.0 -15.0  30.0   1.0 450.0                            LAT/LON1/LON2/DLON/H
 2025 1996 1967 1938 1909 1879 1849 1819 1789 1759 1729 1699 1669 1638 1608 1578
 1549 1519 1489 1460 1431 1402 1374 1346 1318 1290 1263 1236 1209 1183 1157 1132
 1107 1083 1059 1035 1012  989  967  945  924  903  882  862  843  824
    57.0 -15.0  30.0   1.0 450.0                            LAT/LON1/LON2/DLON/H
 1895 1867 1838 1809 1780 1751 1722 1692 1663 1633 1604 1574 1545 1515 1486 1457
 1428 1399 1371 1342 1314 1287 1259 1232 1205 1179 1153 1127 1102 1077 1053 1029
 1005  982  959  937  915  894  873  853  833  813  794  776  758  741
    56.0 -15.0  30.0   1.0 450.0                            LAT/LON1/LON2/DLON/H
 1765 1737 1708 1680 1651 1623 1594 1565 1536 1508 1479 1450 1422 1393 1365 1337
 1309 1281 1254 1227 1200 1173 1147 1121 1096 1071 1046 1022  998  975  952  929
  907  885  864  843  823  803  784  765  747  729  712  695  678  662
    55.0 -15.0  30.0   1.0 450.0                            LAT/LON1/LON2/DLON/H
 1634 1606 1579 1551 1523 1495 1467 1439 1411 1384 1356 1328 1301 1273 1246 1219
 1193 1166 1140 1114 1089 1064 1039 1014  990  967  944  921  899  877  855  834
  814  794  774  755  736  718  701  683  667  650  635  619  604  590
    54.0 -15.0  30.0   1.0 450.0                            LAT/LON1/LON2/DLON/H
 1504 1477 1450 1424 1397 1370 1343 1316 1289 1262 1235 1209 1182 1156 1131 1105
 1080 1055 1030 1006  982  958  935  912  890  868  846  825  804  784  764  745
  726  708  690  672  655  639  623  607  592  578  564  550  537  524
    53.0 -15.0  30.0   1.0 450.0                            LAT/LON1/LON2/DLON/H
 1376 1350 1324 1298 1272 1246 1221 1195 1169 1144 1118 1093 1068 1043 1019  995
  971  948  924  902  879  857  836  815  794  774  754  734  715  697  679  661
  644  628  612  596  581  566  552  538  525  512  499  487  476  465
    52.0 -15.0  30.0   1.0 450.0                            LAT/LON1/LON2/DLON/H
 1251 1226 1201 1177 1152 1127 1102 1078 1054 1029 1005  982  958  935  912  890
  867  846  824  803  782  762  742  723  704  686  667  650  633  616  600  584
  569  554  540  526  513  500  487  475  464  452  442  431  421  412
    51.0 -15.0  30.0   1.0 450.0                            LAT/LON1/LON2/DLON/H
 1130 1106 1083 1059 1035 1012  989  966  943  920  898  876  854  832  811  790
  770  750  730  711  692  673  655  638  621  604  588  572  557  542  528  514
  500  488  475  463  451  440  430  419  409  400  391  382  374  366
    50.0 -15.0  30.0   1.0 450.0                            LAT/LON1/LON2/DLON/H
 1013  991  969  946  924  902  880  859  838  817  796  775  755  735  716  697
  678  660  642  625  608  591  575  559  544  529  515  501  488  475  463  451
  439  428  417  407  397  388  379  370  362  354  347  340  333  327
    49.0 -15.0  30.0   1.0 450.0                            LAT/LON1/LON2/DLON/H
  902  881  860  839  819  798  778  758  739  719  700  682  663  645  628  610
  594  577  561  546  531  516  502  488  475  462  450  438  426  415  405  395
  385  376  367  358  350  343  336  329  322  316  310  305  300  295
    48.0 -15.0  30.0   1.0 450.0                            LAT/LON1/LON2/DLON/H
  797  777  758  739  720  701  682  664  646  629  612  595  578  562  546  531
  516  502  488  474  461  448  436  424  413  402  392  382  372  363  354  346
  338  331  324  317  311  305  299  294  289  284  280  276  272  269
    47.0 -15.0  30.0   1.0 450.0                            LAT/LON1/LON2/DLON/H
  698  680  663  645  628  611  594  578  561  546  530  515  501  487  473  459
  447  434  422  410  399  388  378  368  359  350  341  333  326  318  311  305
  299  293  288  283  278  274  270  266  262  259  256  254  251  249
    46.0 -15.0  30.0   1.0 450.0                            LAT/LON1/LON2/DLON/H
  607  591  575  559  543  528  513  498  484  470  457  444  431  419  407  396
  385  374  364  354  345  336  328  320  312  305  298  292  286  281  276  271
  266  262  258  255  252  249  246  244  242  240  239  238  236  236
    45.0 -15.0  30.0   1.0 450.0                            LAT/LON1/LON2/DLON/H
  523  509  494  480  467  453  440  427  415  403  391  380  369  359  349  340
  330  322  314  306  298  292  285  279  273  268  263  258  254  250  247  244
  241  238  236  234  232  231  230  229  228  227  227  227  227  227
    44.0 -15.0  30.0   1.0 450.0                            LAT/LON1/LON2/DLON/H
  448  435  422  410  398  386  375  364  354  344  334  324  316  307  299  291
  284  277  271  265  260  254  250  245  241  238  234  231  229  227  225  223
  222  220  220  219  219  218  218  219  219  220  220  221  222  223
    43.0 -15.0  30.0   1.0 450.0                            LAT/LON1/LON2/DLON/H
  380  369  358  348  338  328  318  309  300  292  284  277  270  263  257  251
  246  241  236  232  228  225  221  219  216  214  213  211  210  209  209  208
  208  208  209  209  210  211  212  213  215  216  218  220  221  223
    42.0 -15.0  30.0   1.0 450.0                            LAT/LON1/LON2/DLON/H
  321  312  303  294  285  277  270  262  255  249  243  237  232  227  222  218
  214  211  208  206  203  201  200  199  198  197  197  197  197  198  198  199
  200  202  203  205  206  208  210  212  215  217  219  222  224  227
    41.0 -15.0  30.0   1.0 450.0                            LAT/LON1/LON2/DLON/H
  270  263  255  248  241  235  229  223  218  213  209  205  201  198  195  192
  190  189  187  186  185  185  185  185  185  186  187  188  190  191  193  195
  197  199  202  204  207  210  212  215  218  221  224  227  230  232
    40.0 -15.0  30.0   1.0 450.0                            LAT/LON1/LON2/DLON/H
  228  221  216  210  205  200  196  192  188  185  182  180  177  176  174  173
  173  172  172  173  173  174  175  177  178  180  182  184  187  189  192  195
  198  201  204  207  210  214  217  220  224  227  230  234  237  240
    39.0 -15.0  30.0   1.0 450.0                            LAT/LON1/LON2/DLON/H
  193  188  184  180  176  173  170  167  165  164  162  161  160  160  160  160
  161  162  163  165  166  168  171  173  176  178  181  184  188  191  194  198
  202  205  209  213  216  220  224  227  231  235  238  242  245  248
    38.0 -15.0  30.0   1.0 450.0                            LAT/LON1/LON2/DLON/H
  165  162  159  157  154  153  151  150  149  149  149  149  149  150  151  153
  155  157  159  161  164  167  170  173  177  180  184  188  192  196  200  204
  208  212  216  220  224  228  232  236  239  243  247  250  254  257
    37.0 -15.0  30.0   1.0 450.0                            LAT/LON1/LON2/DLON/H
  145  143  141  140  139  139  138  138  139  139  141  142  144  145  148  150
  153  156  159  162  166  169  173  177  181  185  189  194  198  202  207  211
  215  220  224  228  232  236  240  244  248  252  255  258  262  265
    36.0 -15.0  30.0   1.0 450.0                            LAT/LON1/LON2/DLON/H
  131  130  130  129  130  130  131  132  134  135  137  140  142  145  148  151
  155  158  162  166  170  174  179  183  187  192  197  201  206  210  215  219
  224  228  232  236  241  245  248  252  256  259  262  266  269  271
    35.0 -15.0  30.0   1.0 450.0                            LAT/LON1/LON2/DLON/H
  123  123  123  124  125  127  129  131  133  135  138  141  144  148  152  155
  159  164  168  172  177  181  186  190  195  200  205  209  214  218  223  227
  232  236  240  244  248  252  255  259  262  265  268  271  274  276
     3                                                      END OF TEC MAP      
     4                                                      START OF TEC MAP    
  2022     6    18     6     0     0                        EPOCH OF CURRENT MAP
    65.0 -15.0  30.0   1.0 450.0                            LAT/LON1/LON2/DLON/H
 2578 2546 2513 2481 2448 2416 2383 2350 2317 2284 2251 2217 2184 2151 2119 2086
 2053 2021 1988 1956 1924 1893 1861 1830 1799 1768 1738 1708 1678 1649 1620 1591
 1563 1535 1507 1480 1453 1427 1401 1375 1350 1325 1301 1277 1254 1231
    64.0 -15.0  30.0   1.0 450.0                            LAT/LON1/LON2/DLON/H
 2493 2460 2427 2394 2361 2328 2295 2262 2228 2195 2162 2129 2095 2062 2029 1996
 1964 1931 1899 1867 1835 1803 1772 1741 1710 1680 1650 1620 1590 1561 1533 1504
 1477 1449 1422 1395 1369 1343 1318 1293 1268 1244 1221 1198 1175 1152
    63.0 -15.0  30.0   1.0 450.0                            LAT/LON1/LON2/DLON/H
 2401 2368 2335 2302 2268 2235 2202 2168 2135 2101 2068 2035 2001 1968 1935 1903
 1870 1838 1806 1774 1742 1711 1680 1649 1619 1589 1559 1530 1501 1472 1444 1416
 1389 1362 1336 1310 1284 1259 1234 1210 1186 1163 1140 1118 1096 1074
    62.0 -15.0  30.0   1.0 450.0                            LAT/LON1/LON2/DLON/H
 2303 2270 2236 2203 2170 2136 2103 2069 2036 2003 1969 1936 1903 1870 1838 1805
 1773 1741 1709 1678 1647 1616 1585 1555 1525 1496 1467 1438 1410 1382 1354 1327
 1301 1275 1249 1224 1199 1175 1151 1127 1105 1082 1060 1039 1018  997
    61.0 -15.0  30.0   1.0 450.0                            LAT/LON1/LON2/DLON/H
 2199 2166 2133 2100 2066 2033 2000 1967 1933 1900 1867 1834 1802 1769 1737 1705
 1673 1642 1611 1580 1549 1519 1489 1459 1430 1402 1373 1345 1318 1291 1264 1238
 1212 1187 1162 1138 1114 1091 1068 1046 1024 1002  981  961  941  922
    60.0 -15.0  30.0   1.0 450.0                            LAT/LON1/LON2/DLON/H
 2091 2058 2025 1992 1959 1926 1893 1860 1827 1795 1762 1730 1698 1666 1634 1603
 1572 1541 1510 1480 1451 1421 1392 1363 1335 1307 1280 1253 1226 1200 1175 1149
 1125 1101 1077 1054 1031 1009  987  965  945  924  905  885  866  848
    59.0 -15.0  30.0   1.0 450.0                            LAT/LON1/LON2/DLON/H
 1979 1946 1914 1881 1849 1816 1784 1751 1719 1687 1655 1624 1592 1561 1530 1500
 1469 1439 1410 1380 1352 1323 1295 1267 1240 1213 1187 1161 1135 1110 1086 1062
 1038 1015  993  971  949  928  907  887  868  849  830  812  794  777
    58.0 -15.0  30.0   1.0 450.0                            LAT/LON1/LON2/DLON/H
 1864 1832 1800 1768 1736 1704 1672 1641 1609 1578 1547 1516 1486 1456 1426 1396
 1367 1338 1309 1281 1253 1226 1199 1172 1146 1120 1095 1070 1046 1022  999  976
  954  932  911  890  870  850  831  812  794  776  759  742  725  709
    57.0 -15.0  30.0   1.0 450.0                            LAT/LON1/LON2/DLON/H
 1747 1716 1684 1653 1622 1591 1560 1530 1499 1469 1439 1409 1379 1350 1321 1293
 1265 1237 1209 1182 1156 1130 1104 1079 1054 1029 1006  982  959  937  915  893
  873  852  832  813  794  775  757  740  723  707  691  675  660  645
    56.0 -15.0  30.0   1.0 450.0                            LAT/LON1/LON2/DLON/H
 1629 1599 1568 1538 1508 1478 1448 1418 1389 1360 1331 1302 1274 1246 1218 1191
 1164 1138 1112 1086 1061 1036 1012  988  964  941  919  897  875  854  834  814
  794  775  757  739  721  704  688  672  656  641  626  612  599  585
    55.0 -15.0  30.0   1.0 450.0                            LAT/LON1/LON2/DLON/H
 1511 1482 1452 1423 1394 1365 1337 1308 1280 1252 1225 1197 1170 1144 1117 1092
 1066 1041 1016  992  968  945  922  900  878  856  835  815  795  775  756  738
  720  702  685  669  653  637  622  608  594  580  567  554  542  530
    54.0 -15.0  30.0   1.0 450.0                            LAT/LON1/LON2/DLON/H
 1394 1366 1338 1310 1282 1255 1227 1200 1173 1147 1121 1095 1069 1044 1019  995
  971  947  924  902  879  858  836  816  795  775  756  737  719  701  683  666
  650  634  619  604  589  575  562  548  536  524  512  501  490  479
    53.0 -15.0  30.0   1.0 450.0                            LAT/LON1/LON2/DLON/H
 1279 1252 1225 1199 1172 1146 1120 1095 1069 1044 1020  995  972  948  925  902
  880  858  836  815  795  775  755  736  717  699  681  664  647  631  615  600
  585  571  557  543  530  518  506  494  483  472  462  452  443  434
    52.0 -15.0  30.0   1.0 450.0                            LAT/LON1/LON2/DLON/H
 1166 1141 1116 1090 1066 1041 1017  993  969  946  923  900  878  856  835  814
  793  773  753  734  715  696  679  661  644  628  612  596  581  566  552  538
  525  513  500  488  477  466  455  445  436  426  417  409  401  393
    51.0 -15.0  30.0   1.0 450.0                            LAT/LON1/LON2/DLON/H
 1057 1033 1010  986  963  940  918  895  873  852  830  810  789  769  749  730
  711  693  675  657  640  624  607  592  577  562  547  534  520  507  495  483
  471  460  449  439  429  420  411  402  394  386  378  371  364  358
    50.0 -15.0  30.0   1.0 450.0                            LAT/LON1/LON2/DLON/H
  953  930  908  887  865  844  823  803  783  763  743  724  706  687  670  652
  635  619  602  587  571  557  542  528  515  502  489  477  465  454  443  433
  423  413  404  395  387  379  371  364  357  351  345  339  333  328
    49.0 -15.0  30.0   1.0 450.0                            LAT/LON1/LON2/DLON/H
  853  833  812  793  773  754  735  716  698  680  662  645  628  612  596  580
  565  550  536  522  509  496  483  471  459  448  437  426  416  407  398  389
  380  372  365  357  350  344  338  332  326  321  316  312  307  303
    48.0 -15.0  30.0   1.0 450.0                            LAT/LON1/LON2/DLON/H
  759  741  722  704  687  669  652  635  619  603  587  572  557  542  528  515
  501  489  476  464  452  441  430  420  410  400  391  382  374  366  358  351
  344  337  331  325  320  315  310  305  301  297  293  290  287  284
    47.0 -15.0  30.0   1.0 450.0                            LAT/LON1/LON2/DLON/H
  672  655  639  623  607  591  576  561  547  533  519  506  493  480  468  456
