TPKL/IONOSPHERE/RIM221710.INX
     1.0            IONOSPHERE MAPS     GPS                 IONEX VERSION / TYPE
GPSEST V5.2         My agency/institute 20-JUL-22 15:00     PGM / RUN BY / DATE 
PPP_221710: Regional ionosphere model - RIM                 COMMENT             
My description text                                         DESCRIPTION         
  2022     6    20     0     0     0                        EPOCH OF FIRST MAP  
  2022     6    21     0     0     0                        EPOCH OF LAST MAP   
  7200                                                      INTERVAL            
    13                                                      # OF MAPS IN FILE   
  NONE                                                      MAPPING FUNCTION    
    10.0                                                    ELEVATION CUTOFF    
Undifferenced carrier phase and code                        OBSERVABLES USED    
     1                                                      # OF STATIONS       
    12                                                      # OF SATELLITES     
  6371.0                                                    BASE RADIUS         
     2                                                      MAP DIMENSION       
   450.0 450.0   0.0                                        HGT1 / HGT2 / DHGT  
    65.0  35.0  -1.0                                        LAT1 / LAT2 / DLAT  
   -15.0  30.0   1.0                                        LON1 / LON2 / DLON  
    -1                                                      EXPONENT            
TEC/RMS values in 0.1 TECU; 9999, if no value available     COMMENT             
List of stations:                                           COMMENT             
tpkl                                                        COMMENT             
                                                            END OF HEADER       
[from data line 508]
     5                                                      START OF TEC MAP    
  2022     6    20     8     0     0                        EPOCH OF CURRENT MAP
    65.0 -15.0  30.0   1.0 450.0                            LAT/LON1/LON2/DLON/H
 9999 9999 9999 9999 9999 9999 9999 9999 9999 9999 9999 9999 9999 9999 9999 9999
 9999 9999 9999 9999 9999 9999 9999 9999 9999 9999 9999 9999 9999 9999 9999 9999
 9999 9999 9999 9999 9999 9999 9999 9999 9999 9999 9999 9999 9999 9999
    64.0 -15.0  30.0   1.0 450.0                            LAT/LON1/LON2/DLON/H
 9999 9999 9999 9999 9999 9999 9999 9999 9999 9999 9999 9999 9999 9999 9999 9999
 9999 9999 9999 9999 9999 9999 9999 9999 9999 9999 9999 9999 9999 9999 9999 9999
 9999 9999 9999 9999 9999 9999 9999 9999 9999 9999 9999 9999 9999 9999
    63.0 -15.0  30.0   1.0 450.0                            LAT/LON1/LON2/DLON/H
 9999 9999 9999 9999 9999 9999 9999 9999 9999 9999 9999 9999 9999 9999 9999 9999
 9999 9999 9999 9999 9999 9999 9999 9999 9999 9999 9999 9999 9999 9999 9999 9999
 9999 9999 9999 9999 9999 9999 9999 9999 9999 9999 9999 9999 9999 9999
    62.0 -15.0  30.0   1.0 450.0                            LAT/LON1/LON2/DLON/H
 9999 9999 9999 9999 9999 9999 9999 9999 9999 9999 9999 9999 9999 9999 9999 9999
 9999 9999 9999 9999 9999 9999 9999 9999 9999 9999 9999 9999 9999 9999 9999 9999
 9999 9999 9999 9999 9999 9999 9999 9999 9999 9999 9999 9999 9999 9999
    61.0 -15.0  30.0   1.0 450.0                            LAT/LON1/LON2/DLON/H
 9999 9999 9999 9999 9999 9999 9999-9912-9779-9659-9554-9464-9388-9327-9282-9252
-9238-9239-9257-9292-9343-9411-9497-9600-9721-9861 9999 9999 9999 9999 9999 9999
 9999 9999 9999 9999 9999 9999 9999 9999 9999 9999 9999 9999 9999 9999
    60.0 -15.0  30.0   1.0 450.0                            LAT/LON1/LON2/DLON/H
-9555-9340-9138-8948-8771-8606-8455-8317-8192-8081-7984-7901-7833-7778-7739-7715
-7706-7712-7734-7772-7826-7897-7985-8090-8213-8353-8511-8688-8884-9099-9334-9588
-9863 9999 9999 9999 9999 9999 9999 9999 9999 9999 9999 9999 9999 9999
    59.0 -15.0  30.0   1.0 450.0                            LAT/LON1/LON2/DLON/H
-8049-7847-7657-7479-7313-7160-7019-6891-6776-6674-6585-6510-6449-6401-6368-6350
-6346-6357-6383-6425-6482-6556-6646-6752-6876-7017-7175-7352-7547-7761-7994-8247
-8520-8813-9127-9463-9820 9999 9999 9999 9999 9999 9999 9999 9999 9999
    58.0 -15.0  30.0   1.0 450.0                            LAT/LON1/LON2/DLON/H
-6703-6514-6337-6171-6017-5875-5745-5627-5522-5429-5349-5282-5228-5188-5161-5148
-5150-5165-5196-5241-5302-5378-5469-5577-5702-5843-6001-6177-6371-6584-6815-7065
-7335-7625-7936-8267-8620-8995-9393-9814 9999 9999 9999 9999 9999 9999
    57.0 -15.0  30.0   1.0 450.0                            LAT/LON1/LON2/DLON/H
-5507-5333-5169-5016-4874-4744-4624-4517-4422-4338-4267-4208-4162-4128-4108-4101
-4108-4128-4162-4211-4274-4353-4446-4555-4680-4821-4979-5154-5346-5556-5785-6032
-6299-6585-6891-7218-7566-7936-8328-8743-9182-9644 9999 9999 9999 9999
    56.0 -15.0  30.0   1.0 450.0                            LAT/LON1/LON2/DLON/H
-4455-4294-4144-4004-3874-3756-3648-3551-3465-3391-3329-3278-3239-3213-3199-3198
-3209-3234-3272-3324-3390-3470-3565-3675-3800-3941-4098-4271-4461-4669-4894-5137
-5400-5681-5982-6304-6646-7010-7396-7804-8236-8691-9170-9675 9999 9999
    55.0 -15.0  30.0   1.0 450.0                            LAT/LON1/LON2/DLON/H
-3537-3390-3253-3126-3009-2902-2805-2719-2643-2578-2525-2482-2451-2431-2423-2428
-2444-2473-2515-2570-2638-2720-2816-2926-3051-3191-3346-3517-3705-3909-4131-4370
-4627-4903-5199-5514-5850-6207-6585-6986-7409-7857-8328-8824-9346-9894
    54.0 -15.0  30.0   1.0 450.0                            LAT/LON1/LON2/DLON/H
-2744-2612-2488-2373-2268-2173-2087-2011-1945-1889-1844-1809-1785-1772-1770-1780
-1801-1834-1879-1937-2007-2090-2187-2297-2421-2560-2713-2882-3066-3267-3484-3718
-3970-4240-4529-4837-5166-5515-5885-6277-6692-7130-7592-8079-8591-9129
    53.0 -15.0  30.0   1.0 450.0                            LAT/LON1/LON2/DLON/H
-2067-1948-1837-1735-1642-1558-1482-1417-1360-1313-1276-1249-1232-1225-1229-1244
-1269-1306-1354-1414-1485-1569-1666-1776-1899-2036-2187-2352-2533-2729-2941-3170
-3416-3679-3961-4262-4582-4922-5283-5666-6071-6499-6951-7427-7929-8456
    52.0 -15.0  30.0   1.0 450.0                            LAT/LON1/LON2/DLON/H
-1496-1390-1292-1202-1120-1046 -982 -926 -878 -840 -811 -791 -780 -779 -788 -807
 -837 -877 -927 -989-1062-1146-1243-1352-1473-1608-1756-1918-2094-2285-2492-2715
-2954-3210-3484-3776-4087-4418-4769-5142-5536-5953-6394-6858-7348-7864
    51.0 -15.0  30.0   1.0 450.0                            LAT/LON1/LON2/DLON/H
-1021 -927 -841 -763 -692 -629 -574 -527 -489 -458 -437 -423 -419 -424 -437 -461
 -493 -536 -589 -652 -725 -810 -906-1013-1132-1264-1409-1567-1738-1924-2124-2340
-2572-2820-3085-3368-3670-3990-4331-4693-5075-5481-5909-6361-6839-7341
    50.0 -15.0  30.0   1.0 450.0                            LAT/LON1/LON2/DLON/H
 -632 -551 -476 -409 -349 -296 -250 -212 -181 -158 -143 -136 -138 -147 -165 -192
 -228 -273 -327 -391 -465 -549 -643 -749 -865 -994-1134-1287-1453-1633-1827-2035
-2259-2498-2754-3028-3319-3629-3958-4308-4678-5071-5486-5925-6389-6878
    49.0 -15.0  30.0   1.0 450.0                            LAT/LON1/LON2/DLON/H
 -321 -251 -187 -130  -80  -36    1   31   54   70   79   80   74   60   38    8
  -30  -76 -131 -196 -269 -352 -445 -548 -661 -786 -922-1070-1230-1403-1589-1789
-2004-2235-2481-2744-3024-3322-3639-3976-4334-4713-5114-5539-5989-6463
    48.0 -15.0  30.0   1.0 450.0                            LAT/LON1/LON2/DLON/H
  -77  -18   35   83  124  160  189  211  228  237  240  237  226  208  184  151
  111   64    8  -56 -129 -210 -300 -400 -510 -630 -761 -903-1056-1222-1401-1592
-1798-2019-2254-2506-2774-3060-3365-3688-4032-4397-4784-5194-5628-6087
    47.0 -15.0  30.0   1.0 450.0                            LAT/LON1/LON2/DLON/H
  107  157  201  239  273  300  322  338  348  352  350  342  328  307  280  246
  205  156  101   38  -33 -112 -200 -296 -402 -517 -642 -778 -924-1082-1252-1435
-1630-1840-2065-2305-2561-2834-3125-3435-3764-4114-4486-4880-5298-5740
    46.0 -15.0  30.0   1.0 450.0                            LAT/LON1/LON2/DLON/H
  242  282  318  348  374  394  410  420  424  424  418  406  389  365  336  301
  259  211  156   95   26  -51 -135 -227 -328 -437 -556 -685 -823 -973-1134-1307
-1492-1691-1904-2132-2375-2635-2911-3207-3521-3855-4211-4588-4989-5415
    45.0 -15.0  30.0   1.0 450.0                            LAT/LON1/LON2/DLON/H
  333  366  393  417  436  450  460  465  465  460  451  436  416  391  361  325
  284  236  183  123   57  -16  -96 -184 -279 -383 -495 -616 -746 -887-1039-1201
-1376-1563-1764-1978-2208-2454-2716-2996-3294-3613-3951-4312-4695-5103
    44.0 -15.0  30.0   1.0 450.0                            LAT/LON1/LON2/DLON/H
  390  415  436  453  466  475  480  481  477  469  457  440  419  393  362  326
  285  239  188  130   68   -2  -77 -159 -249 -346 -450 -563 -685 -817 -958-1110
-1273-1449-1637-1838-2054-2285-2532-2796-3078-3379-3701-4044-4409-4798
    43.0 -15.0  30.0   1.0 450.0                            LAT/LON1/LON2/DLON/H
  418  437  453  464  472  477  478  475  468  458  443  425  403  376  345  310
  271  227  178  124   65    0  -70 -147 -230 -320 -417 -521 -634 -756 -887-1027
-1179-1342-1516-1704-1905-2121-2353-2600-2866-3150-3453-3778-4124-4494
    42.0 -15.0  30.0   1.0 450.0                            LAT/LON1/LON2/DLON/H
  425  439  449  456  460  461  459  453  444  432  416  397  374  348  318  284
  247  205  159  109   54   -6  -70 -141 -217 -299 -388 -484 -587 -698 -818 -948
-1087-1237-1398-1571-1758-1958-2173-2404-2652-2919-3204-3509-3836-4186
    41.0 -15.0  30.0   1.0 450.0                            LAT/LON1/LON2/DLON/H
  416  425  431  434  435  433  428  420  410  396  380  361  338  313  284  253
  218  179  137   91   41  -14  -72 -136 -205 -279 -359 -446 -539 -640 -749 -866
 -992-1129-1276-1435-1606-1791-1990-2204-2434-2682-2948-3234-3542-3871
    40.0 -15.0  30.0   1.0 450.0                            LAT/LON1/LON2/DLON/H
  395  400  403  404  402  398  391  382  370  357  340  321  300  276  250  220
  188  153  115   74   29  -19  -72 -128 -189 -255 -327 -404 -487 -577 -674 -779
 -893-1016-1149-1293-1448-1617-1799-1995-2208-2437-2684-2950-3237-3546
    39.0 -15.0  30.0   1.0 450.0                            LAT/LON1/LON2/DLON/H
  367  370  370  368  365  359  351  342  330  316  300  283  263  241  217  190
  162  131   97   61   22  -20  -66 -115 -168 -225 -287 -355 -427 -506 -591 -684
 -785 -894-1013-1141-1281-1433-1598-1777-1971-2182-2409-2656-2922-3209
    38.0 -15.0  30.0   1.0 450.0                            LAT/LON1/LON2/DLON/H
  336  336  335  332  327  320  312  303  291  278  264  247  230  210  189  166
  141  115   86   55   22  -14  -52  -94 -138 -187 -240 -297 -359 -426 -500 -580
 -667 -762 -866 -980-1104-1240-1387-1548-1724-1915-2123-2349-2594-2860
    37.0 -15.0  30.0   1.0 450.0                            LAT/LON1/LON2/DLON/H
  304  303  301  297  291  285  277  267  257  245  232  218  203  186  168  149
  129  107   83   58   31    2  -29  -63  -99 -139 -182 -229 -280 -336 -397 -465
 -539 -620 -710 -808 -916-1035-1166-1309-1466-1638-1826-2031-2255-2499
    36.0 -15.0  30.0   1.0 450.0                            LAT/LON1/LON2/DLON/H
  275  273  269  265  260  253  246  238  229  218  208  196  183  170  156  141
  125  108   89   70   50   28    4  -22  -50  -81 -114 -151 -191 -236 -285 -340
 -401 -468 -543 -626 -719 -821 -934-1059-1198-1350-1518-1703-1906-2128
    35.0 -15.0  30.0   1.0 450.0                            LAT/LON1/LON2/DLON/H
  249  246  243  239  234  228  222  215  207  199  191  182  172  162  152  141
  130  118  105   92   78   63   46   29    9  -12  -36  -63  -93 -126 -164 -206
 -254 -307 -368 -436 -512 -598 -694 -802 -921-1055-1203-1367-1549-1749
     5                                                      END OF TEC MAP      
     6                                                      START OF TEC MAP    
  2022     6    20    10     0     0                        EPOCH OF CURRENT MAP
    65.0 -15.0  30.0   1.0 450.0                            LAT/LON1/LON2/DLON/H
 9999 9999 9999 9999 9999 9999 9999 9999 9999 9999 9999 9999 9999 9999 9999 9999
 9999 9999 9999 9999 9999 9999 9999 9999 9999 9999 9999 9999 9999 9999 9999 9999
 9999 9999 9999 9999 9999 9999 9999 9999 9999 9999 9999 9999 9999 9999
    64.0 -15.0  30.0   1.0 450.0                            LAT/LON1/LON2/DLON/H
 9999 9999 9999 9999 9999 9999 9999 9999 9999 9999 9999 9999 9999 9999 9999 9999
 9999 9999 9999 9999 9999 9999 9999 9999 9999 9999 9999 9999 9999 9999 9999 9999
 9999 9999 9999 9999 9999 9999 9999 9999 9999 9999 9999 9999 9999 9999
    63.0 -15.0  30.0   1.0 450.0                            LAT/LON1/LON2/DLON/H
 9999 9999 9999 9999 9999 9999 9999 9999 9999 9999 9999 9999 9999 9999 9999 9999
 9999 9999 9999 9999 9999 9999 9999 9999 9999 9999 9999 9999 9999 9999 9999 9999
 9999 9999 9999 9999 9999 9999 9999 9999 9999 9999 9999 9999 9999 9999
    62.0 -15.0  30.0   1.0 450.0                            LAT/LON1/LON2/DLON/H
 9999 9999 9999 9999 9999 9999 9999 9999 9999 9999 9999 9999 9999 9999 9999 9999
 9999 9999 9999 9999 9999 9999 9999 9999 9999 9999 9999 9999 9999 9999 9999 9999
 9999 9999 9999 9999 9999 9999 9999 9999 9999 9999 9999 9999 9999 9999
    61.0 -15.0  30.0   1.0 450.0                            LAT/LON1/LON2/DLON/H
 9999 9999 9999 9999 9999 9999 9999 9999 9999 9999 9999 9999 9999 9999 9999 9999
 9999 9999 9999 9999 9999 9999 9999 9999 9999 9999 9999 9999 9999 9999 9999 9999
 9999 9999 9999 9999 9999 9999 9999 9999 9999 9999 9999 9999 9999 9999
    60.0 -15.0  30.0   1.0 450.0                            LAT/LON1/LON2/DLON/H
 9999 9999 9999 9999 9999 9999 9999 9999 9999 9999 9999 9999 9999 9999 9999 9999
 9999 9999 9999 9999 9999 9999 9999 9999 9999 9999 9999 9999 9999 9999 9999 9999
 9999 9999 9999 9999 9999 9999 9999 9999 9999 9999 9999 9999 9999 9999
    59.0 -15.0  30.0   1.0 450.0                            LAT/LON1/LON2/DLON/H
 9999 9999 9999 9999 9999 9999 9999 9999 9999 9999 9999 9999 9999 9999 9999 9999
 9999 9999 9999 9999 9999 9999 9999 9999 9999 9999 9999 9999 9999 9999 9999 9999
 9999 9999 9999 9999 9999 9999 9999 9999 9999 9999 9999 9999 9999 9999
    58.0 -15.0  30.0   1.0 450.0                            LAT/LON1/LON2/DLON/H
 9999 9999 9999 9999 9999 9999 9999 9999 9999 9999 9999 9999 9999 9999 9999 9999
 9999 9999 9999 9999 9999 9999 9999 9999 9999 9999 9999 9999 9999 9999 9999 9999
 9999 9999 9999 9999 9999 9999 9999 9999 9999 9999 9999 9999 9999 9999
    57.0 -15.0  30.0   1.0 450.0                            LAT/LON1/LON2/DLON/H
 9999 9999 9999 9999 9999 9999 9999 9999 9999 9999 9999 9999 9999 9999 9999 9999
 9999 9999 9999 9999 9999 9999 9999 9999 9999 9999 9999 9999 9999 9999 9999 9999
 9999 9999 9999 9999 9999 9999 9999 9999 9999 9999 9999 9999 9999 9999
    56.0 -15.0  30.0   1.0 450.0                            LAT/LON1/LON2/DLON/H
 9999 9999 9999 9999 9999 9999 9999 9999 9999 9999 9999 9999 9999 9999 9999 9999
 9999 9999 9999 9999 9999 9999 9999 9999 9999 9999 9999 9999 9999 9999 9999 9999
 9999 9999 9999 9999 9999 9999 9999 9999 9999 9999 9999 9999 9999 9999
    55.0 -15.0  30.0   1.0 450.0                            LAT/LON1/LON2/DLON/H
-8841-9100-9382-9688 9999 9999 9999 9999 9999 9999 9999 9999 9999 9999 9999 9999
 9999 9999 9999 9999 9999 9999 9999 9999 9999 9999 9999 9999 9999 9999 9999 9999
 9999 9999 9999 9999 9999 9999 9999 9999 9999 9999 9999 9999 9999 9999
    54.0 -15.0  30.0   1.0 450.0                            LAT/LON1/LON2/DLON/H
-7490-7744-8021-8321-8645-8994-9368-9768 9999 9999 9999 9999 9999 9999 9999 9999
 9999 9999 9999 9999 9999 9999 9999 9999 9999 9999 9999 9999 9999 9999 9999 9999
 9999 9999 9999 9999 9999 9999 9999 9999 9999 9999 9999 9999 9999 9999
    53.0 -15.0  30.0   1.0 450.0                            LAT/LON1/LON2/DLON/H
-6302-6551-6821-7115-7432-7774-8141-8533-8952-9398-9873 9999 9999 9999 9999 9999
 9999 9999 9999 9999 9999 9999 9999 9999 9999 9999 9999 9999 9999 9999 9999 9999
 9999 9999 9999 9999 9999 9999 9999 9999 9999 9999 9999 9999 9999 9999
    52.0 -15.0  30.0   1.0 450.0                            LAT/LON1/LON2/DLON/H
-5266-5509-5774-6061-6371-6705-7064-7448-7858-8295-8760-9253-9776 9999 9999 9999
 9999 9999 9999 9999 9999 9999 9999 9999 9999 9999 9999 9999 9999 9999 9999 9999
 9999 9999 9999 9999 9999 9999 9999 9999 9999 9999 9999 9999 9999 9999
    51.0 -15.0  30.0   1.0 450.0                            LAT/LON1/LON2/DLON/H
-4372-4609-4867-5147-5450-5776-6126-6501-6902-7329-7784-8267-8779-9320-9893 9999
 9999 9999 9999 9999 9999 9999 9999 9999 9999 9999 9999 9999 9999 9999 9999 9999
 9999 9999 9999 9999 9999 9999 9999 9999 9999 9999 9999 9999 9999 9999
    50.0 -15.0  30.0   1.0 450.0                            LAT/LON1/LON2/DLON/H
-3609-3839-4091-4363-4658-4975-5317-5682-6073-6490-6934-7405-7906-8436-8996-9588
 9999 9999 9999 9999 9999 9999 9999 9999 9999 9999 9999 9999 9999 9999 9999 9999
 9999 9999 9999 9999 9999 9999 9999 9999 9999 9999 9999 9999 9999 9999
    49.0 -15.0  30.0   1.0 450.0                            LAT/LON1/LON2/DLON/H
-2965-3189-3433-3698-3984-4293-4624-4980-5360-5766-6198-6658-7146-7663-8211-8789
-9400 9999 9999 9999 9999 9999 9999 9999 9999 9999 9999 9999 9999 9999 9999 9999
 9999 9999 9999 9999 9999 9999 9999 9999 9999 9999 9999 9999 9999 9999
    48.0 -15.0  30.0   1.0 450.0                            LAT/LON1/LON2/DLON/H
-2428-2646-2882-3139-3416-3716-4037-4382-4751-5145-5565-6013-6488-6992-7525-8090
-8687-9316-9979 9999 9999 9999 9999 9999 9999 9999 9999 9999 9999 9999 9999 9999
 9999 9999 9999 9999 9999 9999 9999 9999 9999 9999 9999 9999 9999 9999
    47.0 -15.0  30.0   1.0 450.0                            LAT/LON1/LON2/DLON/H
-1988-2198-2427-2675-2944-3233-3544-3878-4235-4617-5024-5458-5920-6409-6929-7479
