TPKL/IONOSPHERE/RIM221680.INX
     1.0            IONOSPHERE MAPS     GPS                 IONEX VERSION / TYPE
GPSEST V5.2         My agency/institute 20-JUL-22 14:32     PGM / RUN BY / DATE 
PPP_221680: Regional ionosphere model - RIM                 COMMENT             
My description text                                         DESCRIPTION         
  2022     6    17     0     0     0                        EPOCH OF FIRST MAP  
  2022     6    18     0     0     0                        EPOCH OF LAST MAP   
  7200                                                      INTERVAL            
    13                                                      # OF MAPS IN FILE   
  NONE                                                      MAPPING FUNCTION    
    10.0                                                    ELEVATION CUTOFF    
Undifferenced carrier phase and code                        OBSERVABLES USED    
     1                                                      # OF STATIONS       
    31                                                      # OF SATELLITES     
  6371.0                                                    BASE RADIUS         
     2                                                      MAP DIMENSION       
   450.0 450.0   0.0                                        HGT1 / HGT2 / DHGT  
    65.0  35.0  -1.0                                        LAT1 / LAT2 / DLAT  
   -15.0  30.0   1.0                                        LON1 / LON2 / DLON  
    -1                                                      EXPONENT            
TEC/RMS values in 0.1 TECU; 9999, if no value available     COMMENT             
List of stations:                                           COMMENT             
tpkl                                                        COMMENT             
                                                            END OF HEADER       
[from data line 508]
     5                                                      START OF TEC MAP    
  2022     6    17     8     0     0                        EPOCH OF CURRENT MAP
    65.0 -15.0  30.0   1.0 450.0                            LAT/LON1/LON2/DLON/H
 1440 1426 1412 1398 1383 1369 1354 1339 1324 1309 1294 1278 1263 1247 1232 1216
 1201 1185 1170 1154 1139 1123 1108 1092 1077 1061 1046 1031 1016 1000  986  971
  956  941  927  912  898  884  870  856  843  829  816  803  790  777
    64.0 -15.0  30.0   1.0 450.0                            LAT/LON1/LON2/DLON/H
 1434 1419 1404 1390 1375 1359 1344 1329 1313 1298 1282 1266 1250 1234 1218 1202
 1186 1170 1155 1139 1123 1107 1091 1075 1059 1044 1028 1012  997  982  966  951
  936  922  907  892  878  864  849  835  822  808  795  781  768  755
    63.0 -15.0  30.0   1.0 450.0                            LAT/LON1/LON2/DLON/H
 1421 1406 1391 1375 1360 1344 1329 1313 1297 1281 1265 1249 1232 1216 1200 1183
 1167 1151 1135 1118 1102 1086 1070 1054 1038 1022 1006  990  975  959  944  928
  913  898  883  869  854  840  826  812  798  784  771  757  744  731
    62.0 -15.0  30.0   1.0 450.0                            LAT/LON1/LON2/DLON/H
 1402 1387 1371 1355 1340 1324 1308 1291 1275 1259 1242 1226 1209 1193 1176 1160
 1143 1126 1110 1093 1077 1061 1044 1028 1012  996  980  964  948  933  917  902
  887  872  857  842  827  813  799  785  771  757  744  731  718  705
    61.0 -15.0  30.0   1.0 450.0                            LAT/LON1/LON2/DLON/H
 1378 1362 1346 1330 1314 1297 1281 1265 1248 1231 1215 1198 1181 1165 1148 1131
 1114 1098 1081 1064 1048 1031 1015  999  982  966  950  934  919  903  888  872
  857  842  827  813  798  784  770  756  742  729  715  702  689  677
    60.0 -15.0  30.0   1.0 450.0                            LAT/LON1/LON2/DLON/H
 1347 1331 1315 1299 1283 1266 1250 1233 1216 1199 1183 1166 1149 1132 1115 1098
 1081 1065 1048 1031 1015  998  982  966  949  933  917  902  886  870  855  840
  825  810  795  781  766  752  738  724  711  698  685  672  659  647
    59.0 -15.0  30.0   1.0 450.0                            LAT/LON1/LON2/DLON/H
 1312 1296 1279 1263 1246 1230 1213 1196 1180 1163 1146 1129 1112 1095 1078 1062
 1045 1028 1011  995  978  962  946  929  913  897  882  866  850  835  820  805
  790  775  761  746  732  719  705  691  678  665  652  640  627  615
    58.0 -15.0  30.0   1.0 450.0                            LAT/LON1/LON2/DLON/H
 1271 1255 1239 1222 1206 1189 1172 1156 1139 1122 1105 1088 1072 1055 1038 1021
 1005  988  971  955  939  922  906  890  875  859  843  828  813  797  783  768
  753  739  725  711  697  683  670  657  644  631  619  607  595  583
    57.0 -15.0  30.0   1.0 450.0                            LAT/LON1/LON2/DLON/H
 1226 1210 1193 1177 1161 1144 1127 1111 1094 1077 1061 1044 1028 1011  994  978
  961  945  929  913  897  881  865  849  834  818  803  788  773  758  744  729
  715  701  687  674  660  647  634  622  609  597  585  573  562  550
    56.0 -15.0  30.0   1.0 450.0                            LAT/LON1/LON2/DLON/H
 1177 1160 1144 1128 1112 1095 1079 1063 1046 1030 1013  997  981  964  948  932
  916  900  884  868  852  837  821  806  791  776  761  746  732  718  703  690
  676  662  649  636  623  610  598  586  574  562  551  539  528  518
    55.0 -15.0  30.0   1.0 450.0                            LAT/LON1/LON2/DLON/H
 1124 1108 1092 1076 1060 1044 1028 1012  996  980  963  947  931  915  900  884
  868  853  837  822  806  791  776  762  747  732  718  704  690  676  663  649
  636  623  610  598  586  574  562  550  539  528  517  506  495  485
    54.0 -15.0  30.0   1.0 450.0                            LAT/LON1/LON2/DLON/H
 1068 1052 1037 1021 1006  990  974  958  943  927  911  896  880  865  850  834
  819  804  789  774  760  745  731  716  702  688  675  661  648  635  622  609
  596  584  572  560  548  537  526  515  504  494  483  473  463  454
    53.0 -15.0  30.0   1.0 450.0                            LAT/LON1/LON2/DLON/H
 1010  995  979  964  949  934  919  904  888  873  858  843  828  813  798  784
  769  755  740  726  712  698  685  671  658  644  631  618  606  593  581  569
  557  546  534  523  512  501  491  480  470  460  451  442  432  423
    52.0 -15.0  30.0   1.0 450.0                            LAT/LON1/LON2/DLON/H
  950  935  921  906  891  877  862  848  833  818  804  790  775  761  747  733
  719  705  692  678  665  652  639  626  613  601  588  576  564  553  541  530
  519  508  497  487  477  467  457  447  438  429  420  411  403  395
    51.0 -15.0  30.0   1.0 450.0                            LAT/LON1/LON2/DLON/H
  889  875  861  847  833  819  805  791  777  763  750  736  722  709  696  682
  669  656  643  631  618  606  594  582  570  558  546  535  524  513  502  492
  482  472  462  452  443  434  425  416  407  399  391  383  375  368
    50.0 -15.0  30.0   1.0 450.0                            LAT/LON1/LON2/DLON/H
  828  814  801  788  774  761  748  735  722  709  696  683  670  658  645  633
  620  608  596  584  573  561  550  539  528  517  506  496  485  475  466  456
  446  437  428  420  411  403  394  387  379  371  364  357  350  344
    49.0 -15.0  30.0   1.0 450.0                            LAT/LON1/LON2/DLON/H
  767  754  742  729  717  704  692  680  667  655  643  631  619  607  596  584
  573  562  550  539  529  518  508  497  487  477  468  458  449  440  431  422
  413  405  397  389  381  374  367  360  353  346  340  333  327  322
    48.0 -15.0  30.0   1.0 450.0                            LAT/LON1/LON2/DLON/H
  707  695  683  672  660  649  637  626  614  603  592  581  570  559  548  538
  527  517  507  497  487  477  468  458  449  440  431  423  414  406  398  390
  383  375  368  361  354  348  341  335  329  323  318  312  307  302
    47.0 -15.0  30.0   1.0 450.0                            LAT/LON1/LON2/DLON/H
  648  637  627  616  605  595  584  574  563  553  543  533  523  513  503  493
  484  475  465  456  448  439  430  422  414  406  398  390  383  376  369  362
  355  349  342  336  330  325  319  314  309  304  299  294  290  286
    46.0 -15.0  30.0   1.0 450.0                            LAT/LON1/LON2/DLON/H
  592  582  572  563  553  543  534  524  515  506  496  487  478  469  461  452
  444  435  427  419  411  404  396  389  381  374  368  361  354  348  342  336
  330  325  319  314  309  304  300  295  291  287  283  279  276  272
    45.0 -15.0  30.0   1.0 450.0                            LAT/LON1/LON2/DLON/H
  539  530  521  512  504  495  486  478  470  461  453  445  437  429  421  414
  406  399  392  385  378  371  365  358  352  346  340  335  329  324  319  314
  309  304  300  295  291  287  283  280  276  273  270  267  264  262
    44.0 -15.0  30.0   1.0 450.0                            LAT/LON1/LON2/DLON/H
  488  481  473  465  457  450  442  435  428  420  413  406  399  392  386  379
  373  366  360  354  348  343  337  332  327  321  317  312  307  303  299  294
  291  287  283  280  276  273  270  268  265  262  260  258  256  254
    43.0 -15.0  30.0   1.0 450.0                            LAT/LON1/LON2/DLON/H
  442  435  429  422  415  409  402  396  389  383  377  371  365  359  354  348
  343  337  332  327  322  318  313  309  304  300  296  292  289  285  282  279
  276  273  270  267  265  263  260  258  256  255  253  252  250  249
    42.0 -15.0  30.0   1.0 450.0                            LAT/LON1/LON2/DLON/H
  400  394  388  383  377  372  366  361  355  350  345  340  335  330  326  321
  317  312  308  304  300  296  293  289  286  283  279  277  274  271  269  266
  264  262  260  258  256  255  253  252  251  250  249  248  247  247
    41.0 -15.0  30.0   1.0 450.0                            LAT/LON1/LON2/DLON/H
  362  357  352  348  343  339  334  330  326  321  317  313  309  305  302  298
  295  291  288  285  282  279  276  273  271  268  266  264  262  260  258  257
  255  254  253  252  251  250  249  248  248  248  247  247  247  247
    40.0 -15.0  30.0   1.0 450.0                            LAT/LON1/LON2/DLON/H
  329  325  321  317  314  310  307  303  300  297  294  291  287  285  282  279
  276  274  272  269  267  265  263  261  259  258  256  255  254  253  252  251
  250  249  249  248  248  248  247  247  248  248  248  248  249  249
    39.0 -15.0  30.0   1.0 450.0                            LAT/LON1/LON2/DLON/H
  300  297  294  292  289  286  284  281  279  277  274  272  270  268  266  264
  262  260  259  257  256  255  253  252  251  250  250  249  248  248  247  247
  247  247  247  247  247  248  248  249  249  250  251  252  253  254
    38.0 -15.0  30.0   1.0 450.0                            LAT/LON1/LON2/DLON/H
  276  274  272  271  269  267  265  264  262  260  259  258  256  255  254  253
  252  251  250  249  248  248  247  247  246  246  246  246  246  246  246  246
  247  247  248  248  249  250  251  252  253  254  255  256  258  259
    37.0 -15.0  30.0   1.0 450.0                            LAT/LON1/LON2/DLON/H
  257  256  255  254  253  252  251  250  249  248  248  247  246  246  245  245
  244  244  244  244  244  244  244  244  244  244  245  245  246  246  247  248
  248  249  250  251  253  254  255  256  258  259  261  263  264  266
    36.0 -15.0  30.0   1.0 450.0                            LAT/LON1/LON2/DLON/H
  243  242  242  242  241  241  241  241  240  240  240  240  240  240  240  240
  240  241  241  241  242  242  243  243  244  245  246  246  247  248  250  251
  252  253  255  256  257  259  261  262  264  266  268  270  272  273
    35.0 -15.0  30.0   1.0 450.0                            LAT/LON1/LON2/DLON/H
  232  233  233  233  234  234  234  235  235  235  236  236  237  237  238  239
  239  240  241  242  242  243  244  245  246  247  249  250  251  252  254  255
  257  258  260  262  263  265  267  269  271  273  275  277  279  281
     5                                                      END OF TEC MAP      
     6                                                      START OF TEC MAP    
  2022     6    17    10     0     0                        EPOCH OF CURRENT MAP
    65.0 -15.0  30.0   1.0 450.0                            LAT/LON1/LON2/DLON/H
 1093 1077 1061 1045 1029 1013  997  982  966  951  935  920  905  890  876  861
  847  833  819  805  791  778  764  751  739  726  714  701  689  678  666  655
  644  633  622  612  602  592  582  573  564  555  546  537  529  521
    64.0 -15.0  30.0   1.0 450.0                            LAT/LON1/LON2/DLON/H
 1095 1079 1062 1046 1030 1014  997  981  966  950  934  919  903  888  873  858
  843  829  814  800  786  773  759  746  733  720  707  695  683  671  659  647
  636  625  614  604  594  584  574  564  555  546  537  528  520  512
    63.0 -15.0  30.0   1.0 450.0                            LAT/LON1/LON2/DLON/H
 1094 1077 1060 1043 1027 1010  994  977  961  945  929  913  897  882  866  851
  836  822  807  793  778  764  751  737  724  711  698  685  673  661  649  637
  626  615  604  593  583  573  563  553  544  535  526  517  509  501
    62.0 -15.0  30.0   1.0 450.0                            LAT/LON1/LON2/DLON/H
 1087 1070 1053 1036 1019 1002  986  969  952  936  920  904  888  872  857  841
  826  811  796  782  767  753  739  725  712  699  686  673  661  648  636  625
  613  602  591  580  570  560  550  540  531  522  513  504  496  488
    61.0 -15.0  30.0   1.0 450.0                            LAT/LON1/LON2/DLON/H
 1077 1059 1042 1025 1007  990  973  957  940  923  907  891  875  859  843  827
  812  797  782  767  753  739  725  711  697  684  671  658  646  633  621  610
  598  587  576  565  555  545  535  525  516  507  498  489  481  473
    60.0 -15.0  30.0   1.0 450.0                            LAT/LON1/LON2/DLON/H
 1061 1044 1026 1009  992  975  957  940  924  907  891  874  858  842  826  811
  795  780  765  750  736  721  707  694  680  667  654  641  628  616  604  592
  581  570  559  548  538  528  518  508  499  490  481  473  465  457
    59.0 -15.0  30.0   1.0 450.0                            LAT/LON1/LON2/DLON/H
 1042 1024 1007  989  972  955  938  921  904  887  871  854  838  822  806  791
  775  760  745  730  716  702  688  674  660  647  634  621  609  597  585  573
  562  551  540  529  519  509  500  490  481  472  463  455  447  439
    58.0 -15.0  30.0   1.0 450.0                            LAT/LON1/LON2/DLON/H
 1018 1001  983  966  948  931  914  897  880  864  847  831  815  799  783  768
  752  737  722  708  693  679  665  652  638  625  612  600  587  575  564  552
  541  530  519  509  499  489  480  470  461  453  444  436  428  421
    57.0 -15.0  30.0   1.0 450.0                            LAT/LON1/LON2/DLON/H
  991  973  956  939  921  904  887  870  854  837  821  805  789  773  757  742
  727  712  697  683  669  655  641  628  614  601  589  576  564  553  541  530
  519  508  498  488  478  468  459  450  441  433  424  416  409  401
    56.0 -15.0  30.0   1.0 450.0                            LAT/LON1/LON2/DLON/H
  960  942  925  908  891  874  857  841  824  808  792  776  760  745  729  714
  699  685  670  656  642  628  615  602  589  576  564  552  540  528  517  506
  495  485  475  465  455  446  437  428  420  412  404  396  389  382
    55.0 -15.0  30.0   1.0 450.0                            LAT/LON1/LON2/DLON/H
  926  908  892  875  858  841  825  809  792  776  761  745  729  714  699  684
  670  655  641  627  614  600  587  574  562  550  538  526  514  503  492  482
  471  461  451  442  433  424  415  407  399  391  383  376  369  362
    54.0 -15.0  30.0   1.0 450.0                            LAT/LON1/LON2/DLON/H
  888  872  855  839  822  806  790  774  758  743  727  712  697  682  667  653
  639  625  611  598  584  571  559  546  534  522  511  499  488  477  467  457
  447  437  428  419  410  401  393  385  377  370  363  356  349  343
    53.0 -15.0  30.0   1.0 450.0                            LAT/LON1/LON2/DLON/H
  849  833  816  800  785  769  753  738  722  707  692  677  663  648  634  620
  607  593  580  567  554  542  529  517  506  494  483  472  462  451  441  432
  422  413  404  395  387  379  371  363  356  349  342  336  330  324
    52.0 -15.0  30.0   1.0 450.0                            LAT/LON1/LON2/DLON/H
  807  792  776  761  745  730  715  700  685  670  656  642  628  614  600  587
  574  561  548  536  523  511  500  488  477  466  456  445  435  425  416  407
  398  389  381  372  365  357  350  343  336  329  323  317  311  306
    51.0 -15.0  30.0   1.0 450.0                            LAT/LON1/LON2/DLON/H
  764  749  734  719  705  690  676  661  647  633  619  606  592  579  566  553
  541  528  516  504  493  481  470  459  449  439  429  419  409  400  391  382
  374  366  358  351  343  336  329  323  316  310  305  299  294  289
    50.0 -15.0  30.0   1.0 450.0                            LAT/LON1/LON2/DLON/H
  721  706  692  678  663  650  636  622  609  595  582  569  556  544  532  519
  508  496  485  473  462  452  441  431  421  412  402  393  384  376  367  359
  351  344  337  330  323  316  310  304  299  293  288  283  278  274
    49.0 -15.0  30.0   1.0 450.0                            LAT/LON1/LON2/DLON/H
  676  663  649  636  622  609  596  583  570  558  545  533  521  509  498  486
  475  464  454  443  433  423  413  404  395  386  377  368  360  352  345  337
  330  323  317  310  304  298  293  287  282  277  273  268  264  260
    48.0 -15.0  30.0   1.0 450.0                            LAT/LON1/LON2/DLON/H
  632  619  606  594  581  569  557  544  532  521  509  498  487  476  465  454
  444  434  424  414  405  395  386  378  369  361  353  345  338  331  324  317
  311  304  298  293  287  282  277  272  268  263  259  255  252  248
    47.0 -15.0  30.0   1.0 450.0                            LAT/LON1/LON2/DLON/H
  589  577  565  553  541  530  518  507  496  485  474  464  453  443  433  423
