TPKL/IONOSPHERE/RIM221700.INX
     1.0            IONOSPHERE MAPS     GPS                 IONEX VERSION / TYPE
GPSEST V5.2         My agency/institute 20-JUL-22 14:56     PGM / RUN BY / DATE 
PPP_221700: Regional ionosphere model - RIM                 COMMENT             
My description text                                         DESCRIPTION         
  2022     6    19     0     0     0                        EPOCH OF FIRST MAP  
  2022     6    20     0     0     0                        EPOCH OF LAST MAP   
  7200                                                      INTERVAL            
    13                                                      # OF MAPS IN FILE   
  NONE                                                      MAPPING FUNCTION    
    10.0                                                    ELEVATION CUTOFF    
Undifferenced carrier phase and code                        OBSERVABLES USED    
     1                                                      # OF STATIONS       
    31                                                      # OF SATELLITES     
  6371.0                                                    BASE RADIUS         
     2                                                      MAP DIMENSION       
   450.0 450.0   0.0                                        HGT1 / HGT2 / DHGT  
    65.0  35.0  -1.0                                        LAT1 / LAT2 / DLAT  
   -15.0  30.0   1.0                                        LON1 / LON2 / DLON  
    -1                                                      EXPONENT            
TEC/RMS values in 0.1 TECU; 9999, if no value available     COMMENT             
List of stations:                                           COMMENT             
tpkl                                                        COMMENT             
                                                            END OF HEADER       
[from data line 254]
     3                                                      START OF TEC MAP    
  2022     6    19     4     0     0                        EPOCH OF CURRENT MAP
    65.0 -15.0  30.0   1.0 450.0                            LAT/LON1/LON2/DLON/H
 3870 3847 3824 3799 3773 3747 3720 3692 3663 3634 3604 3573 3542 3510 3478 3445
 3411 3378 3343 3309 3274 3239 3204 3168 3132 3096 3060 3024 2987 2951 2915 2878
 2842 2805 2769 2733 2696 2660 2625 2589 2553 2518 2483 2448 2414 2379
    64.0 -15.0  30.0   1.0 450.0                            LAT/LON1/LON2/DLON/H
 3718 3694 3669 3643 3617 3590 3561 3533 3503 3473 3442 3410 3378 3346 3313 3279
 3246 3211 3177 3142 3106 3071 3035 2999 2963 2927 2891 2854 2818 2781 2745 2709
 2672 2636 2600 2564 2528 2492 2457 2422 2386 2352 2317 2283 2249 2215
    63.0 -15.0  30.0   1.0 450.0                            LAT/LON1/LON2/DLON/H
 3557 3532 3506 3479 3452 3424 3395 3365 3335 3304 3273 3241 3208 3175 3142 3108
 3073 3039 3004 2969 2933 2897 2862 2826 2790 2753 2717 2681 2645 2608 2572 2536
 2500 2464 2428 2393 2358 2322 2287 2253 2218 2184 2150 2117 2084 2051
    62.0 -15.0  30.0   1.0 450.0                            LAT/LON1/LON2/DLON/H
 3387 3362 3335 3308 3280 3251 3221 3191 3160 3129 3097 3065 3032 2998 2965 2930
 2896 2861 2826 2791 2756 2720 2684 2648 2613 2577 2541 2505 2469 2433 2397 2362
 2326 2291 2256 2221 2186 2152 2118 2084 2051 2017 1984 1952 1920 1888
    61.0 -15.0  30.0   1.0 450.0                            LAT/LON1/LON2/DLON/H
 3212 3185 3158 3130 3102 3072 3042 3012 2981 2949 2917 2884 2851 2817 2784 2749
 2715 2680 2645 2610 2575 2540 2504 2469 2434 2398 2363 2327 2292 2257 2222 2187
 2152 2118 2084 2050 2016 1983 1950 1917 1884 1852 1821 1789 1758 1728
    60.0 -15.0  30.0   1.0 450.0                            LAT/LON1/LON2/DLON/H
 3031 3004 2976 2948 2919 2889 2859 2828 2797 2765 2733 2700 2667 2634 2600 2566
 2532 2497 2463 2428 2393 2359 2324 2289 2254 2219 2185 2150 2116 2082 2047 2014
 1980 1947 1913 1881 1848 1816 1784 1752 1721 1690 1660 1630 1600 1571
    59.0 -15.0  30.0   1.0 450.0                            LAT/LON1/LON2/DLON/H
 2846 2819 2791 2762 2733 2703 2673 2642 2611 2579 2547 2514 2482 2448 2415 2382
 2348 2314 2280 2246 2212 2178 2144 2110 2076 2042 2008 1975 1941 1908 1875 1843
 1810 1778 1746 1715 1683 1653 1622 1592 1562 1533 1504 1476 1448 1420
    58.0 -15.0  30.0   1.0 450.0                            LAT/LON1/LON2/DLON/H
 2658 2631 2603 2574 2545 2515 2485 2455 2423 2392 2360 2328 2296 2263 2230 2197
 2164 2131 2098 2065 2032 1999 1966 1933 1900 1867 1834 1802 1770 1738 1707 1675
 1644 1614 1583 1553 1524 1494 1465 1437 1409 1381 1354 1327 1301 1275
    57.0 -15.0  30.0   1.0 450.0                            LAT/LON1/LON2/DLON/H
 2470 2443 2415 2386 2357 2328 2298 2267 2237 2206 2174 2143 2111 2079 2047 2015
 1983 1951 1919 1887 1855 1823 1791 1759 1727 1696 1665 1634 1603 1573 1543 1513
 1484 1455 1426 1398 1370 1342 1315 1288 1262 1236 1211 1186 1161 1137
    56.0 -15.0  30.0   1.0 450.0                            LAT/LON1/LON2/DLON/H
 2282 2254 2227 2199 2170 2141 2111 2082 2052 2021 1991 1960 1929 1898 1867 1836
 1805 1774 1743 1712 1682 1651 1621 1590 1560 1530 1501 1471 1442 1414 1385 1357
 1330 1303 1276 1249 1223 1197 1172 1147 1123 1099 1076 1053 1030 1008
    55.0 -15.0  30.0   1.0 450.0                            LAT/LON1/LON2/DLON/H
 2095 2068 2041 2013 1985 1957 1928 1899 1870 1840 1811 1781 1751 1722 1692 1662
 1632 1603 1573 1544 1514 1485 1456 1428 1399 1371 1343 1316 1289 1262 1235 1209
 1183 1158 1133 1109 1085 1061 1038 1015  993  971  949  928  908  888
    54.0 -15.0  30.0   1.0 450.0                            LAT/LON1/LON2/DLON/H
 1911 1885 1859 1832 1804 1777 1749 1721 1693 1664 1636 1607 1579 1550 1522 1493
 1465 1437 1409 1381 1354 1326 1299 1272 1246 1219 1193 1168 1143 1118 1093 1069
 1045 1022  999  977  955  933  912  892  872  852  832  814  795  777
    53.0 -15.0  30.0   1.0 450.0                            LAT/LON1/LON2/DLON/H
 1732 1707 1681 1655 1628 1602 1575 1548 1521 1494 1467 1440 1413 1386 1359 1332
 1305 1279 1253 1227 1201 1175 1150 1125 1100 1076 1052 1029 1006  983  960  939
  917  896  875  855  835  816  797  778  760  743  726  709  693  677
    52.0 -15.0  30.0   1.0 450.0                            LAT/LON1/LON2/DLON/H
 1558 1534 1509 1484 1459 1433 1408 1382 1357 1331 1305 1280 1254 1229 1204 1179
 1154 1129 1105 1081 1057 1033 1010  987  965  942  921  899  878  858  838  818
  799  780  761  743  726  709  692  676  660  645  630  615  601  587
    51.0 -15.0  30.0   1.0 450.0                            LAT/LON1/LON2/DLON/H
 1392 1368 1344 1320 1297 1272 1248 1224 1200 1176 1152 1128 1104 1081 1057 1034
 1011  989  966  944  922  901  880  859  839  819  799  780  762  743  725  708
  691  674  658  642  627  612  598  584  570  557  544  532  520  509
    50.0 -15.0  30.0   1.0 450.0                            LAT/LON1/LON2/DLON/H
 1233 1210 1188 1165 1143 1120 1098 1075 1053 1030 1008  986  964  942  921  900
  879  858  838  818  799  779  760  742  724  706  689  672  656  640  624  609
  594  580  566  553  540  527  515  503  492  481  470  460  450  441
    49.0 -15.0  30.0   1.0 450.0                            LAT/LON1/LON2/DLON/H
 1082 1061 1040 1019  998  977  957  936  915  895  874  854  834  815  795  776
  757  739  721  703  686  669  652  636  620  605  590  575  561  547  534  521
  509  497  485  474  463  453  443  433  424  415  407  399  391  383
    48.0 -15.0  30.0   1.0 450.0                            LAT/LON1/LON2/DLON/H
  942  922  903  883  864  845  826  807  788  769  751  733  715  698  680  663
  647  630  615  599  584  569  555  541  528  514  502  490  478  466  455  445
  435  425  416  407  398  390  382  374  367  361  354  348  342  337
    47.0 -15.0  30.0   1.0 450.0                            LAT/LON1/LON2/DLON/H
  812  794  776  758  741  723  706  689  672  656  639  623  607  592  577  562
  548  534  520  507  494  481  469  458  447  436  425  415  406  397  388  380
  372  364  357  350  344  338  332  326  321  316  312  308  304  300
    46.0 -15.0  30.0   1.0 450.0                            LAT/LON1/LON2/DLON/H
  692  676  660  644  629  613  598  583  568  553  539  525  511  498  485  473
  460  449  437  426  416  405  396  386  377  369  361  353  345  338  332  326
  320  314  309  304  300  296  292  288  285  282  279  277  274  272
    45.0 -15.0  30.0   1.0 450.0                            LAT/LON1/LON2/DLON/H
  585  570  556  542  528  514  501  488  475  463  450  439  427  416  405  395
  385  375  366  357  349  341  333  326  319  313  307  301  296  291  286  282
  278  275  272  269  266  264  262  260  258  257  256  255  254  254
    44.0 -15.0  30.0   1.0 450.0                            LAT/LON1/LON2/DLON/H
  488  476  463  451  439  428  416  405  394  384  374  364  354  345  337  329
  321  313  306  299  293  287  282  277  272  267  263  260  257  254  251  249
  247  245  244  242  242  241  240  240  240  240  241  241  242  243
    43.0 -15.0  30.0   1.0 450.0                            LAT/LON1/LON2/DLON/H
  404  393  383  372  362  353  343  334  325  317  309  301  293  286  280  274
  268  262  257  253  248  244  241  238  235  232  230  229  227  226  225  225
  224  224  224  225  225  226  227  228  230  231  233  235  236  238
    42.0 -15.0  30.0   1.0 450.0                            LAT/LON1/LON2/DLON/H
  331  322  314  305  297  289  281  274  267  261  255  249  243  238  234  230
  226  222  219  216  214  212  210  209  208  207  206  206  207  207  208  209
  210  211  213  215  217  219  221  223  226  229  231  234  237  239
    41.0 -15.0  30.0   1.0 450.0                            LAT/LON1/LON2/DLON/H
  270  263  256  249  243  237  231  226  221  216  212  208  204  201  198  196
  193  192  190  189  189  188  188  188  189  190  191  192  194  196  198  200
  203  205  208  211  214  218  221  224  228  231  235  238  242  245
    40.0 -15.0  30.0   1.0 450.0                            LAT/LON1/LON2/DLON/H
  220  215  209  204  200  195  191  188  184  181  179  177  175  173  172  171
  171  170  171  171  172  173  175  176  178  180  183  186  188  192  195  198
  202  205  209  213  217  221  225  230  234  238  242  246  250  254
    39.0 -15.0  30.0   1.0 450.0                            LAT/LON1/LON2/DLON/H
  181  177  173  170  167  164  161  159  158  156  155  155  154  154  154  155
  156  157  159  161  163  165  168  171  174  177  181  185  189  193  197  201
  206  210  215  219  224  229  233  238  243  247  252  257  261  265
    38.0 -15.0  30.0   1.0 450.0                            LAT/LON1/LON2/DLON/H
  151  149  146  144  143  142  141  140  140  140  140  141  142  143  145  147
  149  151  154  157  160  164  167  171  175  180  184  189  193  198  203  208
  213  218  223  228  234  239  244  249  254  259  264  268  273  277
    37.0 -15.0  30.0   1.0 450.0                            LAT/LON1/LON2/DLON/H
  131  129  129  128  128  128  128  129  130  131  132  134  136  139  141  144
  148  151  155  159  163  167  171  176  181  186  191  196  201  207  212  217
  223  228  234  239  245  250  255  260  265  270  275  280  285  289
    36.0 -15.0  30.0   1.0 450.0                            LAT/LON1/LON2/DLON/H
  118  118  118  119  120  121  122  124  126  128  131  134  137  140  143  147
  151  155  160  164  169  174  179  184  189  195  200  206  211  217  223  228
  234  239  245  250  256  261  266  271  277  281  286  291  295  300
    35.0 -15.0  30.0   1.0 450.0                            LAT/LON1/LON2/DLON/H
  113  114  115  117  118  120  123  125  128  131  134  138  141  145  150  154
  158  163  168  173  178  183  189  194  200  205  211  217  222  228  233  239
  245  250  256  261  266  271  276  281  286  291  295  300  304  308
     3                                                      END OF TEC MAP      
     4                                                      START OF TEC MAP    
  2022     6    19     6     0     0                        EPOCH OF CURRENT MAP
    65.0 -15.0  30.0   1.0 450.0                            LAT/LON1/LON2/DLON/H
 3876 3841 3805 3769 3731 3694 3655 3617 3577 3537 3497 3457 3416 3374 3333 3291
 3249 3207 3165 3122 3080 3037 2995 2952 2910 2867 2825 2782 2740 2698 2656 2615
 2573 2532 2491 2451 2411 2371 2331 2292 2253 2214 2176 2139 2101 2064
    64.0 -15.0  30.0   1.0 450.0                            LAT/LON1/LON2/DLON/H
 3745 3709 3672 3635 3597 3559 3520 3481 3441 3401 3360 3319 3278 3236 3194 3152
 3110 3067 3025 2982 2940 2897 2855 2812 2770 2727 2685 2643 2601 2559 2518 2477
 2436 2395 2355 2314 2275 2235 2196 2158 2120 2082 2044 2007 1971 1935
    63.0 -15.0  30.0   1.0 450.0                            LAT/LON1/LON2/DLON/H
 3603 3566 3529 3492 3453 3414 3375 3335 3295 3255 3214 3172 3131 3089 3047 3005
 2963 2921 2878 2836 2793 2751 2709 2666 2624 2582 2540 2499 2457 2416 2375 2334
 2294 2254 2214 2175 2136 2097 2059 2022 1984 1947 1911 1875 1839 1804
    62.0 -15.0  30.0   1.0 450.0                            LAT/LON1/LON2/DLON/H
 3451 3414 3377 3339 3300 3261 3222 3182 3141 3101 3060 3019 2977 2935 2894 2852
 2810 2768 2726 2684 2642 2600 2558 2516 2474 2433 2392 2351 2310 2270 2229 2189
 2150 2111 2072 2034 1996 1958 1921 1884 1848 1812 1777 1742 1708 1674
    61.0 -15.0  30.0   1.0 450.0                            LAT/LON1/LON2/DLON/H
 3291 3254 3216 3178 3139 3100 3061 3021 2981 2940 2899 2858 2817 2776 2735 2693
 2652 2610 2568 2527 2486 2444 2403 2362 2321 2281 2240 2200 2160 2121 2082 2043
 2004 1966 1929 1891 1855 1818 1782 1747 1712 1677 1643 1610 1577 1545
    60.0 -15.0  30.0   1.0 450.0                            LAT/LON1/LON2/DLON/H
 3123 3086 3049 3011 2972 2933 2894 2854 2815 2774 2734 2694 2653 2612 2571 2531
 2490 2449 2408 2367 2327 2286 2246 2206 2166 2127 2088 2049 2010 1972 1934 1896
 1859 1822 1786 1750 1714 1679 1645 1611 1577 1544 1512 1480 1448 1417
    59.0 -15.0  30.0   1.0 450.0                            LAT/LON1/LON2/DLON/H
 2950 2913 2876 2838 2800 2762 2723 2684 2644 2605 2565 2525 2485 2446 2406 2366
 2326 2286 2246 2206 2167 2128 2088 2050 2011 1973 1935 1897 1860 1823 1786 1750
 1714 1679 1644 1610 1576 1542 1509 1477 1445 1414 1383 1352 1323 1293
    58.0 -15.0  30.0   1.0 450.0                            LAT/LON1/LON2/DLON/H
 2772 2736 2699 2662 2624 2586 2548 2510 2471 2433 2394 2355 2316 2277 2238 2199
 2161 2122 2083 2045 2007 1969 1931 1894 1856 1820 1783 1747 1711 1676 1641 1606
 1572 1538 1505 1472 1440 1408 1377 1346 1316 1287 1258 1229 1201 1174
    57.0 -15.0  30.0   1.0 450.0                            LAT/LON1/LON2/DLON/H
 2591 2556 2520 2483 2446 2410 2372 2335 2297 2260 2222 2184 2147 2109 2071 2034
 1996 1959 1922 1885 1848 1811 1775 1739 1704 1669 1634 1599 1565 1531 1498 1465
 1433 1401 1370 1339 1309 1279 1249 1220 1192 1164 1137 1110 1084 1059
    56.0 -15.0  30.0   1.0 450.0                            LAT/LON1/LON2/DLON/H
 2409 2374 2339 2304 2268 2232 2196 2160 2124 2087 2051 2014 1978 1942 1905 1869
 1833 1798 1762 1727 1692 1657 1622 1588 1555 1521 1488 1455 1423 1391 1360 1329
 1299 1269 1239 1211 1182 1154 1127 1100 1074 1048 1022  998  974  950
    55.0 -15.0  30.0   1.0 450.0                            LAT/LON1/LON2/DLON/H
 2227 2193 2159 2125 2091 2056 2021 1986 1951 1916 1881 1847 1812 1777 1742 1708
 1674 1640 1606 1573 1539 1506 1474 1442 1410 1378 1347 1317 1286 1257 1227 1198
 1170 1142 1115 1088 1062 1036 1010  986  961  937  914  892  869  848
    54.0 -15.0  30.0   1.0 450.0                            LAT/LON1/LON2/DLON/H
 2047 2014 1981 1948 1915 1882 1849 1815 1782 1749 1716 1682 1649 1616 1584 1551
 1519 1487 1455 1423 1392 1361 1331 1300 1271 1241 1212 1184 1156 1128 1101 1074
 1048 1022  997  972  948  924  901  878  856  834  813  793  772  753
    53.0 -15.0  30.0   1.0 450.0                            LAT/LON1/LON2/DLON/H
 1869 1838 1807 1775 1744 1712 1680 1649 1617 1586 1554 1523 1492 1461 1430 1400
 1369 1339 1309 1280 1251 1222 1194 1166 1138 1111 1084 1058 1032 1007  982  957
  933  910  886  864  842  820  799  779  759  739  720  701  683  666
    52.0 -15.0  30.0   1.0 450.0                            LAT/LON1/LON2/DLON/H
 1696 1666 1637 1607 1577 1547 1517 1488 1458 1428 1399 1370 1341 1312 1283 1255
 1226 1199 1171 1144 1117 1091 1064 1039 1013  988  964  940  916  893  870  848
  826  805  784  764  744  725  706  687  669  652  635  619  603  587
    51.0 -15.0  30.0   1.0 450.0                            LAT/LON1/LON2/DLON/H
 1528 1500 1472 1445 1417 1389 1361 1333 1306 1278 1251 1224 1197 1170 1144 1117
 1091 1066 1041 1016  991  967  943  920  897  874  852  830  809  788  768  748
  728  709  691  673  655  638  621  605  589  574  559  544  530  517
    50.0 -15.0  30.0   1.0 450.0                            LAT/LON1/LON2/DLON/H
 1367 1341 1315 1289 1264 1238 1212 1186 1161 1136 1111 1086 1061 1037 1012  989
  965  942  919  896  874  852  831  810  789  769  749  730  711  692  674  657
  639  623  606  590  575  560  545  531  518  504  491  479  467  455
    49.0 -15.0  30.0   1.0 450.0                            LAT/LON1/LON2/DLON/H
 1214 1191 1167 1143 1119 1095 1072 1048 1025 1002  979  957  934  912  891  869
  848  827  807  787  767  747  728  710  692  674  656  639  623  606  591  575
  560  546  531  518  504  492  479  467  455  444  433  423  412  403
    48.0 -15.0  30.0   1.0 450.0                            LAT/LON1/LON2/DLON/H
 1071 1049 1027 1005  984  962  941  920  899  878  858  838  818  798  779  760
  741  723  705  687  669  652  636  620  604  588  573  558  544  530  517  503
  491  478  466  455  443  432  422  412  402  393  384  375  367  359
    47.0 -15.0  30.0   1.0 450.0                            LAT/LON1/LON2/DLON/H
  937  917  897  878  859  839  821  802  783  765  747  729  712  694  677  661
