TPKL/IONOSPHERE/RIM221680.INX
     1.0            IONOSPHERE MAPS     GPS                 IONEX VERSION / TYPE
GPSEST V5.2         My agency/institute 20-JUL-22 14:32     PGM / RUN BY / DATE 
PPP_221680: Regional ionosphere model - RIM                 COMMENT             
My description text                                         DESCRIPTION         
  2022     6    17     0     0     0                        EPOCH OF FIRST MAP  
  2022     6    18     0     0     0                        EPOCH OF LAST MAP   
  7200                                                      INTERVAL            
    13                                                      # OF MAPS IN FILE   
  NONE                                                      MAPPING FUNCTION    
    10.0                                                    ELEVATION CUTOFF    
Undifferenced carrier phase and code                        OBSERVABLES USED    
     1                                                      # OF STATIONS       
    31                                                      # OF SATELLITES     
  6371.0                                                    BASE RADIUS         
     2                                                      MAP DIMENSION       
   450.0 450.0   0.0                                        HGT1 / HGT2 / DHGT  
    65.0  35.0  -1.0                                        LAT1 / LAT2 / DLAT  
   -15.0  30.0   1.0                                        LON1 / LON2 / DLON  
    -1                                                      EXPONENT            
TEC/RMS values in 0.1 TECU; 9999, if no value available     COMMENT             
List of stations:                                           COMMENT             
tpkl                                                        COMMENT             
                                                            END OF HEADER       
[from data line 1143]
    10                                                      START OF TEC MAP    
  2022     6    17    18     0     0                        EPOCH OF CURRENT MAP
    65.0 -15.0  30.0   1.0 450.0                            LAT/LON1/LON2/DLON/H
  380  384  388  392  396  400  405  409  414  418  423  427  431  436  440  445
  449  453  458  462  466  470  474  478  481  485  489  492  496  499  502  505
  508  511  513  516  519  521  523  525  527  529  531  532  534  535
    64.0 -15.0  30.0   1.0 450.0                            LAT/LON1/LON2/DLON/H
  374  378  382  386  390  394  398  402  406  411  415  419  423  427  431  435
  439  443  447  451  454  458  461  465  468  471  474  477  480  483  486  488
  491  493  495  497  499  501  502  504  505  507  508  509  510  511
    63.0 -15.0  30.0   1.0 450.0                            LAT/LON1/LON2/DLON/H
  370  374  377  381  385  389  393  396  400  404  408  412  415  419  423  426
  430  433  437  440  443  446  449  452  455  458  460  463  465  467  469  471
  473  475  477  478  480  481  482  483  484  485  485  486  486  487
    62.0 -15.0  30.0   1.0 450.0                            LAT/LON1/LON2/DLON/H
  368  371  374  378  381  385  388  392  395  398  402  405  409  412  415  418
  421  424  427  430  433  435  438  440  442  445  447  449  450  452  454  455
  456  458  459  460  460  461  462  462  463  463  463  463  463  463
    61.0 -15.0  30.0   1.0 450.0                            LAT/LON1/LON2/DLON/H
  366  369  372  375  378  381  384  387  390  393  396  399  402  405  408  410
  413  415  418  420  422  424  426  428  430  432  433  435  436  437  438  439
  440  440  441  441  442  442  442  442  442  441  441  440  440  439
    60.0 -15.0  30.0   1.0 450.0                            LAT/LON1/LON2/DLON/H
  365  367  370  373  375  378  381  384  386  389  391  394  396  398  401  403
  405  407  409  411  412  414  415  417  418  419  420  421  421  422  422  423
  423  423  423  423  423  422  422  421  421  420  419  418  417  416
    59.0 -15.0  30.0   1.0 450.0                            LAT/LON1/LON2/DLON/H
  364  366  368  371  373  375  378  380  382  384  386  388  390  392  394  395
  397  398  400  401  402  403  404  405  405  406  406  407  407  407  407  407
  407  406  406  405  404  404  403  402  400  399  398  396  395  393
    58.0 -15.0  30.0   1.0 450.0                            LAT/LON1/LON2/DLON/H
  363  365  367  369  371  373  375  376  378  380  381  383  384  385  387  388
  389  390  391  391  392  392  393  393  393  393  393  393  393  392  392  391
  390  389  388  387  386  385  383  382  380  379  377  375  373  371
    57.0 -15.0  30.0   1.0 450.0                            LAT/LON1/LON2/DLON/H
  362  364  365  367  368  370  371  372  374  375  376  377  378  379  379  380
  381  381  381  381  382  382  381  381  381  380  380  379  378  377  376  375
  374  373  371  370  368  367  365  363  361  359  357  355  353  350
    56.0 -15.0  30.0   1.0 450.0                            LAT/LON1/LON2/DLON/H
  361  362  363  365  366  367  367  368  369  370  370  371  371  372  372  372
  372  372  372  371  371  371  370  369  368  367  366  365  364  363  361  360
  358  356  355  353  351  349  347  344  342  340  337  335  333  330
    55.0 -15.0  30.0   1.0 450.0                            LAT/LON1/LON2/DLON/H
  360  360  361  362  362  363  363  364  364  364  364  364  364  364  364  364
  363  363  362  361  360  359  358  357  356  354  353  351  350  348  346  344
  342  340  338  336  334  331  329  327  324  322  319  316  314  311
    54.0 -15.0  30.0   1.0 450.0                            LAT/LON1/LON2/DLON/H
  357  358  358  358  358  358  358  358  358  358  358  357  357  356  355  355
  354  353  352  351  349  348  346  345  343  341  340  338  336  334  332  329
  327  325  322  320  317  315  312  310  307  304  301  299  296  293
    53.0 -15.0  30.0   1.0 450.0                            LAT/LON1/LON2/DLON/H
  354  354  354  354  354  353  353  352  352  351  351  350  349  348  347  345
  344  343  341  340  338  336  335  333  331  329  327  324  322  320  317  315
  312  310  307  305  302  299  296  294  291  288  285  282  279  276
    52.0 -15.0  30.0   1.0 450.0                            LAT/LON1/LON2/DLON/H
  350  350  349  349  348  348  347  346  345  344  343  342  340  339  337  336
  334  333  331  329  327  325  323  321  318  316  314  311  309  306  304  301
  298  296  293  290  287  284  282  279  276  273  270  267  264  261
    51.0 -15.0  30.0   1.0 450.0                            LAT/LON1/LON2/DLON/H
  346  345  344  343  342  341  340  339  337  336  335  333  331  330  328  326
  324  322  320  318  316  313  311  309  306  304  301  298  296  293  290  288
  285  282  279  276  274  271  268  265  262  259  257  254  251  248
    50.0 -15.0  30.0   1.0 450.0                            LAT/LON1/LON2/DLON/H
  340  339  338  337  335  334  332  331  329  328  326  324  322  320  318  316
  314  312  309  307  304  302  299  297  294  292  289  286  283  281  278  275
  272  270  267  264  261  258  256  253  250  247  244  242  239  236
    49.0 -15.0  30.0   1.0 450.0                            LAT/LON1/LON2/DLON/H
  334  332  331  329  328  326  324  323  321  319  317  315  313  310  308  306
  303  301  299  296  293  291  288  286  283  280  277  275  272  269  266  264
  261  258  255  253  250  247  245  242  239  237  234  232  229  226
    48.0 -15.0  30.0   1.0 450.0                            LAT/LON1/LON2/DLON/H
  326  325  323  321  320  318  316  314  312  310  307  305  303  301  298  296
  293  291  288  286  283  280  278  275  272  269  267  264  261  259  256  253
  251  248  245  243  240  238  235  233  230  228  225  223  221  219
    47.0 -15.0  30.0   1.0 450.0                            LAT/LON1/LON2/DLON/H
  318  317  315  313  311  309  307  305  303  300  298  296  293  291  288  286
  283  281  278  275  273  270  268  265  262  260  257  254  252  249  247  244
  242  239  237  234  232  230  227  225  223  221  219  217  214  212
    46.0 -15.0  30.0   1.0 450.0                            LAT/LON1/LON2/DLON/H
  310  308  306  304  302  300  298  296  293  291  289  286  284  281  279  276
  274  271  269  266  263  261  258  256  253  251  248  246  243  241  239  236
  234  232  230  227  225  223  221  219  217  215  214  212  210  208
    45.0 -15.0  30.0   1.0 450.0                            LAT/LON1/LON2/DLON/H
  301  299  297  295  293  291  289  286  284  282  279  277  274  272  270  267
  265  262  260  257  255  252  250  248  245  243  241  238  236  234  232  230
  228  226  224  222  220  219  217  215  214  212  210  209  208  206
    44.0 -15.0  30.0   1.0 450.0                            LAT/LON1/LON2/DLON/H
  292  290  288  286  284  282  280  277  275  273  270  268  266  263  261  259
  256  254  252  249  247  245  243  241  239  236  234  232  231  229  227  225
  223  222  220  219  217  216  214  213  212  210  209  208  207  206
    43.0 -15.0  30.0   1.0 450.0                            LAT/LON1/LON2/DLON/H
  283  281  279  277  275  273  271  269  267  264  262  260  258  255  253  251
  249  247  245  243  241  239  237  235  233  231  230  228  226  225  223  222
  220  219  218  217  215  214  213  212  211  210  210  209  208  207
    42.0 -15.0  30.0   1.0 450.0                            LAT/LON1/LON2/DLON/H
  275  273  271  269  267  265  263  261  259  257  255  252  250  248  246  245
  243  241  239  237  235  234  232  230  229  227  226  225  223  222  221  220
  219  218  217  216  215  215  214  213  213  212  212  211  211  210
    41.0 -15.0  30.0   1.0 450.0                            LAT/LON1/LON2/DLON/H
  266  265  263  261  259  257  255  253  252  250  248  246  244  242  241  239
  237  236  234  233  231  230  229  227  226  225  224  223  222  221  221  220
  219  219  218  218  217  217  216  216  216  215  215  215  215  214
    40.0 -15.0  30.0   1.0 450.0                            LAT/LON1/LON2/DLON/H
  259  257  255  254  252  250  249  247  245  244  242  241  239  238  236  235
  234  232  231  230  229  228  227  226  225  224  224  223  223  222  222  221
  221  221  220  220  220  220  220  220  220  220  220  220  220  220
    39.0 -15.0  30.0   1.0 450.0                            LAT/LON1/LON2/DLON/H
  252  250  249  247  246  245  243  242  240  239  238  237  235  234  233  232
  231  230  229  228  228  227  226  226  225  225  225  225  224  224  224  224
  224  224  224  224  225  225  225  225  225  226  226  226  226  226
    38.0 -15.0  30.0   1.0 450.0                            LAT/LON1/LON2/DLON/H
  246  245  244  242  241  240  239  238  237  236  235  234  233  232  231  231
  230  229  229  228  228  228  227  227  227  227  227  227  228  228  228  228
  229  229  229  230  230  231  231  231  232  232  233  233  233  233
    37.0 -15.0  30.0   1.0 450.0                            LAT/LON1/LON2/DLON/H
  241  240  239  238  237  237  236  235  234  234  233  232  232  231  231  230
  230  230  230  230  230  230  230  230  230  231  231  232  232  233  233  234
  234  235  235  236  237  237  238  238  239  239  240  240  241  241
    36.0 -15.0  30.0   1.0 450.0                            LAT/LON1/LON2/DLON/H
  238  237  236  236  235  235  234  234  233  233  233  232  232  232  232  232
  232  232  232  233  233  233  234  234  235  236  236  237  238  238  239  240
  241  242  242  243  244  245  245  246  247  247  248  248  248  248
    35.0 -15.0  30.0   1.0 450.0                            LAT/LON1/LON2/DLON/H
  236  235  235  235  234  234  234  234  234  234  234  234  234  234  234  235
  235  236  236  237  237  238  239  240  240  241  242  243  244  245  246  247
  248  249  250  251  252  252  253  254  254  255  255  256  256  256
    10                                                      END OF TEC MAP      
    11                                                      START OF TEC MAP    
  2022     6    17    20     0     0                        EPOCH OF CURRENT MAP
    65.0 -15.0  30.0   1.0 450.0                            LAT/LON1/LON2/DLON/H
  571  579  586  594  601  608  615  622  629  636  642  649  655  661  667  673
  678  684  689  694  699  703  708  712  716  720  723  726  730  732  735  738
  740  742  744  745  747  748  749  750  751  751  751  752  751  751
    64.0 -15.0  30.0   1.0 450.0                            LAT/LON1/LON2/DLON/H
  554  561  568  575  582  588  595  601  608  614  620  626  632  637  642  648
  653  657  662  666  671  675  678  682  685  688  691  694  696  699  701  703
  704  706  707  708  709  709  710  710  710  710  709  709  708  707
    63.0 -15.0  30.0   1.0 450.0                            LAT/LON1/LON2/DLON/H
  537  544  550  557  563  569  575  581  587  593  598  603  609  614  618  623
  627  631  635  639  643  646  649  652  655  657  659  662  663  665  666  668
  669  669  670  670  670  670  670  670  669  668  667  666  665  664
    62.0 -15.0  30.0   1.0 450.0                            LAT/LON1/LON2/DLON/H
  521  527  533  539  545  551  556  562  567  572  577  581  586  590  594  598
  602  606  609  612  615  618  620  622  624  626  628  629  630  631  632  633
  633  633  633  633  632  632  631  630  629  627  626  624  622  620
    61.0 -15.0  30.0   1.0 450.0                            LAT/LON1/LON2/DLON/H
  506  512  517  523  528  533  538  543  547  552  556  560  564  567  571  574
  577  580  583  585  587  589  591  593  594  595  596  597  597  598  598  598
  597  597  596  595  594  593  592  590  588  586  584  582  580  577
    60.0 -15.0  30.0   1.0 450.0                            LAT/LON1/LON2/DLON/H
  492  497  502  507  511  516  520  524  528  532  535  538  542  545  547  550
  552  555  556  558  560  561  562  563  564  564  565  565  565  564  564  563
  562  561  560  558  557  555  553  551  549  546  544  541  538  535
    59.0 -15.0  30.0   1.0 450.0                            LAT/LON1/LON2/DLON/H
  478  483  487  491  495  499  502  505  509  512  515  517  520  522  524  526
  528  529  531  532  532  533  534  534  534  534  533  533  532  531  530  529
  527  526  524  522  520  518  515  513  510  507  504  501  498  494
    58.0 -15.0  30.0   1.0 450.0                            LAT/LON1/LON2/DLON/H
  465  469  472  475  479  482  485  487  490  492  494  496  498  500  501  502
  503  504  505  505  505  505  505  505  504  504  503  502  500  499  497  495
  493  491  489  487  484  481  478  475  472  469  466  462  459  455
    57.0 -15.0  30.0   1.0 450.0                            LAT/LON1/LON2/DLON/H
  451  454  457  460  462  465  467  469  471  473  474  475  477  477  478  479
  479  479  479  479  479  478  477  476  475  474  473  471  469  467  465  463
  460  458  455  452  449  446  443  439  436  432  429  425  421  417
    56.0 -15.0  30.0   1.0 450.0                            LAT/LON1/LON2/DLON/H
  438  440  443  445  446  448  450  451  452  453  454  455  455  455  456  456
  455  455  454  453  452  451  450  449  447  445  443  441  439  436  434  431
  428  425  422  419  416  412  409  405  401  397  393  389  385  381
    55.0 -15.0  30.0   1.0 450.0                            LAT/LON1/LON2/DLON/H
  425  426  428  429  430  431  432  433  434  434  434  434  434  434  433  433
  432  431  430  428  427  425  423  421  419  417  415  412  409  406  404  400
  397  394  391  387  383  380  376  372  368  364  360  356  352  348
    54.0 -15.0  30.0   1.0 450.0                            LAT/LON1/LON2/DLON/H
  411  412  413  414  414  415  415  415  415  415  414  414  413  412  411  410
  409  407  405  404  402  400  397  395  392  390  387  384  381  378  375  371
  368  364  361  357  353  349  345  341  337  333  329  325  321  316
    53.0 -15.0  30.0   1.0 450.0                            LAT/LON1/LON2/DLON/H
  398  398  398  398  398  398  398  397  397  396  395  394  393  391  390  388
  386  384  382  380  377  375  372  370  367  364  361  357  354  351  347  344
  340  336  333  329  325  321  317  313  309  305  300  296  292  288
    52.0 -15.0  30.0   1.0 450.0                            LAT/LON1/LON2/DLON/H
  384  384  383  383  382  381  381  380  378  377  376  374  372  371  369  367
  364  362  360  357  354  351  348  345  342  339  336  332  329  325  322  318
  314  310  306  303  299  295  291  287  282  278  274  270  266  262
    51.0 -15.0  30.0   1.0 450.0                            LAT/LON1/LON2/DLON/H
  370  369  368  367  366  365  364  362  361  359  357  355  353  351  348  346
  343  341  338  335  332  329  326  323  319  316  312  309  305  302  298  294
  290  286  283  279  275  271  267  263  259  255  251  247  243  239
    50.0 -15.0  30.0   1.0 450.0                            LAT/LON1/LON2/DLON/H
  356  355  354  352  351  349  347  345  343  341  339  337  334  332  329  326
  323  320  317  314  311  308  305  301  298  294  291  287  284  280  276  272
  269  265  261  257  253  249  246  242  238  234  230  227  223  219
    49.0 -15.0  30.0   1.0 450.0                            LAT/LON1/LON2/DLON/H
  342  341  339  337  335  333  331  329  326  324  321  319  316  313  310  308
  305  301  298  295  292  288  285  282  278  275  271  267  264  260  257  253
  249  245  242  238  234  231  227  224  220  216  213  209  206  202
    48.0 -15.0  30.0   1.0 450.0                            LAT/LON1/LON2/DLON/H
  328  326  324  322  320  318  315  313  310  308  305  302  299  296  293  290
  287  284  281  277  274  271  267  264  260  257  253  250  246  243  239  236
  232  229  225  222  218  215  211  208  205  201  198  195  192  189
    47.0 -15.0  30.0   1.0 450.0                            LAT/LON1/LON2/DLON/H
  315  313  310  308  305  303  300  298  295  292  289  286  283  280  277  274
