TPKL/IONOSPHERE/RIM221700.INX
     1.0            IONOSPHERE MAPS     GPS                 IONEX VERSION / TYPE
GPSEST V5.2         My agency/institute 20-JUL-22 14:56     PGM / RUN BY / DATE 
PPP_221700: Regional ionosphere model - RIM                 COMMENT             
My description text                                         DESCRIPTION         
  2022     6    19     0     0     0                        EPOCH OF FIRST MAP  
  2022     6    20     0     0     0                        EPOCH OF LAST MAP   
  7200                                                      INTERVAL            
    13                                                      # OF MAPS IN FILE   
  NONE                                                      MAPPING FUNCTION    
    10.0                                                    ELEVATION CUTOFF    
Undifferenced carrier phase and code                        OBSERVABLES USED    
     1                                                      # OF STATIONS       
    31                                                      # OF SATELLITES     
  6371.0                                                    BASE RADIUS         
     2                                                      MAP DIMENSION       
   450.0 450.0   0.0                                        HGT1 / HGT2 / DHGT  
    65.0  35.0  -1.0                                        LAT1 / LAT2 / DLAT  
   -15.0  30.0   1.0                                        LON1 / LON2 / DLON  
    -1                                                      EXPONENT            
TEC/RMS values in 0.1 TECU; 9999, if no value available     COMMENT             
List of stations:                                           COMMENT             
tpkl                                                        COMMENT             
                                                            END OF HEADER       
[from data line 1524]
    13                                                      START OF TEC MAP    
  2022     6    20     0     0     0                        EPOCH OF CURRENT MAP
    65.0 -15.0  30.0   1.0 450.0                            LAT/LON1/LON2/DLON/H
 2898 2897 2896 2893 2889 2885 2880 2874 2867 2859 2850 2841 2831 2820 2808 2796
 2783 2769 2754 2739 2724 2707 2691 2673 2655 2637 2618 2599 2579 2559 2539 2518
 2497 2476 2454 2432 2410 2388 2365 2343 2320 2297 2274 2251 2228 2205
    64.0 -15.0  30.0   1.0 450.0                            LAT/LON1/LON2/DLON/H
 2747 2745 2742 2739 2734 2729 2723 2716 2708 2699 2690 2680 2669 2657 2644 2631
 2617 2603 2588 2572 2555 2538 2521 2503 2484 2465 2446 2426 2406 2385 2364 2343
 2321 2299 2277 2255 2232 2210 2187 2164 2141 2118 2095 2072 2049 2026
    63.0 -15.0  30.0   1.0 450.0                            LAT/LON1/LON2/DLON/H
 2594 2591 2588 2584 2578 2572 2565 2557 2549 2539 2529 2518 2506 2494 2480 2466
 2452 2436 2420 2404 2387 2369 2351 2332 2313 2294 2274 2253 2232 2211 2190 2168
 2146 2124 2102 2079 2057 2034 2011 1988 1965 1942 1918 1895 1872 1849
    62.0 -15.0  30.0   1.0 450.0                            LAT/LON1/LON2/DLON/H
 2441 2438 2433 2428 2422 2415 2407 2399 2389 2379 2368 2356 2344 2330 2316 2302
 2286 2270 2254 2237 2219 2201 2182 2163 2143 2123 2103 2082 2061 2040 2018 1996
 1974 1952 1929 1906 1884 1861 1838 1815 1792 1769 1746 1723 1700 1677
    61.0 -15.0  30.0   1.0 450.0                            LAT/LON1/LON2/DLON/H
 2289 2284 2279 2273 2266 2259 2250 2241 2231 2220 2208 2195 2182 2168 2154 2138
 2122 2106 2089 2071 2053 2034 2015 1996 1976 1955 1935 1914 1892 1871 1849 1827
 1805 1782 1760 1737 1715 1692 1669 1646 1623 1601 1578 1556 1533 1511
    60.0 -15.0  30.0   1.0 450.0                            LAT/LON1/LON2/DLON/H
 2137 2132 2127 2120 2112 2104 2094 2084 2073 2062 2049 2036 2022 2008 1993 1977
 1961 1944 1926 1908 1890 1871 1851 1831 1811 1791 1770 1749 1727 1706 1684 1662
 1640 1618 1595 1573 1551 1528 1506 1483 1461 1439 1416 1394 1372 1351
    59.0 -15.0  30.0   1.0 450.0                            LAT/LON1/LON2/DLON/H
 1988 1983 1976 1968 1960 1951 1941 1930 1919 1906 1893 1880 1865 1850 1835 1819
 1802 1785 1767 1749 1730 1711 1691 1671 1651 1630 1610 1589 1567 1546 1524 1502
 1481 1459 1437 1415 1393 1371 1349 1327 1305 1283 1262 1240 1219 1198
    58.0 -15.0  30.0   1.0 450.0                            LAT/LON1/LON2/DLON/H
 1842 1835 1828 1820 1811 1801 1790 1779 1767 1754 1741 1727 1712 1697 1681 1664
 1647 1630 1612 1593 1574 1555 1536 1516 1496 1475 1455 1434 1413 1392 1370 1349
 1327 1306 1285 1263 1242 1220 1199 1178 1157 1136 1115 1095 1074 1054
    57.0 -15.0  30.0   1.0 450.0                            LAT/LON1/LON2/DLON/H
 1699 1692 1684 1675 1665 1655 1644 1632 1619 1606 1592 1578 1563 1547 1531 1514
 1497 1480 1462 1443 1424 1405 1386 1366 1346 1326 1306 1285 1265 1244 1223 1202
 1182 1161 1140 1119 1098 1078 1057 1037 1017  997  977  958  938  919
    56.0 -15.0  30.0   1.0 450.0                            LAT/LON1/LON2/DLON/H
 1560 1552 1543 1534 1524 1513 1501 1489 1476 1463 1449 1434 1419 1403 1387 1370
 1353 1335 1317 1299 1281 1262 1243 1223 1204 1184 1164 1144 1124 1104 1084 1064
 1044 1023 1003  984  964  944  925  905  886  867  848  830  812  794
    55.0 -15.0  30.0   1.0 450.0                            LAT/LON1/LON2/DLON/H
 1425 1417 1408 1398 1387 1376 1364 1352 1339 1325 1311 1296 1281 1265 1249 1232
 1215 1198 1180 1162 1144 1125 1106 1088 1068 1049 1030 1011  991  972  953  933
  914  895  876  857  838  820  801  783  765  747  730  713  696  679
    54.0 -15.0  30.0   1.0 450.0                            LAT/LON1/LON2/DLON/H
 1296 1287 1278 1267 1256 1245 1233 1220 1207 1193 1179 1164 1149 1133 1117 1101
 1084 1067 1049 1032 1014  996  978  960  941  923  904  886  867  849  830  812
  794  776  758  740  722  705  688  671  654  638  622  606  590  575
    53.0 -15.0  30.0   1.0 450.0                            LAT/LON1/LON2/DLON/H
 1172 1163 1153 1143 1131 1120 1108 1095 1081 1068 1053 1039 1024 1008  993  977
  960  944  927  910  893  875  858  840  823  805  788  770  752  735  718  700
  683  666  650  633  617  601  585  569  554  539  524  510  496  482
    52.0 -15.0  30.0   1.0 450.0                            LAT/LON1/LON2/DLON/H
 1055 1045 1035 1024 1013 1001  989  976  963  950  936  921  906  891  876  860
  845  829  812  796  780  763  747  730  713  697  680  664  647  631  615  599
  583  567  552  536  521  507  492  478  464  451  438  425  412  400
    51.0 -15.0  30.0   1.0 450.0                            LAT/LON1/LON2/DLON/H
  944  934  924  913  902  890  878  865  852  839  825  811  797  782  768  753
  738  722  707  691  676  660  644  629  613  598  582  567  552  537  522  507
  492  478  464  450  437  423  410  398  385  373  362  350  340  329
    50.0 -15.0  30.0   1.0 450.0                            LAT/LON1/LON2/DLON/H
  840  830  820  809  798  786  774  762  749  736  723  710  696  682  668  654
  639  625  610  596  581  566  552  537  523  508  494  480  466  452  439  426
  412  400  387  375  363  351  339  328  317  307  297  287  278  269
    49.0 -15.0  30.0   1.0 450.0                            LAT/LON1/LON2/DLON/H
  743  733  723  712  701  690  679  667  654  642  629  616  603  590  577  563
  550  536  523  509  496  482  469  455  442  429  416  403  391  378  366  354
  343  331  320  309  299  289  279  269  260  251  243  234  227  219
    48.0 -15.0  30.0   1.0 450.0                            LAT/LON1/LON2/DLON/H
  653  644  634  624  613  602  591  579  568  556  544  532  520  507  495  482
  470  457  445  432  420  407  395  383  371  360  348  337  325  314  304  293
  283  273  264  254  246  237  229  221  213  205  199  192  186  180
    47.0 -15.0  30.0   1.0 450.0                            LAT/LON1/LON2/DLON/H
  571  562  553  543  532  522  511  501  490  479  467  456  445  433  422  410
  399  387  376  365  353  342  331  321  310  300  290  280  270  260  251  242
  234  225  217  209  202  195  188  182  175  170  164  159  154  149
    46.0 -15.0  30.0   1.0 450.0                            LAT/LON1/LON2/DLON/H
  497  488  479  470  460  450  440  430  420  410  399  389  378  368  357  347
  337  326  316  306  296  287  277  268  258  249  241  232  224  216  208  201
  194  187  180  174  168  162  157  152  147  143  139  135  131  128
    45.0 -15.0  30.0   1.0 450.0                            LAT/LON1/LON2/DLON/H
  431  422  414  405  396  387  377  368  359  349  340  330  321  311  302  293
  284  275  266  257  248  240  232  224  216  208  201  194  187  180  174  168
  162  157  152  147  142  138  134  131  127  124  121  119  117  115
    44.0 -15.0  30.0   1.0 450.0                            LAT/LON1/LON2/DLON/H
  372  364  356  348  340  331  323  314  306  297  289  280  272  264  255  247
  239  232  224  216  209  202  195  188  182  176  170  164  159  154  149  144
  140  136  132  128  125  122  119  117  115  113  111  110  109  108
    43.0 -15.0  30.0   1.0 450.0                            LAT/LON1/LON2/DLON/H
  321  314  306  299  291  284  276  268  261  253  246  238  231  224  217  210
  203  197  190  184  178  172  167  161  156  151  147  142  138  134  131  128
  125  122  119  117  115  113  112  110  109  109  108  108  108  108
    42.0 -15.0  30.0   1.0 450.0                            LAT/LON1/LON2/DLON/H
  277  270  264  257  250  244  237  230  224  217  211  204  198  192  186  181
  175  170  165  160  155  150  146  142  138  134  131  128  125  123  120  118
  116  115  113  112  111  110  110  110  110  110  110  111  111  112
    41.0 -15.0  30.0   1.0 450.0                            LAT/LON1/LON2/DLON/H
  240  234  228  223  217  211  205  199  194  188  183  178  173  168  163  158
  154  150  146  142  139  135  132  129  127  124  122  120  118  117  116  115
  114  113  113  113  113  113  113  114  114  115  116  117  119  120
    40.0 -15.0  30.0   1.0 450.0                            LAT/LON1/LON2/DLON/H
  210  205  200  195  190  185  180  175  171  166  162  158  154  150  146  143
  140  137  134  131  129  127  125  123  121  120  119  118  117  117  116  116
  116  117  117  118  118  119  120  122  123  124  126  127  129  131
    39.0 -15.0  30.0   1.0 450.0                            LAT/LON1/LON2/DLON/H
  187  182  178  174  170  166  162  158  154  151  147  144  141  139  136  134
  131  129  128  126  125  123  122  122  121  121  121  121  121  121  122  122
  123  124  125  126  128  129  131  132  134  136  138  139  141  143
    38.0 -15.0  30.0   1.0 450.0                            LAT/LON1/LON2/DLON/H
  169  165  162  158  155  152  149  146  143  141  139  136  134  133  131  129
  128  127  126  126  125  125  125  125  125  126  126  127  128  129  130  131
  133  134  136  137  139  141  143  144  146  148  150  152  154  156
    37.0 -15.0  30.0   1.0 450.0                            LAT/LON1/LON2/DLON/H
  156  154  151  148  146  144  141  139  138  136  134  133  132  131  130  130
  129  129  129  129  130  130  131  132  132  134  135  136  137  139  141  142
  144  146  148  150  151  153  155  157  159  161  163  165  167  169
    36.0 -15.0  30.0   1.0 450.0                            LAT/LON1/LON2/DLON/H
  149  147  145  143  141  140  138  137  136  135  135  134  134  134  134  134
  134  135  135  136  137  138  139  141  142  144  145  147  149  151  153  154
  156  158  160  162  164  166  168  170  172  173  175  177  178  179
    35.0 -15.0  30.0   1.0 450.0                            LAT/LON1/LON2/DLON/H
  145  144  143  141  140  140  139  139  138  138  138  138  139  139  140  141
  141  143  144  145  147  148  150  151  153  155  157  159  161  163  165  167
  169  171  173  175  176  178  180  181  183  184  185  186  187  188
    13                                                      END OF TEC MAP      
     1                                                      START OF RMS MAP    
  2022     6    19     0     0     0                        EPOCH OF CURRENT MAP
    65.0 -15.0  30.0   1.0 450.0                            LAT/LON1/LON2/DLON/H
 1427 1408 1388 1369 1349 1330 1310 1291 1271 1252 1232 1213 1194 1175 1156 1136
 1118 1099 1080 1062 1043 1025 1007  989  971  954  936  919  902  885  868  852
  836  820  804  789  773  758  743  729  714  700  686  672  659  646
    64.0 -15.0  30.0   1.0 450.0                            LAT/LON1/LON2/DLON/H
 1337 1318 1298 1279 1260 1241 1222 1203 1184 1164 1145 1127 1108 1089 1070 1052
 1033 1015  997  979  961  943  926  908  891  874  857  840  824  808  792  776
  760  745  730  715  700  685  671  657  643  630  617  604  591  578
    63.0 -15.0  30.0   1.0 450.0                            LAT/LON1/LON2/DLON/H
 1247 1228 1209 1190 1172 1153 1134 1115 1097 1078 1060 1041 1023 1005  987  969
  951  933  915  898  881  864  847  830  813  797  781  764  749  733  718  703
  688  673  658  644  630  616  603  589  576  563  551  538  526  514
    62.0 -15.0  30.0   1.0 450.0                            LAT/LON1/LON2/DLON/H
 1157 1139 1121 1103 1084 1066 1048 1030 1012  994  976  958  940  923  905  888
  871  853  837  820  803  787  770  754  738  723  707  692  677  662  647  633
  618  604  591  577  564  551  538  525  513  501  489  477  466  455
    61.0 -15.0  30.0   1.0 450.0                            LAT/LON1/LON2/DLON/H
 1070 1052 1034 1017  999  982  964  946  929  912  894  877  860  843  826  810
  793  777  760  744  728  713  697  682  667  652  637  622  608  594  580  566
  553  540  526  514  501  489  477  465  453  442  431  420  409  399
    60.0 -15.0  30.0   1.0 450.0                            LAT/LON1/LON2/DLON/H
  984  967  950  933  916  899  882  865  849  832  816  799  783  767  750  735
  719  703  688  672  657  642  627  613  598  584  570  557  543  530  517  504
  491  479  466  454  443  431  420  409  398  387  377  367  357  347
    59.0 -15.0  30.0   1.0 450.0                            LAT/LON1/LON2/DLON/H
  901  884  868  852  836  820  803  787  771  755  740  724  708  693  678  663
  648  633  618  604  589  575  561  548  534  521  508  495  482  469  457  445
  433  422  410  399  388  377  367  357  347  337  327  318  309  300
    58.0 -15.0  30.0   1.0 450.0                            LAT/LON1/LON2/DLON/H
  820  805  789  774  758  743  728  712  697  682  667  652  638  623  609  594
  580  566  552  539  525  512  499  486  473  461  449  437  425  413  402  391
  380  369  358  348  338  328  318  309  300  291  282  274  265  257
    57.0 -15.0  30.0   1.0 450.0                            LAT/LON1/LON2/DLON/H
  743  729  714  699  685  670  655  641  627  613  598  584  571  557  543  530
  517  504  491  478  465  453  441  429  417  405  394  383  372  361  351  340
  330  320  311  301  292  283  274  265  257  249  241  233  226  218
    56.0 -15.0  30.0   1.0 450.0                            LAT/LON1/LON2/DLON/H
  670  656  642  628  614  601  587  573  560  547  533  520  507  495  482  469
  457  445  433  421  409  398  387  375  365  354  343  333  323  313  304  294
  285  276  267  258  250  242  234  226  218  211  204  197  190  183
    55.0 -15.0  30.0   1.0 450.0                            LAT/LON1/LON2/DLON/H
  600  587  574  561  548  535  522  510  497  485  472  460  448  436  425  413
  402  390  379  368  358  347  337  326  316  307  297  288  278  269  261  252
  244  235  227  220  212  205  198  191  184  177  171  165  159  153
    54.0 -15.0  30.0   1.0 450.0                            LAT/LON1/LON2/DLON/H
  534  522  510  498  486  474  462  450  439  427  416  404  393  382  371  361
  350  340  330  320  310  300  291  282  272  264  255  246  238  230  222  214
  207  199  192  185  178  172  165  159  153  147  142  136  131  126
    53.0 -15.0  30.0   1.0 450.0                            LAT/LON1/LON2/DLON/H
  472  461  450  439  428  417  406  395  384  374  363  353  343  333  323  313
  303  294  285  275  267  258  249  241  233  225  217  209  202  194  187  180
  174  167  161  154  148  143  137  131  126  121  116  111  107  102
    52.0 -15.0  30.0   1.0 450.0                            LAT/LON1/LON2/DLON/H
  415  405  394  384  374  364  354  344  334  324  315  305  296  287  278  269
  260  252  243  235  227  219  212  204  197  190  183  176  169  163  156  150
  144  138  133  127  122  117  112  107  103   98   94   90   86   82
    51.0 -15.0  30.0   1.0 450.0                            LAT/LON1/LON2/DLON/H
  362  353  343  334  324  315  306  297  288  279  271  262  254  246  237  229
  222  214  206  199  192  185  178  171  165  158  152  146  140  135  129  124
  119  114  109  104   99   95   91   87   83   79   75   72   68   65
    50.0 -15.0  30.0   1.0 450.0                            LAT/LON1/LON2/DLON/H
  314  305  296  288  279  271  263  255  247  239  231  223  216  208  201  194
  187  180  173  167  161  154  148  142  137  131  126  120  115  110  106  101
   97   92   88   84   80   76   73   69   66   63   60   57   54   51
    49.0 -15.0  30.0   1.0 450.0                            LAT/LON1/LON2/DLON/H
  269  261  254  246  238  231  224  216  209  202  195  188  182  175  169  162
  156  150  144  139  133  128  122  117  112  107  103   98   94   89   85   81
   78   74   70   67   64   61   58   55   52   49   47   44   42   40
    48.0 -15.0  30.0   1.0 450.0                            LAT/LON1/LON2/DLON/H
  229  222  215  208  202  195  188  182  176  169  163  157  151  146  140  134
  129  124  119  114  109  104  100   95   91   87   83   79   75   72   68   65
   62   59   56   53   50   47   45   43   40   38   36   34   32   31
    47.0 -15.0  30.0   1.0 450.0                            LAT/LON1/LON2/DLON/H
  193  187  181  175  169  163  157  152  146  141  135  130  125  120  115  110
