TPKL/IONOSPHERE/RIM221690.INX
     1.0            IONOSPHERE MAPS     GPS                 IONEX VERSION / TYPE
GPSEST V5.2         My agency/institute 20-JUL-22 14:44     PGM / RUN BY / DATE 
PPP_221690: Regional ionosphere model - RIM                 COMMENT             
My description text                                         DESCRIPTION         
  2022     6    18     0     0     0                        EPOCH OF FIRST MAP  
  2022     6    19     0     0     0                        EPOCH OF LAST MAP   
  7200                                                      INTERVAL            
    13                                                      # OF MAPS IN FILE   
  NONE                                                      MAPPING FUNCTION    
    10.0                                                    ELEVATION CUTOFF    
Undifferenced carrier phase and code                        OBSERVABLES USED    
     1                                                      # OF STATIONS       
    31                                                      # OF SATELLITES     
  6371.0                                                    BASE RADIUS         
     2                                                      MAP DIMENSION       
   450.0 450.0   0.0                                        HGT1 / HGT2 / DHGT  
    65.0  35.0  -1.0                                        LAT1 / LAT2 / DLAT  
   -15.0  30.0   1.0                                        LON1 / LON2 / DLON  
    -1                                                      EXPONENT            
TEC/RMS values in 0.1 TECU; 9999, if no value available     COMMENT             
List of stations:                                           COMMENT             
tpkl                                                        COMMENT             
                                                            END OF HEADER       
[from data line 1270]
    11                                                      START OF TEC MAP    
  2022     6    18    20     0     0                        EPOCH OF CURRENT MAP
    65.0 -15.0  30.0   1.0 450.0                            LAT/LON1/LON2/DLON/H
 1586 1588 1591 1594 1596 1598 1600 1602 1603 1605 1606 1606 1607 1607 1607 1607
 1606 1605 1604 1602 1600 1598 1596 1593 1590 1587 1583 1579 1575 1571 1566 1561
 1556 1550 1544 1538 1532 1525 1519 1512 1504 1497 1489 1481 1473 1465
    64.0 -15.0  30.0   1.0 450.0                            LAT/LON1/LON2/DLON/H
 1491 1494 1496 1499 1501 1503 1505 1506 1508 1509 1509 1510 1510 1510 1510 1509
 1508 1507 1506 1504 1502 1499 1496 1493 1490 1486 1483 1478 1474 1469 1464 1459
 1453 1447 1441 1435 1428 1421 1414 1407 1399 1391 1383 1375 1367 1358
    63.0 -15.0  30.0   1.0 450.0                            LAT/LON1/LON2/DLON/H
 1399 1401 1404 1406 1408 1410 1412 1413 1414 1415 1415 1416 1416 1415 1415 1414
 1413 1411 1409 1407 1405 1402 1399 1396 1392 1388 1384 1379 1375 1369 1364 1358
 1353 1346 1340 1333 1326 1319 1312 1304 1296 1288 1280 1271 1263 1254
    62.0 -15.0  30.0   1.0 450.0                            LAT/LON1/LON2/DLON/H
 1309 1312 1314 1316 1318 1320 1321 1322 1323 1323 1324 1324 1323 1323 1322 1321
 1319 1317 1315 1313 1310 1307 1304 1300 1296 1292 1288 1283 1278 1272 1267 1261
 1254 1248 1241 1234 1227 1220 1212 1204 1196 1188 1179 1171 1162 1153
    61.0 -15.0  30.0   1.0 450.0                            LAT/LON1/LON2/DLON/H
 1223 1225 1227 1229 1231 1232 1233 1234 1234 1235 1235 1234 1234 1233 1232 1230
 1229 1226 1224 1221 1218 1215 1211 1207 1203 1199 1194 1189 1183 1178 1172 1166
 1159 1152 1146 1138 1131 1123 1115 1107 1099 1091 1082 1073 1064 1055
    60.0 -15.0  30.0   1.0 450.0                            LAT/LON1/LON2/DLON/H
 1140 1142 1143 1145 1146 1147 1148 1149 1149 1149 1149 1148 1147 1146 1145 1143
 1141 1138 1136 1133 1129 1126 1122 1118 1113 1108 1103 1098 1092 1086 1080 1074
 1067 1060 1053 1046 1038 1030 1022 1014 1006  997  989  980  971  962
    59.0 -15.0  30.0   1.0 450.0                            LAT/LON1/LON2/DLON/H
 1060 1061 1063 1064 1065 1066 1066 1067 1067 1066 1066 1065 1064 1062 1060 1058
 1056 1053 1050 1047 1043 1040 1035 1031 1026 1021 1016 1010 1005  998  992  986
  979  972  964  957  949  941  933  925  917  908  899  890  881  872
    58.0 -15.0  30.0   1.0 450.0                            LAT/LON1/LON2/DLON/H
  983  985  986  987  987  988  988  988  988  987  986  985  984  982  980  977
  975  972  968  965  961  957  953  948  943  938  932  927  921  914  908  901
  894  887  880  872  864  856  848  840  832  823  815  806  797  788
    57.0 -15.0  30.0   1.0 450.0                            LAT/LON1/LON2/DLON/H
  910  911  912  913  913  913  913  913  912  911  910  909  907  905  903  900
  897  894  890  887  882  878  874  869  864  858  853  847  841  834  828  821
  814  807  799  792  784  776  768  760  752  743  735  726  717  708
    56.0 -15.0  30.0   1.0 450.0                            LAT/LON1/LON2/DLON/H
  841  842  842  843  843  843  842  841  840  839  838  836  834  832  829  826
  823  820  816  812  808  803  798  793  788  783  777  771  765  758  752  745
  738  731  723  716  708  700  693  684  676  668  660  651  643  634
    55.0 -15.0  30.0   1.0 450.0                            LAT/LON1/LON2/DLON/H
  775  776  776  776  776  775  775  774  772  771  769  767  765  762  759  756
  753  749  745  741  737  732  727  722  717  711  706  700  693  687  680  674
  667  660  652  645  637  630  622  614  606  598  590  582  574  566
    54.0 -15.0  30.0   1.0 450.0                            LAT/LON1/LON2/DLON/H
  714  714  714  713  713  712  711  710  708  707  705  702  700  697  694  691
  687  683  679  675  670  666  661  656  650  645  639  633  627  620  614  607
  600  593  586  579  572  564  557  549  542  534  526  518  511  503
    53.0 -15.0  30.0   1.0 450.0                            LAT/LON1/LON2/DLON/H
  656  655  655  654  654  653  651  650  648  646  644  641  639  636  632  629
  625  621  617  613  608  604  599  593  588  582  577  571  565  559  552  546
  539  532  525  518  511  504  497  490  483  475  468  460  453  446
    52.0 -15.0  30.0   1.0 450.0                            LAT/LON1/LON2/DLON/H
  601  601  600  599  598  597  596  594  592  590  587  585  582  579  575  572
  568  564  560  555  551  546  541  536  531  525  519  514  508  502  496  489
  483  476  470  463  456  450  443  436  429  422  415  408  401  394
    51.0 -15.0  30.0   1.0 450.0                            LAT/LON1/LON2/DLON/H
  551  550  549  548  547  545  544  542  540  537  535  532  529  526  522  519
  515  511  507  502  498  493  488  483  478  472  467  461  456  450  444  438
  432  426  420  413  407  401  394  388  381  375  368  362  356  349
    50.0 -15.0  30.0   1.0 450.0                            LAT/LON1/LON2/DLON/H
  504  503  502  501  499  498  496  494  491  489  486  483  480  477  473  470
  466  462  458  454  449  445  440  435  430  425  420  414  409  403  398  392
  386  380  375  369  363  357  351  345  339  333  327  322  316  310
    49.0 -15.0  30.0   1.0 450.0                            LAT/LON1/LON2/DLON/H
  461  460  459  457  456  454  452  450  447  445  442  439  436  433  429  425
  422  418  414  410  405  401  396  392  387  382  377  372  367  362  356  351
  346  340  335  330  324  319  313  308  303  297  292  287  282  276
    48.0 -15.0  30.0   1.0 450.0                            LAT/LON1/LON2/DLON/H
  422  421  419  418  416  414  412  409  407  404  402  399  396  392  389  385
  382  378  374  370  366  362  357  353  349  344  339  335  330  325  320  315
  310  306  301  296  291  286  281  276  272  267  262  258  253  249
    47.0 -15.0  30.0   1.0 450.0                            LAT/LON1/LON2/DLON/H
  387  385  383  382  380  378  376  373  371  368  365  363  360  356  353  350
  346  343  339  335  331  327  323  319  315  311  306  302  298  293  289  285
  280  276  271  267  263  258  254  250  246  242  238  234  230  226
    46.0 -15.0  30.0   1.0 450.0                            LAT/LON1/LON2/DLON/H
  354  353  351  349  347  345  343  341  338  336  333  330  328  325  321  318
  315  312  308  305  301  297  294  290  286  282  278  274  271  267  263  259
  255  251  247  243  240  236  232  229  225  222  218  215  212  208
    45.0 -15.0  30.0   1.0 450.0                            LAT/LON1/LON2/DLON/H
  326  324  323  321  319  317  315  312  310  308  305  302  300  297  294  291
  288  285  282  278  275  272  268  265  262  258  255  251  248  245  241  238
  234  231  228  225  221  218  215  212  209  206  204  201  198  196
    44.0 -15.0  30.0   1.0 450.0                            LAT/LON1/LON2/DLON/H
  301  299  297  295  294  292  290  287  285  283  281  278  276  273  270  268
  265  262  259  256  253  251  248  245  242  239  236  233  230  227  224  221
  218  216  213  210  208  205  202  200  198  195  193  191  189  187
    43.0 -15.0  30.0   1.0 450.0                            LAT/LON1/LON2/DLON/H
  279  277  275  274  272  270  268  266  264  262  260  258  255  253  251  248
  246  243  241  238  236  233  231  228  226  223  221  218  216  213  211  209
  206  204  202  200  198  196  194  192  190  189  187  185  184  183
    42.0 -15.0  30.0   1.0 450.0                            LAT/LON1/LON2/DLON/H
  260  258  257  255  253  252  250  248  246  245  243  241  239  237  235  233
  231  228  226  224  222  220  218  216  214  212  210  208  206  204  202  200
  198  197  195  193  192  191  189  188  187  185  184  183  182  181
    41.0 -15.0  30.0   1.0 450.0                            LAT/LON1/LON2/DLON/H
  244  242  241  240  238  237  235  234  232  230  229  227  226  224  222  220
  219  217  215  214  212  210  209  207  205  204  202  201  199  198  197  195
  194  193  192  191  189  189  188  187  186  185  185  184  184  183
    40.0 -15.0  30.0   1.0 450.0                            LAT/LON1/LON2/DLON/H
  231  230  228  227  226  225  223  222  221  220  218  217  216  214  213  212
  210  209  208  207  205  204  203  202  201  199  198  197  196  195  194  194
  193  192  191  191  190  189  189  189  188  188  188  187  187  187
    39.0 -15.0  30.0   1.0 450.0                            LAT/LON1/LON2/DLON/H
  220  219  219  218  217  216  215  214  213  212  211  210  209  208  207  206
  205  204  203  202  202  201  200  199  199  198  197  197  196  196  195  195
  194  194  193  193  193  193  193  193  193  193  193  193  193  193
    38.0 -15.0  30.0   1.0 450.0                            LAT/LON1/LON2/DLON/H
  213  212  211  211  210  209  209  208  207  207  206  205  205  204  204  203
  203  202  202  201  201  200  200  200  199  199  199  199  198  198  198  198
  198  198  198  198  198  198  198  198  199  199  199  200  200  200
    37.0 -15.0  30.0   1.0 450.0                            LAT/LON1/LON2/DLON/H
  207  207  207  206  206  205  205  205  204  204  204  204  203  203  203  203
  203  202  202  202  202  202  202  202  202  202  202  203  203  203  203  203
  203  204  204  204  205  205  205  206  206  206  207  207  208  208
    36.0 -15.0  30.0   1.0 450.0                            LAT/LON1/LON2/DLON/H
  204  204  204  204  204  204  204  204  204  204  204  204  204  204  204  205
  205  205  205  206  206  206  207  207  207  208  208  208  209  209  210  210
  210  211  211  212  212  213  213  214  214  214  215  215  216  216
    35.0 -15.0  30.0   1.0 450.0                            LAT/LON1/LON2/DLON/H
  203  204  204  204  204  204  205  205  205  206  206  207  207  207  208  208
  209  210  210  211  211  212  212  213  214  214  215  215  216  217  217  218
  218  219  219  220  220  221  221  222  222  223  223  223  224  224
    11                                                      END OF TEC MAP      
    12                                                      START OF TEC MAP    
  2022     6    18    22     0     0                        EPOCH OF CURRENT MAP
    65.0 -15.0  30.0   1.0 450.0                            LAT/LON1/LON2/DLON/H
 2126 2128 2129 2130 2130 2129 2128 2127 2125 2122 2119 2115 2111 2106 2101 2095
 2088 2081 2074 2066 2057 2048 2039 2029 2018 2008 1996 1985 1973 1960 1947 1934
 1921 1907 1893 1878 1863 1848 1833 1818 1802 1786 1770 1753 1737 1720
    64.0 -15.0  30.0   1.0 450.0                            LAT/LON1/LON2/DLON/H
 2022 2024 2024 2025 2025 2024 2022 2020 2018 2015 2011 2007 2002 1996 1991 1984
 1977 1970 1962 1953 1944 1935 1925 1914 1903 1892 1880 1868 1855 1843 1829 1816
 1802 1787 1773 1758 1743 1727 1712 1696 1680 1664 1647 1631 1614 1597
    63.0 -15.0  30.0   1.0 450.0                            LAT/LON1/LON2/DLON/H
 1918 1919 1920 1919 1919 1917 1915 1913 1910 1906 1902 1897 1892 1886 1880 1873
 1865 1857 1849 1840 1830 1821 1810 1799 1788 1776 1764 1751 1738 1725 1711 1697
 1683 1668 1654 1638 1623 1607 1591 1575 1559 1543 1526 1509 1492 1475
    62.0 -15.0  30.0   1.0 450.0                            LAT/LON1/LON2/DLON/H
 1814 1815 1815 1814 1813 1811 1809 1806 1802 1798 1793 1788 1782 1776 1769 1762
 1754 1745 1737 1727 1717 1707 1696 1685 1673 1661 1648 1635 1622 1608 1594 1580
 1565 1551 1535 1520 1504 1489 1472 1456 1440 1423 1407 1390 1373 1356
    61.0 -15.0  30.0   1.0 450.0                            LAT/LON1/LON2/DLON/H
 1711 1711 1710 1709 1707 1705 1702 1699 1695 1690 1685 1680 1673 1667 1659 1651
 1643 1634 1625 1615 1605 1594 1583 1571 1559 1546 1534 1520 1507 1493 1479 1464
 1449 1434 1419 1404 1388 1372 1356 1339 1323 1306 1290 1273 1256 1239
    60.0 -15.0  30.0   1.0 450.0                            LAT/LON1/LON2/DLON/H
 1608 1608 1607 1605 1603 1600 1597 1593 1589 1584 1578 1572 1565 1558 1550 1542
 1533 1524 1514 1504 1493 1482 1471 1459 1447 1434 1421 1407 1394 1380 1365 1351
 1336 1321 1305 1290 1274 1258 1242 1226 1209 1193 1176 1160 1143 1127
    59.0 -15.0  30.0   1.0 450.0                            LAT/LON1/LON2/DLON/H
 1507 1506 1505 1503 1500 1497 1493 1489 1484 1478 1472 1466 1459 1451 1443 1434
 1425 1416 1406 1395 1384 1373 1361 1349 1336 1324 1310 1297 1283 1269 1255 1240
 1225 1210 1195 1179 1163 1148 1132 1116 1100 1083 1067 1051 1034 1018
    58.0 -15.0  30.0   1.0 450.0                            LAT/LON1/LON2/DLON/H
 1408 1406 1404 1402 1399 1395 1391 1386 1381 1375 1368 1361 1354 1346 1338 1329
 1319 1310 1299 1289 1277 1266 1254 1242 1229 1216 1203 1189 1176 1161 1147 1133
 1118 1103 1088 1072 1057 1041 1026 1010  994  978  962  946  930  915
    57.0 -15.0  30.0   1.0 450.0                            LAT/LON1/LON2/DLON/H
 1311 1309 1306 1303 1300 1295 1291 1286 1280 1274 1267 1260 1252 1244 1235 1226
 1216 1206 1196 1185 1174 1162 1150 1138 1125 1112 1099 1086 1072 1058 1044 1029
 1015 1000  985  970  955  940  924  909  894  878  863  847  832  816
    56.0 -15.0  30.0   1.0 450.0                            LAT/LON1/LON2/DLON/H
 1216 1213 1211 1207 1203 1199 1194 1188 1182 1175 1168 1161 1153 1144 1135 1126
 1116 1106 1096 1085 1074 1062 1050 1038 1025 1012  999  986  972  959  945  930
  916  902  887  873  858  843  828  813  798  784  769  754  739  724
    55.0 -15.0  30.0   1.0 450.0                            LAT/LON1/LON2/DLON/H
 1124 1121 1118 1114 1110 1105 1099 1094 1087 1080 1073 1065 1057 1049 1039 1030
 1020 1010  999  989  977  966  954  942  929  917  904  891  877  864  850  837
  823  809  795  781  766  752  738  724  709  695  681  667  653  639
    54.0 -15.0  30.0   1.0 450.0                            LAT/LON1/LON2/DLON/H
 1035 1032 1028 1024 1020 1014 1009 1003  996  989  981  974  965  957  947  938
  928  918  907  897  885  874  862  850  838  826  813  801  788  775  762  748
  735  721  708  694  681  667  654  640  627  613  600  586  573  560
    53.0 -15.0  30.0   1.0 450.0                            LAT/LON1/LON2/DLON/H
  950  947  943  938  933  928  922  915  909  901  894  886  878  869  860  850
  841  830  820  809  799  787  776  764  753  741  728  716  704  691  678  666
  653  640  627  614  602  589  576  563  550  538  525  513  500  488
    52.0 -15.0  30.0   1.0 450.0                            LAT/LON1/LON2/DLON/H
  869  865  861  856  851  845  839  833  826  818  811  803  794  786  777  767
  758  748  738  727  717  706  695  684  672  661  649  637  625  613  601  589
  577  565  553  541  529  517  505  493  481  469  458  446  435  423
    51.0 -15.0  30.0   1.0 450.0                            LAT/LON1/LON2/DLON/H
  792  788  783  778  773  767  761  754  747  740  732  724  716  708  699  690
  680  671  661  651  640  630  619  609  598  587  576  565  553  542  531  519
  508  497  485  474  463  452  441  430  419  408  397  387  376  366
    50.0 -15.0  30.0   1.0 450.0                            LAT/LON1/LON2/DLON/H
  719  715  710  705  699  693  687  680  674  666  659  651  643  635  626  617
  608  599  589  580  570  560  550  540  529  519  508  498  487  477  466  456
  445  435  424  414  404  393  383  373  363  354  344  335  325  316
    49.0 -15.0  30.0   1.0 450.0                            LAT/LON1/LON2/DLON/H
  651  646  641  636  630  625  618  612  605  598  591  583  575  567  559  550
  541  533  524  514  505  496  486  477  467  457  448  438  428  418  409  399
  389  380  370  361  352  342  333  324  315  307  298  290  281  273
    48.0 -15.0  30.0   1.0 450.0                            LAT/LON1/LON2/DLON/H
  587  582  577  572  567  561  555  548  542  535  528  520  513  505  497  489
  481  472  464  455  447  438  429  420  411  402  393  384  375  367  358  349
  340  332  323  315  306  298  290  282  274  267  259  252  245  238
    47.0 -15.0  30.0   1.0 450.0                            LAT/LON1/LON2/DLON/H
  528  524  519  513  508  502  496  490  484  477  470  463  456  449  441  434
