TPKL/IONOSPHERE/RIM221690.INX
     1.0            IONOSPHERE MAPS     GPS                 IONEX VERSION / TYPE
GPSEST V5.2         My agency/institute 20-JUL-22 14:44     PGM / RUN BY / DATE 
PPP_221690: Regional ionosphere model - RIM                 COMMENT             
My description text                                         DESCRIPTION         
  2022     6    18     0     0     0                        EPOCH OF FIRST MAP  
  2022     6    19     0     0     0                        EPOCH OF LAST MAP   
  7200                                                      INTERVAL            
    13                                                      # OF MAPS IN FILE   
  NONE                                                      MAPPING FUNCTION    
    10.0                                                    ELEVATION CUTOFF    
Undifferenced carrier phase and code                        OBSERVABLES USED    
     1                                                      # OF STATIONS       
    31                                                      # OF SATELLITES     
  6371.0                                                    BASE RADIUS         
     2                                                      MAP DIMENSION       
   450.0 450.0   0.0                                        HGT1 / HGT2 / DHGT  
    65.0  35.0  -1.0                                        LAT1 / LAT2 / DLAT  
   -15.0  30.0   1.0                                        LON1 / LON2 / DLON  
    -1                                                      EXPONENT            
TEC/RMS values in 0.1 TECU; 9999, if no value available     COMMENT             
List of stations:                                           COMMENT             
tpkl                                                        COMMENT             
                                                            END OF HEADER       
[from data line 889]
     8                                                      START OF TEC MAP    
  2022     6    18    14     0     0                        EPOCH OF CURRENT MAP
    65.0 -15.0  30.0   1.0 450.0                            LAT/LON1/LON2/DLON/H
 1016  996  976  957  938  920  903  885  869  852  837  821  806  792  778  764
  751  738  726  714  703  692  681  671  661  651  642  633  625  617  609  601
  594  587  581  574  568  562  557  552  547  542  537  533  529  525
    64.0 -15.0  30.0   1.0 450.0                            LAT/LON1/LON2/DLON/H
  963  943  924  905  887  869  852  835  819  803  788  773  759  745  731  718
  705  693  681  670  659  648  638  628  618  609  600  592  584  576  568  561
  554  548  541  535  529  524  519  514  509  504  500  496  492  488
    63.0 -15.0  30.0   1.0 450.0                            LAT/LON1/LON2/DLON/H
  912  893  874  856  838  821  804  788  772  757  742  728  714  700  687  674
  662  650  639  628  617  607  597  588  579  570  561  553  545  538  531  524
  517  511  505  499  494  489  484  479  474  470  466  462  458  454
    62.0 -15.0  30.0   1.0 450.0                            LAT/LON1/LON2/DLON/H
  863  844  826  809  792  775  759  743  728  713  699  685  671  658  646  634
  622  611  600  589  579  569  560  551  542  534  526  518  511  503  497  490
  484  478  472  467  461  456  452  447  443  438  435  431  427  424
    61.0 -15.0  30.0   1.0 450.0                            LAT/LON1/LON2/DLON/H
  816  798  781  764  747  731  716  701  686  672  658  645  632  619  607  596
  585  574  563  553  544  534  525  517  508  500  493  485  478  472  465  459
  453  447  442  437  432  427  423  418  414  410  406  403  399  396
    60.0 -15.0  30.0   1.0 450.0                            LAT/LON1/LON2/DLON/H
  772  754  738  721  705  690  675  661  647  633  620  607  595  583  572  560
  550  540  530  520  511  502  494  485  478  470  463  456  449  443  437  431
  425  420  415  410  405  401  396  392  388  385  381  378  374  371
    59.0 -15.0  30.0   1.0 450.0                            LAT/LON1/LON2/DLON/H
  729  713  697  681  666  651  637  623  610  597  584  572  560  549  538  528
  518  508  498  489  481  472  464  457  449  442  435  429  422  416  411  405
  400  395  390  385  381  377  373  369  365  361  358  355  352  349
    58.0 -15.0  30.0   1.0 450.0                            LAT/LON1/LON2/DLON/H
  689  673  657  643  628  614  601  587  575  563  551  539  528  517  507  497
  488  478  470  461  453  445  437  430  423  417  410  404  398  393  387  382
  377  372  368  363  359  355  351  348  344  341  338  334  332  329
    57.0 -15.0  30.0   1.0 450.0                            LAT/LON1/LON2/DLON/H
  650  635  620  606  593  579  567  554  542  531  519  509  498  488  478  469
  460  451  443  435  427  420  413  406  400  393  387  382  376  371  366  361
  356  352  348  343  340  336  332  329  325  322  319  316  314  311
    56.0 -15.0  30.0   1.0 450.0                            LAT/LON1/LON2/DLON/H
  613  599  585  572  559  547  535  523  512  501  490  480  470  461  452  443
  434  426  419  411  404  397  390  384  378  372  367  361  356  351  346  342
  338  333  329  326  322  318  315  312  309  306  303  300  298  295
    55.0 -15.0  30.0   1.0 450.0                            LAT/LON1/LON2/DLON/H
  578  565  552  540  527  516  504  493  483  473  463  453  444  435  427  419
  411  403  396  389  383  376  370  364  358  353  348  343  338  334  329  325
  321  317  313  310  306  303  300  297  294  291  288  286  283  281
    54.0 -15.0  30.0   1.0 450.0                            LAT/LON1/LON2/DLON/H
  545  533  521  509  498  487  476  466  456  447  437  429  420  412  404  396
  389  382  376  369  363  357  351  346  341  336  331  326  322  318  314  310
  306  302  299  296  292  289  286  284  281  278  276  273  271  269
    53.0 -15.0  30.0   1.0 450.0                            LAT/LON1/LON2/DLON/H
  514  502  491  480  470  460  450  440  431  422  414  406  398  390  383  376
  369  363  357  351  345  340  334  329  325  320  316  311  307  303  300  296
  293  289  286  283  280  277  275  272  269  267  265  262  260  258
    52.0 -15.0  30.0   1.0 450.0                            LAT/LON1/LON2/DLON/H
  485  474  463  453  444  434  425  416  408  400  392  384  377  370  364  357
  351  345  339  334  329  324  319  314  310  306  302  298  294  291  287  284
  281  278  275  272  269  267  264  262  260  257  255  253  251  249
    51.0 -15.0  30.0   1.0 450.0                            LAT/LON1/LON2/DLON/H
  457  447  437  428  419  410  402  394  386  379  372  365  358  352  346  340
  334  329  324  319  314  310  305  301  297  293  290  286  283  279  276  273
  270  268  265  263  260  258  255  253  251  249  247  245  243  241
    50.0 -15.0  30.0   1.0 450.0                            LAT/LON1/LON2/DLON/H
  431  422  413  404  396  388  381  373  366  360  353  347  341  335  329  324
  319  314  310  305  301  297  293  289  285  282  279  276  272  270  267  264
  262  259  257  254  252  250  248  246  244  242  240  238  237  235
    49.0 -15.0  30.0   1.0 450.0                            LAT/LON1/LON2/DLON/H
  406  398  390  382  375  368  361  354  348  342  336  330  325  320  315  310
  305  301  297  293  289  285  282  278  275  272  269  266  264  261  259  256
  254  252  249  247  245  243  242  240  238  236  235  233  232  230
    48.0 -15.0  30.0   1.0 450.0                            LAT/LON1/LON2/DLON/H
  384  376  369  362  355  349  343  337  331  325  320  315  310  306  301  297
  293  289  285  282  278  275  272  269  266  264  261  258  256  254  252  249
  247  245  244  242  240  238  237  235  234  232  231  229  228  226
    47.0 -15.0  30.0   1.0 450.0                            LAT/LON1/LON2/DLON/H
  363  356  350  343  337  332  326  321  316  311  306  302  297  293  289  285
  282  278  275  272  269  266  264  261  259  256  254  252  250  248  246  244
  242  241  239  237  236  234  233  232  230  229  228  226  225  224
    46.0 -15.0  30.0   1.0 450.0                            LAT/LON1/LON2/DLON/H
  344  338  332  326  321  316  311  306  302  297  293  289  286  282  279  275
  272  269  266  264  261  259  257  254  252  250  248  246  245  243  241  240
  238  237  235  234  233  232  230  229  228  227  226  225  224  223
    45.0 -15.0  30.0   1.0 450.0                            LAT/LON1/LON2/DLON/H
  326  321  316  311  306  302  297  293  289  286  282  279  275  272  269  267
  264  261  259  257  255  253  251  249  247  245  244  242  241  239  238  237
  236  234  233  232  231  230  229  228  227  226  225  224  223  223
    44.0 -15.0  30.0   1.0 450.0                            LAT/LON1/LON2/DLON/H
  310  306  301  297  293  289  285  282  278  275  272  269  267  264  262  259
  257  255  253  251  249  248  246  245  243  242  241  239  238  237  236  235
  234  233  232  231  230  230  229  228  227  227  226  225  224  224
    43.0 -15.0  30.0   1.0 450.0                            LAT/LON1/LON2/DLON/H
  296  292  288  285  281  278  275  272  269  266  264  261  259  257  255  253
  251  250  248  247  245  244  243  242  241  239  239  238  237  236  235  234
  234  233  232  232  231  230  230  229  229  228  228  227  227  226
    42.0 -15.0  30.0   1.0 450.0                            LAT/LON1/LON2/DLON/H
  284  281  277  274  271  269  266  264  261  259  257  255  253  252  250  249
  247  246  245  244  243  242  241  240  239  238  238  237  237  236  235  235
  235  234  234  233  233  232  232  232  231  231  231  230  230  229
    41.0 -15.0  30.0   1.0 450.0                            LAT/LON1/LON2/DLON/H
  274  271  268  266  263  261  259  257  255  253  252  250  249  248  246  245
  244  243  243  242  241  241  240  239  239  239  238  238  238  237  237  237
  237  236  236  236  236  236  235  235  235  235  235  234  234  234
    40.0 -15.0  30.0   1.0 450.0                            LAT/LON1/LON2/DLON/H
  265  263  260  258  257  255  253  252  250  249  248  247  246  245  244  243
  243  242  242  241  241  241  240  240  240  240  240  240  240  240  240  240
  240  240  240  240  240  240  240  240  240  240  240  240  240  240
    39.0 -15.0  30.0   1.0 450.0                            LAT/LON1/LON2/DLON/H
  258  256  255  253  252  250  249  248  247  246  245  245  244  244  243  243
  243  242  242  242  242  242  242  242  243  243  243  243  243  244  244  244
  244  244  245  245  245  245  245  246  246  246  246  246  246  246
    38.0 -15.0  30.0   1.0 450.0                            LAT/LON1/LON2/DLON/H
  253  252  250  249  248  247  247  246  245  245  245  244  244  244  244  244
  244  244  244  244  245  245  245  246  246  247  247  247  248  248  249  249
  250  250  251  251  251  252  252  252  253  253  253  253  253  254
    37.0 -15.0  30.0   1.0 450.0                            LAT/LON1/LON2/DLON/H
  250  249  248  247  247  246  246  245  245  245  245  245  245  245  246  246
  246  247  247  248  248  249  250  250  251  252  252  253  254  254  255  256
  256  257  258  258  259  259  260  260  260  261  261  261  262  262
    36.0 -15.0  30.0   1.0 450.0                            LAT/LON1/LON2/DLON/H
  248  248  247  247  247  246  246  246  247  247  247  247  248  248  249  249
  250  251  252  252  253  254  255  256  257  258  259  260  261  261  262  263
  264  265  266  266  267  267  268  269  269  270  270  270  271  271
    35.0 -15.0  30.0   1.0 450.0                            LAT/LON1/LON2/DLON/H
  248  248  248  248  248  248  248  249  249  250  250  251  252  252  253  254
  255  256  257  258  259  261  262  263  264  265  266  267  268  270  271  272
  273  273  274  275  276  277  277  278  278  279  279  280  280  280
     8                                                      END OF TEC MAP      
     9                                                      START OF TEC MAP    
  2022     6    18    16     0     0                        EPOCH OF CURRENT MAP
    65.0 -15.0  30.0   1.0 450.0                            LAT/LON1/LON2/DLON/H
  938  927  917  907  897  888  879  870  862  854  846  839  832  825  819  813
  807  801  796  791  786  782  778  773  770  766  762  759  756  753  750  748
  745  743  741  739  737  735  733  731  730  728  727  726  724  723
    64.0 -15.0  30.0   1.0 450.0                            LAT/LON1/LON2/DLON/H
  875  864  854  844  835  826  817  809  801  793  786  779  772  765  759  754
  748  743  738  733  728  724  720  716  712  709  706  702  700  697  694  691
  689  687  685  683  681  679  677  675  674  672  671  669  668  667
    63.0 -15.0  30.0   1.0 450.0                            LAT/LON1/LON2/DLON/H
  815  805  795  786  776  768  759  751  744  736  729  723  716  710  704  699
  693  688  684  679  675  670  667  663  659  656  653  650  647  644  642  639
  637  635  632  630  629  627  625  623  622  620  619  617  616  614
    62.0 -15.0  30.0   1.0 450.0                            LAT/LON1/LON2/DLON/H
  759  750  740  731  722  714  706  698  691  684  677  671  664  659  653  648
  643  638  633  629  625  621  617  614  610  607  604  601  598  596  593  591
  588  586  584  582  580  578  577  575  573  572  570  569  567  566
    61.0 -15.0  30.0   1.0 450.0                            LAT/LON1/LON2/DLON/H
  707  698  689  680  672  664  656  649  642  635  629  622  617  611  606  601
  596  591  587  583  579  575  571  568  565  562  559  556  553  551  548  546
  544  542  539  537  536  534  532  530  529  527  525  524  522  521
    60.0 -15.0  30.0   1.0 450.0                            LAT/LON1/LON2/DLON/H
  659  650  641  633  625  617  610  603  596  590  584  578  573  567  562  557
  553  548  544  540  536  533  529  526  523  520  517  515  512  509  507  505
  503  500  498  496  495  493  491  489  487  486  484  483  481  479
    59.0 -15.0  30.0   1.0 450.0                            LAT/LON1/LON2/DLON/H
  614  606  598  590  582  575  568  561  555  549  543  537  532  527  522  518
  513  509  505  501  498  494  491  488  485  482  479  477  474  472  469  467
  465  463  461  459  457  455  453  451  450  448  446  445  443  442
    58.0 -15.0  30.0   1.0 450.0                            LAT/LON1/LON2/DLON/H
  573  565  557  550  542  536  529  523  517  511  505  500  495  490  486  481
  477  473  469  466  462  459  456  453  450  447  445  442  440  437  435  433
  431  428  426  425  423  421  419  417  415  414  412  410  409  407
    57.0 -15.0  30.0   1.0 450.0                            LAT/LON1/LON2/DLON/H
  535  528  520  513  506  500  493  487  482  476  471  466  461  457  453  448
  444  441  437  434  430  427  424  421  418  416  413  411  408  406  404  401
  399  397  395  393  391  390  388  386  384  382  381  379  377  376
    56.0 -15.0  30.0   1.0 450.0                            LAT/LON1/LON2/DLON/H
  501  493  486  480  473  467  461  455  450  445  440  435  431  426  422  418
  415  411  408  404  401  398  395  392  390  387  385  382  380  378  375  373
  371  369  367  365  363  361  360  358  356  354  352  351  349  347
    55.0 -15.0  30.0   1.0 450.0                            LAT/LON1/LON2/DLON/H
  469  462  455  449  443  437  432  426  421  416  412  407  403  399  395  391
  388  384  381  378  375  372  369  367  364  361  359  357  354  352  350  348
  346  344  342  340  338  336  334  332  331  329  327  325  324  322
    54.0 -15.0  30.0   1.0 450.0                            LAT/LON1/LON2/DLON/H
  440  433  427  421  416  410  405  400  395  391  386  382  378  374  371  367
  364  360  357  354  351  349  346  343  341  338  336  334  331  329  327  325
  323  321  319  317  315  313  312  310  308  306  305  303  301  300
    53.0 -15.0  30.0   1.0 450.0                            LAT/LON1/LON2/DLON/H
  414  408  402  396  391  386  381  376  372  367  363  359  356  352  348  345
  342  339  336  333  330  327  325  322  320  318  315  313  311  309  307  305
  303  301  299  297  295  293  292  290  288  286  285  283  281  280
    52.0 -15.0  30.0   1.0 450.0                            LAT/LON1/LON2/DLON/H
  390  384  379  373  368  364  359  355  351  347  343  339  335  332  329  326
  322  320  317  314  311  309  306  304  301  299  297  295  293  291  289  287
  285  283  281  279  277  276  274  272  271  269  267  266  264  263
    51.0 -15.0  30.0   1.0 450.0                            LAT/LON1/LON2/DLON/H
  368  363  358  353  348  344  340  336  332  328  324  321  317  314  311  308
  305  302  300  297  295  292  290  287  285  283  281  279  277  275  273  271
  269  267  265  264  262  260  259  257  255  254  252  251  249  248
    50.0 -15.0  30.0   1.0 450.0                            LAT/LON1/LON2/DLON/H
  348  344  339  335  330  326  322  318  315  311  308  305  301  298  295  293
  290  287  285  282  280  277  275  273  271  269  267  265  263  261  259  257
  255  254  252  250  249  247  245  244  242  241  240  238  237  235
    49.0 -15.0  30.0   1.0 450.0                            LAT/LON1/LON2/DLON/H
  331  326  322  318  314  310  307  303  300  296  293  290  287  284  282  279
  276  274  272  269  267  265  263  260  258  256  254  253  251  249  247  245
  244  242  240  239  237  236  234  233  232  230  229  228  226  225
    48.0 -15.0  30.0   1.0 450.0                            LAT/LON1/LON2/DLON/H
  315  311  307  303  300  296  293  289  286  283  280  278  275  272  270  267
  265  262  260  258  256  254  252  250  248  246  244  242  240  239  237  235
  234  232  231  229  228  227  225  224  223  222  220  219  218  217
    47.0 -15.0  30.0   1.0 450.0                            LAT/LON1/LON2/DLON/H
  301  297  294  290  287  284  280  277  275  272  269  266  264  261  259  257
