TPKL/IONOSPHERE/RIM221700.INX
     1.0            IONOSPHERE MAPS     GPS                 IONEX VERSION / TYPE
GPSEST V5.2         My agency/institute 20-JUL-22 14:56     PGM / RUN BY / DATE 
PPP_221700: Regional ionosphere model - RIM                 COMMENT             
My description text                                         DESCRIPTION         
  2022     6    19     0     0     0                        EPOCH OF FIRST MAP  
  2022     6    20     0     0     0                        EPOCH OF LAST MAP   
  7200                                                      INTERVAL            
    13                                                      # OF MAPS IN FILE   
  NONE                                                      MAPPING FUNCTION    
    10.0                                                    ELEVATION CUTOFF    
Undifferenced carrier phase and code                        OBSERVABLES USED    
     1                                                      # OF STATIONS       
    31                                                      # OF SATELLITES     
  6371.0                                                    BASE RADIUS         
     2                                                      MAP DIMENSION       
   450.0 450.0   0.0                                        HGT1 / HGT2 / DHGT  
    65.0  35.0  -1.0                                        LAT1 / LAT2 / DLAT  
   -15.0  30.0   1.0                                        LON1 / LON2 / DLON  
    -1                                                      EXPONENT            
TEC/RMS values in 0.1 TECU; 9999, if no value available     COMMENT             
List of stations:                                           COMMENT             
tpkl                                                        COMMENT             
                                                            END OF HEADER       
[from data line 889]
     8                                                      START OF TEC MAP    
  2022     6    19    14     0     0                        EPOCH OF CURRENT MAP
    65.0 -15.0  30.0   1.0 450.0                            LAT/LON1/LON2/DLON/H
 1280 1242 1205 1169 1133 1099 1066 1033 1002  971  941  912  884  857  831  806
  781  758  735  713  692  672  652  634  616  599  582  566  551  537  523  510
  498  486  475  465  455  445  436  428  420  413  406  399  393  388
    64.0 -15.0  30.0   1.0 450.0                            LAT/LON1/LON2/DLON/H
 1217 1180 1143 1108 1073 1040 1007  975  945  915  886  858  831  804  779  754
  731  708  686  665  645  625  607  589  572  556  540  525  511  497  484  472
  461  450  439  429  420  411  403  395  388  381  375  369  364  358
    63.0 -15.0  30.0   1.0 450.0                            LAT/LON1/LON2/DLON/H
 1156 1119 1084 1049 1016  983  951  920  890  861  833  806  780  755  730  707
  684  662  641  621  602  583  565  548  532  517  502  488  474  462  450  438
  427  417  408  398  390  382  374  367  361  354  349  343  338  334
    62.0 -15.0  30.0   1.0 450.0                            LAT/LON1/LON2/DLON/H
 1096 1061 1026  993  960  928  898  868  839  811  784  758  732  708  685  662
  640  619  599  580  562  544  527  511  496  482  468  454  442  430  419  408
  398  389  380  371  364  356  349  343  337  331  326  321  317  313
    61.0 -15.0  30.0   1.0 450.0                            LAT/LON1/LON2/DLON/H
 1039 1005  971  938  907  876  847  818  790  763  737  712  688  665  642  621
  600  580  561  543  526  509  493  478  464  450  437  425  413  402  392  382
  373  364  356  348  341  334  328  322  317  311  307  303  299  295
    60.0 -15.0  30.0   1.0 450.0                            LAT/LON1/LON2/DLON/H
  983  950  918  886  856  826  798  770  744  718  693  669  646  624  603  582
  563  544  526  509  493  477  462  448  435  422  410  398  388  377  368  359
  350  342  335  328  321  315  310  304  299  295  291  287  283  280
    59.0 -15.0  30.0   1.0 450.0                            LAT/LON1/LON2/DLON/H
  929  897  866  836  807  779  752  725  700  675  652  629  607  586  566  547
  528  511  494  478  462  448  434  421  408  397  385  375  365  356  347  339
  331  324  317  311  305  299  294  289  285  281  277  274  271  268
    58.0 -15.0  30.0   1.0 450.0                            LAT/LON1/LON2/DLON/H
  877  846  817  788  760  733  707  682  658  635  613  591  571  551  532  514
  496  480  464  449  435  421  409  396  385  374  364  354  345  337  329  321
  314  307  301  296  290  286  281  277  273  270  266  264  261  258
    57.0 -15.0  30.0   1.0 450.0                            LAT/LON1/LON2/DLON/H
  826  797  769  742  715  690  665  642  619  597  576  556  536  518  500  483
  467  452  437  423  410  398  386  375  364  354  345  336  328  320  313  306
  300  294  288  283  278  274  270  267  263  260  257  255  253  250
    56.0 -15.0  30.0   1.0 450.0                            LAT/LON1/LON2/DLON/H
  778  750  723  698  673  649  625  603  582  561  541  523  505  487  471  455
  440  426  412  399  387  376  365  355  345  336  328  320  312  305  299  293
  287  282  277  272  268  265  261  258  255  252  250  248  246  244
    55.0 -15.0  30.0   1.0 450.0                            LAT/LON1/LON2/DLON/H
  731  705  679  655  632  609  587  567  547  527  509  491  475  459  443  429
  415  402  389  378  367  356  346  337  328  320  312  305  298  292  286  281
  276  271  267  263  260  256  253  251  248  246  244  242  240  239
    54.0 -15.0  30.0   1.0 450.0                            LAT/LON1/LON2/DLON/H
  685  661  637  615  593  572  551  532  513  496  478  462  447  432  418  404
  392  380  368  358  348  338  329  321  313  306  299  292  286  281  276  271
  267  263  259  256  252  250  247  245  243  241  239  237  236  235
    53.0 -15.0  30.0   1.0 450.0                            LAT/LON1/LON2/DLON/H
  642  619  597  576  555  536  517  499  482  465  450  435  421  407  394  382
  370  359  349  339  330  322  314  306  299  293  287  281  276  271  266  262
  258  255  252  249  246  244  242  240  238  236  235  234  232  231
    52.0 -15.0  30.0   1.0 450.0                            LAT/LON1/LON2/DLON/H
  600  579  558  539  520  502  485  468  452  437  423  409  396  384  372  361
  350  341  331  323  314  307  300  293  287  281  276  271  266  262  258  254
  251  248  245  243  241  239  237  235  234  232  231  230  229  229
    51.0 -15.0  30.0   1.0 450.0                            LAT/LON1/LON2/DLON/H
  560  540  521  503  486  470  454  439  424  410  397  385  373  362  351  341
  332  323  315  307  300  293  287  281  275  270  266  261  257  254  250  247
  245  242  240  238  236  234  233  232  230  229  228  228  227  226
    50.0 -15.0  30.0   1.0 450.0                            LAT/LON1/LON2/DLON/H
  522  504  486  470  454  439  425  411  398  385  373  362  352  342  332  323
  315  307  300  293  286  280  275  270  265  261  257  253  250  247  244  241
  239  237  235  233  232  231  229  228  227  227  226  225  225  224
    49.0 -15.0  30.0   1.0 450.0                            LAT/LON1/LON2/DLON/H
  485  469  453  438  424  410  397  385  373  362  351  341  332  323  314  306
  299  292  286  280  274  269  264  260  256  252  249  246  243  240  238  236
  234  232  231  229  228  227  226  226  225  224  224  223  223  223
    48.0 -15.0  30.0   1.0 450.0                            LAT/LON1/LON2/DLON/H
  451  436  422  408  396  383  372  360  350  340  330  322  313  305  298  291
  285  278  273  268  263  258  254  251  247  244  241  239  236  234  233  231
  229  228  227  226  225  224  224  223  223  222  222  222  222  222
    47.0 -15.0  30.0   1.0 450.0                            LAT/LON1/LON2/DLON/H
  419  405  393  380  369  358  348  338  328  320  311  303  296  289  283  277
  271  266  261  257  253  249  246  242  240  237  235  233  231  229  228  227
  225  225  224  223  222  222  222  221  221  221  221  221  221  221
    46.0 -15.0  30.0   1.0 450.0                            LAT/LON1/LON2/DLON/H
  388  377  365  354  344  335  325  317  309  301  294  287  280  274  269  264
  259  255  251  247  244  240  238  235  233  231  229  227  226  225  224  223
  222  222  221  221  220  220  220  220  220  220  220  220  220  220
    45.0 -15.0  30.0   1.0 450.0                            LAT/LON1/LON2/DLON/H
  360  350  340  330  322  313  305  297  290  284  277  272  266  261  256  252
  248  245  241  238  235  233  231  229  227  225  224  223  222  221  220  220
  220  219  219  219  219  219  219  219  219  219  220  220  220  220
    44.0 -15.0  30.0   1.0 450.0                            LAT/LON1/LON2/DLON/H
  335  325  317  309  301  293  287  280  274  268  263  258  254  249  245  242
  239  236  233  231  228  227  225  223  222  221  220  219  219  218  218  218
  218  218  218  218  218  218  218  219  219  219  220  220  221  221
    43.0 -15.0  30.0   1.0 450.0                            LAT/LON1/LON2/DLON/H
  311  303  296  289  282  276  270  265  259  255  250  246  242  239  236  233
  230  228  226  224  223  221  220  219  218  218  217  217  216  216  216  216
  216  217  217  217  218  218  219  219  220  220  221  221  222  223
    42.0 -15.0  30.0   1.0 450.0                            LAT/LON1/LON2/DLON/H
  290  284  277  271  266  261  256  251  247  243  239  236  233  230  228  226
  224  222  220  219  218  217  216  216  215  215  215  215  215  215  215  216
  216  217  217  218  218  219  220  221  221  222  223  224  224  225
    41.0 -15.0  30.0   1.0 450.0                            LAT/LON1/LON2/DLON/H
  272  267  261  256  252  247  243  240  236  233  230  228  225  223  221  220
  218  217  216  215  215  214  214  214  214  214  214  214  215  215  216  216
  217  218  219  219  220  221  222  223  224  225  226  227  228  228
    40.0 -15.0  30.0   1.0 450.0                            LAT/LON1/LON2/DLON/H
  257  252  248  244  240  236  233  230  228  225  223  221  219  218  217  216
  215  214  214  213  213  213  213  213  213  214  214  215  216  216  217  218
  219  220  221  222  223  224  225  226  227  229  230  231  232  233
    39.0 -15.0  30.0   1.0 450.0                            LAT/LON1/LON2/DLON/H
  244  240  237  233  230  228  225  223  221  219  218  217  216  215  214  213
  213  213  213  213  213  213  213  214  215  215  216  217  218  219  220  221
  222  223  225  226  227  228  230  231  232  234  235  236  238  239
    38.0 -15.0  30.0   1.0 450.0                            LAT/LON1/LON2/DLON/H
  234  231  228  226  224  222  220  218  217  216  215  214  213  213  213  213
  213  213  213  214  214  215  215  216  217  218  219  220  222  223  224  225
  227  228  230  231  233  234  236  237  239  240  242  243  244  246
    37.0 -15.0  30.0   1.0 450.0                            LAT/LON1/LON2/DLON/H
  226  224  222  221  219  218  217  216  215  214  214  214  213  213  214  214
  214  215  215  216  217  218  219  220  221  223  224  225  227  228  230  231
  233  235  236  238  239  241  243  245  246  248  250  251  253  254
    36.0 -15.0  30.0   1.0 450.0                            LAT/LON1/LON2/DLON/H
  222  220  219  218  217  216  216  215  215  215  215  215  215  216  216  217
  218  219  220  221  222  223  224  226  227  229  230  232  233  235  237  239
  240  242  244  246  248  250  252  253  255  257  259  261  263  264
    35.0 -15.0  30.0   1.0 450.0                            LAT/LON1/LON2/DLON/H
  220  219  219  218  218  218  217  217  218  218  218  219  219  220  221  222
  223  224  225  227  228  230  231  233  235  236  238  240  242  244  246  248
  249  251  253  256  258  260  262  264  266  268  270  272  274  275
     8                                                      END OF TEC MAP      
     9                                                      START OF TEC MAP    
  2022     6    19    16     0     0                        EPOCH OF CURRENT MAP
    65.0 -15.0  30.0   1.0 450.0                            LAT/LON1/LON2/DLON/H
  911  889  868  848  828  809  791  774  758  742  728  714  700  687  675  664
  653  643  634  625  617  609  601  595  588  583  577  572  568  563  560  556
  553  550  548  546  544  542  541  540  539  538  537  537  537  537
    64.0 -15.0  30.0   1.0 450.0                            LAT/LON1/LON2/DLON/H
  838  817  797  777  758  740  723  707  691  677  663  649  637  625  614  603
  593  584  575  567  559  552  545  539  533  528  523  519  515  511  508  505
  502  500  498  496  494  493  492  491  490  490  490  489  489  489
    63.0 -15.0  30.0   1.0 450.0                            LAT/LON1/LON2/DLON/H
  771  750  731  712  694  677  661  646  631  617  604  591  579  568  558  548
  539  530  522  514  507  501  495  489  484  480  475  472  468  465  462  459
  457  455  453  452  451  450  449  448  448  447  447  447  447  447
    62.0 -15.0  30.0   1.0 450.0                            LAT/LON1/LON2/DLON/H
  709  689  671  653  636  620  605  590  576  563  551  539  528  518  508  499
  490  482  475  468  462  456  451  446  441  437  433  430  427  424  422  420
  418  416  415  413  412  412  411  411  410  410  410  410  410  410
    61.0 -15.0  30.0   1.0 450.0                            LAT/LON1/LON2/DLON/H
  652  634  616  599  583  568  554  540  527  515  503  492  482  473  464  456
  448  441  434  428  422  417  412  407  403  400  397  394  391  389  387  385
  383  382  381  380  379  379  378  378  378  378  378  378  378  378
    60.0 -15.0  30.0   1.0 450.0                            LAT/LON1/LON2/DLON/H
  601  583  567  551  536  522  508  495  483  472  461  451  442  433  425  417
  410  404  398  392  387  382  378  374  371  368  365  362  360  358  356  355
  354  353  352  351  351  350  350  350  350  350  350  350  350  350
    59.0 -15.0  30.0   1.0 450.0                            LAT/LON1/LON2/DLON/H
  554  538  522  507  493  480  468  456  445  434  424  415  407  399  391  384
  378  372  367  362  357  353  349  346  343  340  338  336  334  332  331  330
  329  328  327  326  326  326  326  326  326  326  326  326  326  326
    58.0 -15.0  30.0   1.0 450.0                            LAT/LON1/LON2/DLON/H
  512  497  482  469  456  443  432  421  411  401  392  384  376  369  362  356
  350  345  340  336  332  328  325  322  319  317  315  313  312  310  309  308
  307  307  306  306  305  305  305  305  305  305  305  305  306  306
    57.0 -15.0  30.0   1.0 450.0                            LAT/LON1/LON2/DLON/H
  475  461  447  434  422  411  400  390  381  372  364  356  349  343  337  331
  326  322  317  314  310  307  304  302  299  297  296  294  293  292  291  290
  289  289  289  288  288  288  288  288  288  288  288  288  288  288
    56.0 -15.0  30.0   1.0 450.0                            LAT/LON1/LON2/DLON/H
  442  428  416  404  393  383  373  364  355  347  340  333  327  321  316  311
  306  302  298  295  292  289  287  285  283  281  280  279  278  277  276  275
  275  274  274  274  274  274  273  273  273  273  273  273  274  274
    55.0 -15.0  30.0   1.0 450.0                            LAT/LON1/LON2/DLON/H
  412  400  388  378  368  358  349  341  333  326  319  313  308  303  298  293
  290  286  283  280  277  275  273  271  269  268  267  266  265  264  264  263
  263  262  262  262  262  262  262  262  261  261  261  261  261  261
    54.0 -15.0  30.0   1.0 450.0                            LAT/LON1/LON2/DLON/H
  386  375  364  355  345  337  329  321  314  308  302  297  292  287  283  279
  276  273  270  267  265  263  261  260  259  257  256  256  255  254  254  253
  253  253  252  252  252  252  252  252  252  252  251  251  251  251
    53.0 -15.0  30.0   1.0 450.0                            LAT/LON1/LON2/DLON/H
  363  353  343  334  326  318  311  305  298  293  288  283  278  274  271  267
  264  262  259  257  255  254  252  251  250  249  248  247  247  246  246  245
  245  245  245  244  244  244  244  244  244  243  243  243  243  242
    52.0 -15.0  30.0   1.0 450.0                            LAT/LON1/LON2/DLON/H
  343  333  325  317  309  303  296  290  285  280  275  271  267  264  261  258
  255  253  251  249  248  246  245  244  243  242  241  241  240  240  239  239
  239  239  238  238  238  238  238  237  237  237  237  236  236  236
    51.0 -15.0  30.0   1.0 450.0                            LAT/LON1/LON2/DLON/H
  325  316  309  302  295  289  283  278  273  269  265  261  258  255  252  250
  248  246  244  243  241  240  239  238  237  237  236  236  235  235  235  234
  234  234  233  233  233  233  232  232  232  232  231  231  230  230
    50.0 -15.0  30.0   1.0 450.0                            LAT/LON1/LON2/DLON/H
  309  302  295  289  283  277  273  268  264  260  257  253  251  248  246  244
  242  240  239  238  236  235  235  234  233  233  232  232  231  231  231  230
  230  230  230  229  229  229  228  228  228  227  227  226  226  225
    49.0 -15.0  30.0   1.0 450.0                            LAT/LON1/LON2/DLON/H
  295  289  283  277  272  267  263  259  256  252  249  247  244  242  240  239
  237  236  235  234  233  232  231  231  230  229  229  229  228  228  228  227
  227  227  227  226  226  226  225  225  224  224  223  223  222  222
    48.0 -15.0  30.0   1.0 450.0                            LAT/LON1/LON2/DLON/H
  283  277  272  267  263  259  255  252  249  246  244  241  239  238  236  235
  233  232  231  230  230  229  228  228  227  227  227  226  226  226  225  225
  225  224  224  224  223  223  223  222  222  221  221  220  220  219
    47.0 -15.0  30.0   1.0 450.0                            LAT/LON1/LON2/DLON/H
  272  267  263  259  255  251  248  245  243  241  239  237  235  234  232  231
