TPKL/IONOSPHERE/RIM221710.INX
     1.0            IONOSPHERE MAPS     GPS                 IONEX VERSION / TYPE
GPSEST V5.2         My agency/institute 20-JUL-22 15:00     PGM / RUN BY / DATE 
PPP_221710: Regional ionosphere model - RIM                 COMMENT             
My description text                                         DESCRIPTION         
  2022     6    20     0     0     0                        EPOCH OF FIRST MAP  
  2022     6    21     0     0     0                        EPOCH OF LAST MAP   
  7200                                                      INTERVAL            
    13                                                      # OF MAPS IN FILE   
  NONE                                                      MAPPING FUNCTION    
    10.0                                                    ELEVATION CUTOFF    
Undifferenced carrier phase and code                        OBSERVABLES USED    
     1                                                      # OF STATIONS       
    12                                                      # OF SATELLITES     
  6371.0                                                    BASE RADIUS         
     2                                                      MAP DIMENSION       
   450.0 450.0   0.0                                        HGT1 / HGT2 / DHGT  
    65.0  35.0  -1.0                                        LAT1 / LAT2 / DLAT  
   -15.0  30.0   1.0                                        LON1 / LON2 / DLON  
    -1                                                      EXPONENT            
TEC/RMS values in 0.1 TECU; 9999, if no value available     COMMENT             
List of stations:                                           COMMENT             
tpkl                                                        COMMENT             
                                                            END OF HEADER       
[from data line 254]
     3                                                      START OF TEC MAP    
  2022     6    20     4     0     0                        EPOCH OF CURRENT MAP
    65.0 -15.0  30.0   1.0 450.0                            LAT/LON1/LON2/DLON/H
 9999 9999 9999 9999 9999 9999 9999 9999 9999 9999 9999 9999 9999 9999 9999 9999
 9999 9999 9999 9999 9999 9999 9999 9999 9999 9999 9999-9767-9410-9063-8727-8399
-8082-7774-7475-7185-6904-6632-6369-6114-5867-5629-5399-5177-4963-4757
    64.0 -15.0  30.0   1.0 450.0                            LAT/LON1/LON2/DLON/H
 9999 9999 9999 9999 9999 9999 9999 9999 9999 9999 9999 9999 9999 9999 9999 9999
 9999 9999 9999 9999 9999 9999 9999 9999-9653-9289-8935-8591-8256-7932-7617-7311
-7014-6726-6448-6177-5916-5663-5418-5181-4952-4731-4518-4313-4115-3924
    63.0 -15.0  30.0   1.0 450.0                            LAT/LON1/LON2/DLON/H
 9999 9999 9999 9999 9999 9999 9999 9999 9999 9999 9999 9999 9999 9999 9999 9999
 9999 9999 9999 9999-9960-9580-9210-8850-8501-8161-7831-7511-7200-6898-6605-6321
-6046-5779-5521-5271-5029-4795-4569-4351-4140-3936-3740-3551-3369-3194
    62.0 -15.0  30.0   1.0 450.0                            LAT/LON1/LON2/DLON/H
 9999 9999 9999 9999 9999 9999 9999 9999 9999 9999 9999 9999 9999 9999 9999 9999
 9999-9915-9531-9158-8794-8441-8098-7765-7441-7126-6821-6525-6237-5959-5689-5427
-5173-4928-4690-4460-4238-4024-3816-3616-3423-3237-3058-2885-2720-2560
    61.0 -15.0  30.0   1.0 450.0                            LAT/LON1/LON2/DLON/H
 9999 9999 9999 9999 9999 9999 9999 9999 9999 9999 9999 9999 9999 9999-9878-9492
-9116-8751-8396-8051-7716-7391-7075-6768-6470-6181-5900-5628-5365-5109-4862-4623
-4391-4167-3950-3740-3538-3342-3153-2971-2796-2627-2465-2309-2159-2015
    60.0 -15.0  30.0   1.0 450.0                            LAT/LON1/LON2/DLON/H
 9999 9999 9999 9999 9999 9999 9999 9999 9999 9999 9999-9833-9447-9071-8706-8352
-8007-7672-7347-7031-6724-6426-6137-5857-5585-5321-5066-4818-4578-4346-4121-3904
-3694-3490-3294-3104-2921-2744-2574-2410-2252-2100-1954-1814-1679-1550
    59.0 -15.0  30.0   1.0 450.0                            LAT/LON1/LON2/DLON/H
 9999 9999 9999 9999 9999 9999 9999 9999-9764-9381-9008-8645-8293-7950-7618-7295
-6981-6676-6380-6093-5815-5545-5283-5029-4783-4544-4313-4090-3873-3664-3461-3266
-3076-2894-2717-2547-2383-2224-2072-1925-1784-1648-1518-1393-1273-1159
    58.0 -15.0  30.0   1.0 450.0                            LAT/LON1/LON2/DLON/H
 9999 9999 9999 9999 9999-9659-9281-8912-8554-8206-7868-7540-7221-6912-6611-6319
-6036-5762-5495-5237-4986-4744-4509-4281-4060-3846-3639-3439-3246-3059-2878-2703
-2534-2371-2214-2062-1916-1776-1640-1510-1385-1265-1150-1040 -934 -834
    57.0 -15.0  30.0   1.0 450.0                            LAT/LON1/LON2/DLON/H
 9999-9885-9504-9132-8771-8420-8079-7748-7426-7114-6811-6517-6231-5954-5685-5424
-5172-4927-4689-4459-4236-4020-3811-3608-3412-3223-3039-2862-2690-2525-2365-2210
-2061-1917-1778-1645-1516-1392-1273-1159-1049 -944 -843 -747 -655 -567
    56.0 -15.0  30.0   1.0 450.0                            LAT/LON1/LON2/DLON/H
-8923-8572-8230-7899-7577-7265-6961-6667-6381-6104-5835-5574-5321-5076-4838-4608
-4385-4169-3960-3757-3560-3370-3186-3008-2836-2670-2509-2353-2203-2057-1917-1782
-1651-1526-1405-1288-1176-1068 -964 -865 -770 -678 -591 -508 -428 -352
    55.0 -15.0  30.0   1.0 450.0                            LAT/LON1/LON2/DLON/H
-7654-7344-7043-6751-6468-6193-5927-5668-5418-5175-4940-4712-4491-4277-4069-3868
-3674-3486-3303-3127-2956-2791-2631-2477-2327-2183-2043-1908-1778-1652-1530-1413
-1301-1192-1087 -986 -890 -797 -707 -622 -540 -462 -387 -316 -248 -183
    54.0 -15.0  30.0   1.0 450.0                            LAT/LON1/LON2/DLON/H
-6474-6205-5944-5690-5445-5207-4976-4753-4537-4327-4124-3928-3738-3553-3375-3203
-3036-2874-2718-2566-2420-2278-2141-2009-1881-1757-1638-1522-1411-1303-1199-1099
-1003 -910 -820 -734 -652 -573 -497 -424 -354 -288 -225 -164 -107  -52
    53.0 -15.0  30.0   1.0 450.0                            LAT/LON1/LON2/DLON/H
-5385-5155-4933-4717-4508-4305-4109-3920-3736-3559-3387-3221-3060-2904-2754-2608
-2467-2331-2199-2071-1948-1828-1713-1601-1493-1389-1288-1191-1096-1006 -918 -834
 -752 -674 -599 -526 -457 -390 -326 -265 -207 -151  -98  -48    0   45
    52.0 -15.0  30.0   1.0 450.0                            LAT/LON1/LON2/DLON/H
-4389-4196-4011-3831-3657-3488-3325-3168-3016-2868-2726-2588-2455-2326-2202-2081
-1965-1852-1743-1638-1535-1437-1341-1249-1159-1073 -989 -909 -831 -755 -683 -613
 -545 -480 -417 -357 -300 -244 -191 -141  -92  -46   -2   39   78  115
    51.0 -15.0  30.0   1.0 450.0                            LAT/LON1/LON2/DLON/H
-3485-3328-3178-3032-2891-2754-2623-2495-2373-2254-2139-2028-1921-1817-1717-1620
-1526-1435-1347-1262-1179-1100-1022 -948 -875 -805 -737 -672 -608 -547 -488 -430
 -375 -322 -271 -222 -175 -129  -86  -45   -5   32   68  101  133  163
    50.0 -15.0  30.0   1.0 450.0                            LAT/LON1/LON2/DLON/H
-2673-2551-2433-2319-2209-2102-2000-1901-1805-1713-1623-1537-1454-1373-1295-1219
-1146-1075-1007 -940 -875 -813 -752 -693 -636 -581 -527 -475 -424 -376 -328 -283
 -239 -196 -155 -116  -78  -41   -6   27   58   89  117  144  169  193
    49.0 -15.0  30.0   1.0 450.0                            LAT/LON1/LON2/DLON/H
-1954-1863-1776-1691-1609-1531-1455-1381-1311-1242-1176-1112-1051 -991 -933 -877
 -822 -769 -718 -668 -619 -572 -526 -481 -438 -396 -354 -314 -275 -237 -201 -165
 -130  -97  -65  -34   -4   25   52   78  103  127  150  171  191  209
    48.0 -15.0  30.0   1.0 450.0                            LAT/LON1/LON2/DLON/H
-1326-1264-1204-1146-1090-1036 -984 -934 -886 -839 -794 -750 -708 -667 -627 -588
 -550 -513 -477 -442 -407 -373 -340 -308 -276 -245 -215 -185 -156 -128 -100  -73
  -47  -21    3   27   50   73   94  114  134  152  169  186  201  216
    47.0 -15.0  30.0   1.0 450.0                            LAT/LON1/LON2/DLON/H
 -788 -751 -715 -681 -648 -617 -586 -557 -528 -501 -474 -448 -422 -397 -373 -349
 -326 -302 -279 -257 -234 -212 -190 -169 -147 -126 -105  -84  -63  -43  -23   -3
   16   35   54   72   89  106  122  137  152  166  180  192  204  215
    46.0 -15.0  30.0   1.0 450.0                            LAT/LON1/LON2/DLON/H
 -336 -322 -308 -294 -281 -269 -257 -245 -234 -222 -211 -200 -189 -178 -167 -156
 -145 -133 -121 -109  -97  -85  -72  -59  -46  -33  -19   -6    8   22   35   49
   63   76   89  102  115  128  140  151  162  173  183  192  201  209
    45.0 -15.0  30.0   1.0 450.0                            LAT/LON1/LON2/DLON/H
   31   27   22   18   15   11    8    4    2   -1   -3   -4   -5   -6   -5   -5
   -3   -1    1    4    8   13   18   24   30   37   44   52   60   68   77   86
   95  104  114  123  132  141  150  158  167  174  182  189  196  202
    44.0 -15.0  30.0   1.0 450.0                            LAT/LON1/LON2/DLON/H
  317  298  279  261  243  227  211  196  182  169  156  145  134  125  116  109
  102   97   92   89   86   85   84   84   85   87   90   93   97  101  106  111
  117  123  129  135  142  148  155  161  167  173  179  184  189  194
    43.0 -15.0  30.0   1.0 450.0                            LAT/LON1/LON2/DLON/H
  527  495  465  436  409  382  357  334  311  290  270  251  234  218  203  189
  177  166  156  148  141  135  130  126  123  121  120  120  121  123  125  127
  131  134  138  143  147  152  156  161  166  170  174  179  182  186
    42.0 -15.0  30.0   1.0 450.0                            LAT/LON1/LON2/DLON/H
  664  624  587  550  516  483  452  422  394  367  342  319  297  277  258  240
  224  210  197  185  175  166  158  152  147  142  139  137  136  136  136  137
  138  141  143  146  149  153  156  160  163  167  171  174  177  180
    41.0 -15.0  30.0   1.0 450.0                            LAT/LON1/LON2/DLON/H
  733  689  647  607  569  533  499  466  435  406  379  353  329  306  285  266
  248  232  217  204  192  182  173  165  159  153  149  146  144  142  142  142
  142  144  145  147  150  153  156  159  162  165  168  171  174  177
    40.0 -15.0  30.0   1.0 450.0                            LAT/LON1/LON2/DLON/H
  740  695  653  613  574  538  504  471  440  411  383  357  333  311  290  270
  253  236  222  208  197  186  177  169  162  157  152  149  146  144  144  143
  144  145  146  148  150  153  155  158  161  164  167  170  173  175
    39.0 -15.0  30.0   1.0 450.0                            LAT/LON1/LON2/DLON/H
  690  648  609  572  536  503  471  441  412  386  361  337  315  294  275  258
  241  227  213  201  190  181  173  166  160  155  151  148  146  144  144  144
  144  145  147  149  151  153  156  159  162  165  168  171  173  176
    38.0 -15.0  30.0   1.0 450.0                            LAT/LON1/LON2/DLON/H
  589  554  521  490  460  433  406  381  358  336  315  296  278  261  245  231
  218  206  195  185  177  169  163  157  153  149  146  144  143  143  143  143
  144  146  148  150  153  155  158  161  164  167  170  173  176  179
    37.0 -15.0  30.0   1.0 450.0                            LAT/LON1/LON2/DLON/H
  443  418  395  373  353  333  315  298  282  267  252  239  227  215  204  195
  186  178  171  164  159  154  150  147  144  142  141  141  141  141  142  143
  145  147  150  152  155  158  161  164  168  171  174  177  180  183
    36.0 -15.0  30.0   1.0 450.0                            LAT/LON1/LON2/DLON/H
  260  248  237  228  219  210  202  195  188  182  176  170  165  160  156  152
  148  145  142  140  138  136  135  135  135  135  136  137  138  140  142  145
  147  150  153  156  159  162  166  169  172  176  179  182  185  188
    35.0 -15.0  30.0   1.0 450.0                            LAT/LON1/LON2/DLON/H
   45   49   54   59   64   69   74   78   83   87   90   94   97  100  103  105
  108  110  112  115  117  119  122  124  126  129  132  135  138  141  144  147
  150  154  157  160  164  167  171  174  178  181  184  187  190  193
     3                                                      END OF TEC MAP      
     4                                                      START OF TEC MAP    
  2022     6    20     6     0     0                        EPOCH OF CURRENT MAP
    65.0 -15.0  30.0   1.0 450.0                            LAT/LON1/LON2/DLON/H
 9999 9999 9999 9999 9999 9999 9999 9999 9999 9999 9999 9999 9999 9999 9999 9999
 9999 9999 9999 9999 9999 9999 9999-9735-9479-9233-8999-8777-8566-8367-8179-8002
-7837-7684-7542-7411-7293-7185-7090-7006-6934-6874-6826-6789-6765-6753
    64.0 -15.0  30.0   1.0 450.0                            LAT/LON1/LON2/DLON/H
 9999 9999 9999 9999 9999 9999 9999 9999 9999 9999 9999 9999 9999 9999 9999 9999
 9999-9966-9657-9359-9072-8796-8531-8277-8035-7803-7583-7373-7175-6987-6811-6646
-6492-6348-6216-6095-5986-5887-5799-5723-5658-5605-5563-5533-5514-5507
    63.0 -15.0  30.0   1.0 450.0                            LAT/LON1/LON2/DLON/H
 9999 9999 9999 9999 9999 9999 9999 9999 9999 9999 9999 9999 9999-9835-9500-9175
-8861-8559-8267-7985-7715-7455-7206-6967-6740-6523-6316-6120-5935-5760-5596-5443
-5300-5167-5045-4934-4834-4744-4665-4597-4539-4493-4457-4433-4419-4417
    62.0 -15.0  30.0   1.0 450.0                            LAT/LON1/LON2/DLON/H
 9999 9999 9999 9999 9999 9999 9999 9999 9999-9856-9498-9151-8814-8488-8172-7867
-7573-7288-7014-6751-6498-6255-6022-5799-5587-5385-5193-5011-4839-4677-4526-4384
-4253-4131-4020-3919-3828-3747-3677-3617-3567-3527-3498-3480-3472-3475
    61.0 -15.0  30.0   1.0 450.0                            LAT/LON1/LON2/DLON/H
 9999 9999 9999 9999 9999-9995-9618-9252-8897-8551-8216-7890-7575-7270-6975-6690
-6415-6150-5894-5649-5413-5187-4971-4765-4568-4381-4204-4036-3878-3730-3591-3462
-3342-3232-3131-3040-2959-2887-2825-2773-2731-2698-2676-2663-2660-2668
    60.0 -15.0  30.0   1.0 450.0                            LAT/LON1/LON2/DLON/H
 9999 9999-9828-9447-9076-8715-8364-8022-7690-7368-7056-6753-6459-6176-5901-5637
-5381-5135-4899-4672-4454-4246-4047-3857-3676-3504-3342-3188-3044-2909-2783-2666
-2558-2459-2369-2288-2216-2154-2100-2056-2021-1995-1979-1972-1975-1987
    59.0 -15.0  30.0   1.0 450.0                            LAT/LON1/LON2/DLON/H
-9321-8948-8585-8231-7887-7551-7225-6908-6600-6302-6012-5732-5460-5198-4945-4700
-4465-4239-4021-3813-3613-3422-3239-3066-2901-2745-2597-2458-2327-2205-2092-1987
-1891-1803-1723-1652-1590-1536-1491-1455-1427-1408-1397-1396-1404-1421
    58.0 -15.0  30.0   1.0 450.0                            LAT/LON1/LON2/DLON/H
-8132-7788-7452-7125-6807-6497-6196-5904-5620-5345-5079-4821-4572-4331-4099-3875
-3659-3452-3254-3063-2881-2707-2542-2384-2235-2094-1961-1836-1719-1610-1508-1415
-1330-1253-1184-1123-1070-1025 -987 -958 -937 -925 -920 -924 -936 -957
    57.0 -15.0  30.0   1.0 450.0                            LAT/LON1/LON2/DLON/H
-7049-6732-6424-6124-5832-5548-5273-5005-4745-4494-4250-4015-3787-3567-3356-3152
-2956-2768-2588-2415-2251-2094-1945-1803-1669-1542-1424-1312-1208-1112-1023 -941
 -867 -800 -741 -689 -645 -608 -578 -556 -542 -535 -536 -545 -561 -586
    56.0 -15.0  30.0   1.0 450.0                            LAT/LON1/LON2/DLON/H
-6067-5778-5497-5224-4958-4699-4448-4205-3969-3740-3519-3305-3099-2900-2709-2525
-2348-2178-2016-1861-1714-1573-1440-1313-1194-1082 -977 -878 -787 -703 -625 -555
 -491 -434 -385 -342 -305 -276 -254 -239 -230 -229 -235 -248 -268 -296
    55.0 -15.0  30.0   1.0 450.0                            LAT/LON1/LON2/DLON/H
-5181-4920-4666-4418-4178-3944-3717-3497-3284-3078-2879-2687-2501-2322-2151-1985
-1827-1676-1531-1393-1261-1136-1018 -906 -801 -703 -611 -525 -446 -373 -307 -246
 -193 -145 -104  -70  -41  -19   -4    6    9    5   -6  -22  -46  -77
    54.0 -15.0  30.0   1.0 450.0                            LAT/LON1/LON2/DLON/H
-4388-4153-3925-3703-3487-3277-3074-2877-2686-2502-2323-2152-1986-1827-1673-1527
-1386-1251-1123-1001 -885 -775 -672 -574 -482 -397 -317 -243 -175 -113  -57   -7
   38   76  109  136  157  173  182  186  184  176  162  141  115   82
    53.0 -15.0  30.0   1.0 450.0                            LAT/LON1/LON2/DLON/H
-3681-3472-3269-3071-2879-2692-2512-2336-2167-2003-1845-1693-1546-1405-1270-1140
-1017 -898 -786 -679 -578 -482 -392 -307 -228 -155  -86  -24   34   85  132  173
  209  240  265  285  300  309  314  312  306  294  276  253  225  190
    52.0 -15.0  30.0   1.0 450.0                            LAT/LON1/LON2/DLON/H
-3056-2872-2692-2518-2348-2184-2024-1870-1721-1577-1438-1304-1175-1051 -933 -820
 -712 -609 -511 -418 -331 -248 -171  -98  -31   31   89  141  189  231  269  302
  330  354  372  386  395  399  399  393  383  368  348  323  292  257
    51.0 -15.0  30.0   1.0 450.0                            LAT/LON1/LON2/DLON/H
-2507-2346-2189-2037-1888-1745-1606-1471-1341-1215-1094 -977 -865 -758 -655 -557
 -464 -375 -291 -212 -137  -66   -1   61  117  169  217  260  299  333  363  388
  410  427  439  447  451  451  446  438  424  406  384  358  326  290
    50.0 -15.0  30.0   1.0 450.0                            LAT/LON1/LON2/DLON/H
-2029-1889-1754-1622-1494-1370-1249-1133-1020 -912 -807 -707 -611 -518 -430 -346
 -266 -191 -119  -52   12   71  126  177  224  266  305  340  371  397  420  439
  454  466  473  477  476  472  464  453  437  417  394  366  334  299
    49.0 -15.0  30.0   1.0 450.0                            LAT/LON1/LON2/DLON/H
-1615-1497-1381-1268-1159-1053 -950 -850 -754 -661 -572 -486 -404 -326 -251 -180
 -112  -48   12   68  121  170  215  257  295  330  361  388  412  432  449  462
  472  478  481  481  477  470  459  445  428  407  383  355  324  289
    48.0 -15.0  30.0   1.0 450.0                            LAT/LON1/LON2/DLON/H
-1262-1162-1064 -969 -877 -787 -700 -616 -535 -457 -381 -309 -240 -174 -111  -52
    5   58  108  154  198  238  275  308  339  366  390  411  428  443  454  463
  468  471  470  466  460  450  438  423  404  383  359  331  301  267
    47.0 -15.0  30.0   1.0 450.0                            LAT/LON1/LON2/DLON/H
 -963 -880 -799 -720 -643 -568 -496 -425 -358 -293 -230 -170 -112  -57   -5   44
