TPKL/IONOSPHERE/RIM221700.INX
     1.0            IONOSPHERE MAPS     GPS                 IONEX VERSION / TYPE
GPSEST V5.2         My agency/institute 20-JUL-22 14:56     PGM / RUN BY / DATE 
PPP_221700: Regional ionosphere model - RIM                 COMMENT             
My description text                                         DESCRIPTION         
  2022     6    19     0     0     0                        EPOCH OF FIRST MAP  
  2022     6    20     0     0     0                        EPOCH OF LAST MAP   
  7200                                                      INTERVAL            
    13                                                      # OF MAPS IN FILE   
  NONE                                                      MAPPING FUNCTION    
    10.0                                                    ELEVATION CUTOFF    
Undifferenced carrier phase and code                        OBSERVABLES USED    
     1                                                      # OF STATIONS       
    31                                                      # OF SATELLITES     
  6371.0                                                    BASE RADIUS         
     2                                                      MAP DIMENSION       
   450.0 450.0   0.0                                        HGT1 / HGT2 / DHGT  
    65.0  35.0  -1.0                                        LAT1 / LAT2 / DLAT  
   -15.0  30.0   1.0                                        LON1 / LON2 / DLON  
    -1                                                      EXPONENT            
TEC/RMS values in 0.1 TECU; 9999, if no value available     COMMENT             
List of stations:                                           COMMENT             
tpkl                                                        COMMENT             
                                                            END OF HEADER       
     1                                                      START OF TEC MAP    
  2022     6    19     0     0     0                        EPOCH OF CURRENT MAP
    65.0 -15.0  30.0   1.0 450.0                            LAT/LON1/LON2/DLON/H
 2898 2897 2896 2893 2889 2885 2880 2874 2867 2859 2850 2841 2831 2820 2808 2796
 2783 2769 2754 2739 2724 2707 2691 2673 2655 2637 2618 2599 2579 2559 2539 2518
 2497 2476 2454 2432 2410 2388 2365 2343 2320 2297 2274 2251 2228 2205
    64.0 -15.0  30.0   1.0 450.0                            LAT/LON1/LON2/DLON/H
 2747 2745 2742 2739 2734 2729 2723 2716 2708 2699 2690 2680 2669 2657 2644 2631
 2617 2603 2588 2572 2555 2538 2521 2503 2484 2465 2446 2426 2406 2385 2364 2343
 2321 2299 2277 2255 2232 2210 2187 2164 2141 2118 2095 2072 2049 2026
    63.0 -15.0  30.0   1.0 450.0                            LAT/LON1/LON2/DLON/H
 2594 2591 2588 2584 2578 2572 2565 2557 2549 2539 2529 2518 2506 2494 2480 2466
 2452 2436 2420 2404 2387 2369 2351 2332 2313 2294 2274 2253 2232 2211 2190 2168
 2146 2124 2102 2079 2057 2034 2011 1988 1965 1942 1918 1895 1872 1849
    62.0 -15.0  30.0   1.0 450.0                            LAT/LON1/LON2/DLON/H
 2441 2438 2433 2428 2422 2415 2407 2399 2389 2379 2368 2356 2344 2330 2316 2302
 2286 2270 2254 2237 2219 2201 2182 2163 2143 2123 2103 2082 2061 2040 2018 1996
 1974 1952 1929 1906 1884 1861 1838 1815 1792 1769 1746 1723 1700 1677
    61.0 -15.0  30.0   1.0 450.0                            LAT/LON1/LON2/DLON/H
 2289 2284 2279 2273 2266 2259 2250 2241 2231 2220 2208 2195 2182 2168 2154 2138
 2122 2106 2089 2071 2053 2034 2015 1996 1976 1955 1935 1914 1892 1871 1849 1827
 1805 1782 1760 1737 1715 1692 1669 1646 1623 1601 1578 1556 1533 1511
    60.0 -15.0  30.0   1.0 450.0                            LAT/LON1/LON2/DLON/H
 2137 2132 2127 2120 2112 2104 2094 2084 2073 2062 2049 2036 2022 2008 1993 1977
 1961 1944 1926 1908 1890 1871 1851 1831 1811 1791 1770 1749 1727 1706 1684 1662
 1640 1618 1595 1573 1551 1528 1506 1483 1461 1439 1416 1394 1372 1351
    59.0 -15.0  30.0   1.0 450.0                            LAT/LON1/LON2/DLON/H
 1988 1983 1976 1968 1960 1951 1941 1930 1919 1906 1893 1880 1865 1850 1835 1819
 1802 1785 1767 1749 1730 1711 1691 1671 1651 1630 1610 1589 1567 1546 1524 1502
 1481 1459 1437 1415 1393 1371 1349 1327 1305 1283 1262 1240 1219 1198
    58.0 -15.0  30.0   1.0 450.0                            LAT/LON1/LON2/DLON/H
 1842 1835 1828 1820 1811 1801 1790 1779 1767 1754 1741 1727 1712 1697 1681 1664
 1647 1630 1612 1593 1574 1555 1536 1516 1496 1475 1455 1434 1413 1392 1370 1349
 1327 1306 1285 1263 1242 1220 1199 1178 1157 1136 1115 1095 1074 1054
    57.0 -15.0  30.0   1.0 450.0                            LAT/LON1/LON2/DLON/H
 1699 1692 1684 1675 1665 1655 1644 1632 1619 1606 1592 1578 1563 1547 1531 1514
 1497 1480 1462 1443 1424 1405 1386 1366 1346 1326 1306 1285 1265 1244 1223 1202
 1182 1161 1140 1119 1098 1078 1057 1037 1017  997  977  958  938  919
    56.0 -15.0  30.0   1.0 450.0                            LAT/LON1/LON2/DLON/H
 1560 1552 1543 1534 1524 1513 1501 1489 1476 1463 1449 1434 1419 1403 1387 1370
 1353 1335 1317 1299 1281 1262 1243 1223 1204 1184 1164 1144 1124 1104 1084 1064
 1044 1023 1003  984  964  944  925  905  886  867  848  830  812  794
    55.0 -15.0  30.0   1.0 450.0                            LAT/LON1/LON2/DLON/H
 1425 1417 1408 1398 1387 1376 1364 1352 1339 1325 1311 1296 1281 1265 1249 1232
 1215 1198 1180 1162 1144 1125 1106 1088 1068 1049 1030 1011  991  972  953  933
  914  895  876  857  838  820  801  783  765  747  730  713  696  679
    54.0 -15.0  30.0   1.0 450.0                            LAT/LON1/LON2/DLON/H
 1296 1287 1278 1267 1256 1245 1233 1220 1207 1193 1179 1164 1149 1133 1117 1101
 1084 1067 1049 1032 1014  996  978  960  941  923  904  886  867  849  830  812
  794  776  758  740  722  705  688  671  654  638  622  606  590  575
    53.0 -15.0  30.0   1.0 450.0                            LAT/LON1/LON2/DLON/H
 1172 1163 1153 1143 1131 1120 1108 1095 1081 1068 1053 1039 1024 1008  993  977
  960  944  927  910  893  875  858  840  823  805  788  770  752  735  718  700
  683  666  650  633  617  601  585  569  554  539  524  510  496  482
    52.0 -15.0  30.0   1.0 450.0                            LAT/LON1/LON2/DLON/H
 1055 1045 1035 1024 1013 1001  989  976  963  950  936  921  906  891  876  860
  845  829  812  796  780  763  747  730  713  697  680  664  647  631  615  599
  583  567  552  536  521  507  492  478  464  451  438  425  412  400
    51.0 -15.0  30.0   1.0 450.0                            LAT/LON1/LON2/DLON/H
  944  934  924  913  902  890  878  865  852  839  825  811  797  782  768  753
  738  722  707  691  676  660  644  629  613  598  582  567  552  537  522  507
  492  478  464  450  437  423  410  398  385  373  362  350  340  329
    50.0 -15.0  30.0   1.0 450.0                            LAT/LON1/LON2/DLON/H
  840  830  820  809  798  786  774  762  749  736  723  710  696  682  668  654
  639  625  610  596  581  566  552  537  523  508  494  480  466  452  439  426
  412  400  387  375  363  351  339  328  317  307  297  287  278  269
    49.0 -15.0  30.0   1.0 450.0                            LAT/LON1/LON2/DLON/H
  743  733  723  712  701  690  679  667  654  642  629  616  603  590  577  563
  550  536  523  509  496  482  469  455  442  429  416  403  391  378  366  354
  343  331  320  309  299  289  279  269  260  251  243  234  227  219
    48.0 -15.0  30.0   1.0 450.0                            LAT/LON1/LON2/DLON/H
  653  644  634  624  613  602  591  579  568  556  544  532  520  507  495  482
  470  457  445  432  420  407  395  383  371  360  348  337  325  314  304  293
  283  273  264  254  246  237  229  221  213  205  199  192  186  180
    47.0 -15.0  30.0   1.0 450.0                            LAT/LON1/LON2/DLON/H
  571  562  553  543  532  522  511  501  490  479  467  456  445  433  422  410
  399  387  376  365  353  342  331  321  310  300  290  280  270  260  251  242
  234  225  217  209  202  195  188  182  175  170  164  159  154  149
    46.0 -15.0  30.0   1.0 450.0                            LAT/LON1/LON2/DLON/H
  497  488  479  470  460  450  440  430  420  410  399  389  378  368  357  347
  337  326  316  306  296  287  277  268  258  249  241  232  224  216  208  201
  194  187  180  174  168  162  157  152  147  143  139  135  131  128
    45.0 -15.0  30.0   1.0 450.0                            LAT/LON1/LON2/DLON/H
  431  422  414  405  396  387  377  368  359  349  340  330  321  311  302  293
  284  275  266  257  248  240  232  224  216  208  201  194  187  180  174  168
  162  157  152  147  142  138  134  131  127  124  121  119  117  115
    44.0 -15.0  30.0   1.0 450.0                            LAT/LON1/LON2/DLON/H
  372  364  356  348  340  331  323  314  306  297  289  280  272  264  255  247
  239  232  224  216  209  202  195  188  182  176  170  164  159  154  149  144
  140  136  132  128  125  122  119  117  115  113  111  110  109  108
    43.0 -15.0  30.0   1.0 450.0                            LAT/LON1/LON2/DLON/H
  321  314  306  299  291  284  276  268  261  253  246  238  231  224  217  210
  203  197  190  184  178  172  167  161  156  151  147  142  138  134  131  128
  125  122  119  117  115  113  112  110  109  109  108  108  108  108
    42.0 -15.0  30.0   1.0 450.0                            LAT/LON1/LON2/DLON/H
  277  270  264  257  250  244  237  230  224  217  211  204  198  192  186  181
  175  170  165  160  155  150  146  142  138  134  131  128  125  123  120  118
  116  115  113  112  111  110  110  110  110  110  110  111  111  112
    41.0 -15.0  30.0   1.0 450.0                            LAT/LON1/LON2/DLON/H
  240  234  228  223  217  211  205  199  194  188  183  178  173  168  163  158
  154  150  146  142  139  135  132  129  127  124  122  120  118  117  116  115
  114  113  113  113  113  113  113  114  114  115  116  117  119  120
    40.0 -15.0  30.0   1.0 450.0                            LAT/LON1/LON2/DLON/H
  210  205  200  195  190  185  180  175  171  166  162  158  154  150  146  143
  140  137  134  131  129  127  125  123  121  120  119  118  117  117  116  116
  116  117  117  118  118  119  120  122  123  124  126  127  129  131
    39.0 -15.0  30.0   1.0 450.0                            LAT/LON1/LON2/DLON/H
  187  182  178  174  170  166  162  158  154  151  147  144  141  139  136  134
  131  129  128  126  125  123  122  122  121  121  121  121  121  121  122  122
  123  124  125  126  128  129  131  132  134  136  138  139  141  143
    38.0 -15.0  30.0   1.0 450.0                            LAT/LON1/LON2/DLON/H
  169  165  162  158  155  152  149  146  143  141  139  136  134  133  131  129
  128  127  126  126  125  125  125  125  125  126  126  127  128  129  130  131
  133  134  136  137  139  141  143  144  146  148  150  152  154  156
    37.0 -15.0  30.0   1.0 450.0                            LAT/LON1/LON2/DLON/H
  156  154  151  148  146  144  141  139  138  136  134  133  132  131  130  130
  129  129  129  129  130  130  131  132  132  134  135  136  137  139  141  142
  144  146  148  150  151  153  155  157  159  161  163  165  167  169
    36.0 -15.0  30.0   1.0 450.0                            LAT/LON1/LON2/DLON/H
  149  147  145  143  141  140  138  137  136  135  135  134  134  134  134  134
  134  135  135  136  137  138  139  141  142  144  145  147  149  151  153  154
  156  158  160  162  164  166  168  170  172  173  175  177  178  179
    35.0 -15.0  30.0   1.0 450.0                            LAT/LON1/LON2/DLON/H
  145  144  143  141  140  140  139  139  138  138  138  138  139  139  140  141
  141  143  144  145  147  148  150  151  153  155  157  159  161  163  165  167
  169  171  173  175  176  178  180  181  183  184  185  186  187  188
     1                                                      END OF TEC MAP      
     2                                                      START OF TEC MAP    
  2022     6    19     2     0     0                        EPOCH OF CURRENT MAP
    65.0 -15.0  30.0   1.0 450.0                            LAT/LON1/LON2/DLON/H
 3510 3499 3487 3474 3460 3445 3429 3413 3395 3377 3357 3337 3317 3295 3273 3250
 3227 3203 3178 3153 3127 3101 3074 3047 3020 2992 2964 2936 2907 2878 2849 2820
 2790 2761 2731 2701 2672 2642 2612 2582 2552 2523 2493 2464 2434 2405
    64.0 -15.0  30.0   1.0 450.0                            LAT/LON1/LON2/DLON/H
 3351 3339 3326 3312 3297 3281 3264 3246 3228 3208 3188 3167 3145 3123 3100 3076
 3052 3027 3002 2976 2949 2922 2895 2867 2839 2811 2783 2754 2725 2695 2666 2636
 2607 2577 2547 2517 2487 2458 2428 2398 2368 2339 2309 2280 2251 2222
    63.0 -15.0  30.0   1.0 450.0                            LAT/LON1/LON2/DLON/H
 3187 3174 3159 3144 3128 3111 3094 3075 3055 3035 3014 2992 2970 2946 2923 2898
 2873 2848 2821 2795 2768 2741 2713 2685 2656 2628 2599 2570 2540 2511 2481 2452
 2422 2392 2363 2333 2303 2273 2244 2214 2185 2156 2127 2098 2069 2041
    62.0 -15.0  30.0   1.0 450.0                            LAT/LON1/LON2/DLON/H
 3018 3004 2989 2973 2956 2938 2919 2900 2879 2858 2836 2814 2791 2767 2742 2717
 2692 2666 2639 2612 2585 2557 2529 2501 2472 2443 2414 2385 2356 2326 2297 2267
 2238 2208 2179 2149 2120 2090 2061 2032 2003 1975 1946 1918 1890 1862
    61.0 -15.0  30.0   1.0 450.0                            LAT/LON1/LON2/DLON/H
 2847 2832 2816 2799 2781 2762 2743 2722 2701 2679 2657 2634 2610 2585 2560 2535
 2509 2483 2456 2429 2401 2373 2345 2317 2288 2259 2230 2201 2172 2143 2113 2084
 2055 2026 1997 1968 1939 1910 1882 1853 1825 1797 1770 1742 1715 1688
    60.0 -15.0  30.0   1.0 450.0                            LAT/LON1/LON2/DLON/H
 2673 2657 2640 2622 2604 2584 2564 2543 2522 2499 2476 2452 2428 2403 2378 2352
 2326 2300 2273 2245 2218 2190 2162 2133 2105 2076 2048 2019 1990 1961 1933 1904
 1875 1847 1818 1790 1762 1734 1706 1679 1651 1624 1598 1571 1545 1520
    59.0 -15.0  30.0   1.0 450.0                            LAT/LON1/LON2/DLON/H
 2498 2481 2464 2445 2426 2406 2385 2364 2342 2319 2296 2272 2247 2222 2197 2171
 2145 2118 2091 2064 2036 2009 1981 1953 1925 1897 1868 1840 1812 1784 1756 1728
 1700 1672 1644 1617 1590 1563 1536 1510 1484 1458 1432 1407 1382 1358
    58.0 -15.0  30.0   1.0 450.0                            LAT/LON1/LON2/DLON/H
 2323 2306 2288 2269 2249 2228 2207 2186 2163 2140 2117 2092 2068 2043 2017 1992
 1965 1939 1912 1885 1858 1831 1804 1776 1749 1721 1693 1666 1638 1611 1584 1557
 1530 1503 1476 1450 1424 1398 1373 1348 1323 1298 1274 1250 1227 1204
    57.0 -15.0  30.0   1.0 450.0                            LAT/LON1/LON2/DLON/H
 2149 2131 2113 2093 2073 2053 2031 2009 1987 1964 1940 1916 1891 1867 1841 1816
 1790 1764 1738 1711 1685 1658 1631 1604 1577 1551 1524 1497 1471 1444 1418 1392
 1366 1341 1315 1290 1266 1241 1217 1193 1170 1147 1124 1102 1080 1058
    56.0 -15.0  30.0   1.0 450.0                            LAT/LON1/LON2/DLON/H
 1978 1960 1941 1921 1901 1880 1858 1836 1814 1791 1767 1743 1719 1695 1670 1645
 1619 1594 1568 1542 1516 1490 1464 1439 1413 1387 1361 1336 1310 1285 1260 1235
 1211 1186 1162 1139 1116 1093 1070 1048 1026 1004  983  963  943  923
    55.0 -15.0  30.0   1.0 450.0                            LAT/LON1/LON2/DLON/H
 1809 1791 1772 1752 1732 1711 1690 1668 1645 1623 1599 1576 1552 1528 1504 1479
 1454 1430 1405 1380 1355 1330 1305 1280 1255 1231 1206 1182 1158 1134 1110 1087
 1064 1041 1019  996  975  953  933  912  892  872  853  834  816  798
    54.0 -15.0  30.0   1.0 450.0                            LAT/LON1/LON2/DLON/H
 1646 1627 1608 1588 1568 1547 1526 1504 1482 1460 1437 1414 1391 1368 1344 1320
 1297 1273 1249 1225 1201 1177 1153 1130 1106 1083 1060 1037 1014  992  969  948
  926  905  884  864  844  824  805  787  768  750  733  716  699  683
    53.0 -15.0  30.0   1.0 450.0                            LAT/LON1/LON2/DLON/H
 1487 1469 1450 1430 1410 1390 1369 1348 1326 1304 1282 1260 1238 1215 1192 1169
 1147 1124 1101 1078 1055 1033 1010  988  966  944  922  901  880  859  839  819
  799  780  761  742  724  706  689  672  656  640  624  609  595  580
    52.0 -15.0  30.0   1.0 450.0                            LAT/LON1/LON2/DLON/H
 1335 1316 1298 1278 1259 1239 1219 1198 1177 1156 1135 1114 1092 1070 1049 1027
 1005  984  962  941  919  898  877  856  836  815  795  776  756  737  719  700
  682  665  648  631  615  599  584  569  554  540  527  514  501  489
    51.0 -15.0  30.0   1.0 450.0                            LAT/LON1/LON2/DLON/H
 1189 1171 1153 1134 1115 1096 1077 1057 1037 1017  996  976  955  935  914  894
  873  853  833  813  793  773  754  735  716  697  679  661  644  626  610  593
  577  562  546  532  517  504  490  477  465  453  441  430  420  409
    50.0 -15.0  30.0   1.0 450.0                            LAT/LON1/LON2/DLON/H
 1052 1034 1017  999  980  962  943  924  905  886  867  847  828  809  790  771
  752  733  714  696  677  659  642  624  607  590  574  558  542  527  512  497
  483  470  456  444  431  420  408  397  387  377  367  358  350  341
    49.0 -15.0  30.0   1.0 450.0                            LAT/LON1/LON2/DLON/H
  923  906  889  872  854  837  819  801  783  765  747  729  711  693  676  658
  640  623  606  589  573  556  540  525  509  494  480  466  452  438  426  413
  401  389  378  367  357  347  338  329  320  312  305  298  291  285
    48.0 -15.0  30.0   1.0 450.0                            LAT/LON1/LON2/DLON/H
  802  787  770  754  738  721  705  688  671  654  638  621  605  588  572  556
  540  524  509  494  479  465  450  437  423  410  397  385  373  362  351  340
  330  320  311  302  294  286  279  272  265  259  253  248  243  239
    47.0 -15.0  30.0   1.0 450.0                            LAT/LON1/LON2/DLON/H
  692  677  662  647  631  616  600  585  570  554  539  524  509  494  479  465
