TPKL/IONOSPHERE/RIM221690.INX
     1.0            IONOSPHERE MAPS     GPS                 IONEX VERSION / TYPE
GPSEST V5.2         My agency/institute 20-JUL-22 14:44     PGM / RUN BY / DATE 
PPP_221690: Regional ionosphere model - RIM                 COMMENT             
My description text                                         DESCRIPTION         
  2022     6    18     0     0     0                        EPOCH OF FIRST MAP  
  2022     6    19     0     0     0                        EPOCH OF LAST MAP   
  7200                                                      INTERVAL            
    13                                                      # OF MAPS IN FILE   
  NONE                                                      MAPPING FUNCTION    
    10.0                                                    ELEVATION CUTOFF    
Undifferenced carrier phase and code                        OBSERVABLES USED    
     1                                                      # OF STATIONS       
    31                                                      # OF SATELLITES     
  6371.0                                                    BASE RADIUS         
     2                                                      MAP DIMENSION       
   450.0 450.0   0.0                                        HGT1 / HGT2 / DHGT  
    65.0  35.0  -1.0                                        LAT1 / LAT2 / DLAT  
   -15.0  30.0   1.0                                        LON1 / LON2 / DLON  
    -1                                                      EXPONENT            
TEC/RMS values in 0.1 TECU; 9999, if no value available     COMMENT             
List of stations:                                           COMMENT             
tpkl                                                        COMMENT             
                                                            END OF HEADER       
[from data line 508]
     5                                                      START OF TEC MAP    
  2022     6    18     8     0     0                        EPOCH OF CURRENT MAP
    65.0 -15.0  30.0   1.0 450.0                            LAT/LON1/LON2/DLON/H
 2180 2146 2112 2079 2045 2012 1979 1946 1913 1880 1848 1816 1784 1752 1721 1690
 1659 1629 1599 1569 1540 1511 1483 1455 1427 1400 1373 1346 1320 1295 1269 1245
 1220 1197 1173 1150 1127 1105 1084 1062 1041 1021 1001  981  962  943
    64.0 -15.0  30.0   1.0 450.0                            LAT/LON1/LON2/DLON/H
 2109 2075 2041 2007 1974 1940 1907 1874 1841 1809 1776 1744 1713 1681 1650 1619
 1589 1559 1529 1500 1471 1443 1415 1387 1360 1333 1307 1281 1255 1230 1205 1181
 1157 1134 1111 1089 1067 1045 1024 1004  983  964  944  925  907  889
    63.0 -15.0  30.0   1.0 450.0                            LAT/LON1/LON2/DLON/H
 2032 1998 1964 1931 1897 1864 1831 1798 1765 1733 1701 1669 1638 1607 1576 1546
 1516 1486 1457 1428 1400 1372 1345 1317 1291 1265 1239 1213 1189 1164 1140 1117
 1094 1071 1049 1027 1006  985  965  945  926  907  888  870  852  835
    62.0 -15.0  30.0   1.0 450.0                            LAT/LON1/LON2/DLON/H
 1950 1917 1883 1850 1816 1784 1751 1718 1686 1654 1623 1591 1561 1530 1500 1470
 1441 1412 1383 1355 1327 1300 1273 1247 1221 1195 1170 1145 1121 1098 1075 1052
 1030 1008  986  966  945  925  906  887  868  850  832  815  798  782
    61.0 -15.0  30.0   1.0 450.0                            LAT/LON1/LON2/DLON/H
 1864 1831 1798 1765 1732 1700 1667 1635 1604 1573 1542 1511 1481 1451 1421 1392
 1363 1335 1307 1280 1253 1226 1200 1175 1150 1125 1101 1077 1054 1031 1009  987
  966  945  924  905  885  866  848  829  812  795  778  761  746  730
    60.0 -15.0  30.0   1.0 450.0                            LAT/LON1/LON2/DLON/H
 1775 1742 1709 1677 1645 1613 1581 1550 1519 1489 1458 1428 1399 1370 1341 1313
 1285 1258 1231 1204 1178 1152 1127 1103 1079 1055 1032 1009  987  965  944  923
  902  883  863  844  826  808  790  773  757  740  725  709  694  680
    59.0 -15.0  30.0   1.0 450.0                            LAT/LON1/LON2/DLON/H
 1682 1650 1618 1587 1555 1524 1493 1463 1433 1403 1374 1345 1316 1288 1260 1233
 1206 1180 1154 1128 1103 1079 1054 1031 1008  985  963  941  920  900  879  860
  840  822  803  785  768  751  735  719  703  688  673  659  645  631
    58.0 -15.0  30.0   1.0 450.0                            LAT/LON1/LON2/DLON/H
 1588 1556 1525 1494 1464 1434 1404 1375 1345 1317 1288 1260 1233 1206 1179 1153
 1127 1102 1077 1052 1029 1005  982  960  938  916  895  875  855  835  816  798
  780  762  745  728  712  696  681  666  651  637  624  610  598  585
    57.0 -15.0  30.0   1.0 450.0                            LAT/LON1/LON2/DLON/H
 1491 1461 1431 1401 1372 1343 1314 1286 1258 1230 1203 1176 1150 1124 1098 1073
 1049 1024 1001  978  955  933  911  890  869  849  829  810  791  773  755  738
  721  705  689  673  658  643  629  616  602  589  577  564  553  541
    56.0 -15.0  30.0   1.0 450.0                            LAT/LON1/LON2/DLON/H
 1394 1365 1336 1308 1280 1252 1224 1197 1170 1144 1118 1092 1067 1043 1018  995
  971  949  926  904  883  862  842  822  803  784  765  747  730  713  696  680
  665  650  635  621  607  593  580  568  556  544  532  521  511  500
    55.0 -15.0  30.0   1.0 450.0                            LAT/LON1/LON2/DLON/H
 1298 1270 1242 1215 1188 1161 1135 1109 1084 1059 1034 1010  986  963  940  918
  896  875  854  833  813  794  775  756  738  721  704  687  671  655  640  625
  611  597  584  571  558  546  534  523  512  501  491  481  471  462
    54.0 -15.0  30.0   1.0 450.0                            LAT/LON1/LON2/DLON/H
 1202 1175 1149 1123 1097 1072 1047 1023  999  975  952  930  907  886  864  843
  823  803  784  765  746  728  711  693  677  661  645  630  615  601  587  574
  561  548  536  524  513  502  491  481  471  462  453  444  435  427
    53.0 -15.0  30.0   1.0 450.0                            LAT/LON1/LON2/DLON/H
 1107 1082 1058 1033 1009  985  962  939  917  895  873  852  831  811  791  772
  753  734  717  699  682  666  649  634  619  604  590  576  563  550  537  525
  514  502  492  481  471  461  452  443  434  426  418  410  403  395
    52.0 -15.0  30.0   1.0 450.0                            LAT/LON1/LON2/DLON/H
 1015  992  969  946  923  901  880  858  837  817  797  777  758  739  721  703
  686  669  653  637  622  607  592  578  564  551  538  526  514  502  491  481
  470  460  451  442  433  424  416  408  401  393  386  380  373  367
    51.0 -15.0  30.0   1.0 450.0                            LAT/LON1/LON2/DLON/H
  926  905  883  862  841  820  800  781  762  743  724  706  689  672  655  639
  623  608  593  579  565  551  538  526  514  502  491  480  469  459  449  440
  431  422  414  406  398  391  384  377  371  365  359  353  348  343
    50.0 -15.0  30.0   1.0 450.0                            LAT/LON1/LON2/DLON/H
  841  821  801  782  762  744  725  707  690  673  656  640  624  608  593  579
  565  551  538  525  513  501  489  478  467  457  447  438  429  420  411  403
  396  388  381  374  368  362  356  350  345  340  335  330  326  322
    49.0 -15.0  30.0   1.0 450.0                            LAT/LON1/LON2/DLON/H
  760  742  724  706  688  671  655  639  623  607  592  578  563  550  536  523
  511  499  487  476  465  455  445  435  426  417  408  400  392  385  378  371
  364  358  352  347  342  336  332  327  323  319  315  311  308  304
    48.0 -15.0  30.0   1.0 450.0                            LAT/LON1/LON2/DLON/H
  684  668  651  635  619  604  589  575  561  547  533  521  508  496  484  473
  462  451  441  432  422  413  405  396  389  381  374  367  361  354  349  343
  338  333  328  323  319  315  311  308  305  301  298  296  293  290
    47.0 -15.0  30.0   1.0 450.0                            LAT/LON1/LON2/DLON/H
  614  599  584  570  556  542  529  516  504  492  480  469  458  447  437  427
  418  409  400  392  384  377  370  363  356  350  344  339  333  329  324  319
  315  311  308  304  301  298  295  292  290  288  286  284  282  280
    46.0 -15.0  30.0   1.0 450.0                            LAT/LON1/LON2/DLON/H
  549  535  523  510  498  486  474  463  453  442  432  422  413  404  396  387
  380  372  365  358  352  345  340  334  329  324  319  315  311  307  303  300
  297  294  291  289  287  285  283  281  279  278  276  275  274  273
    45.0 -15.0  30.0   1.0 450.0                            LAT/LON1/LON2/DLON/H
  490  478  467  456  446  436  426  416  407  398  390  382  374  367  359  353
  346  340  334  329  324  319  314  310  306  302  299  296  293  290  287  285
  283  281  279  278  276  275  274  273  272  271  270  270  269  269
    44.0 -15.0  30.0   1.0 450.0                            LAT/LON1/LON2/DLON/H
  437  427  418  409  400  391  383  375  368  360  353  347  340  334  329  323
  318  314  309  305  301  297  294  291  288  285  283  281  279  277  275  274
  273  272  271  270  269  269  268  268  267  267  267  267  267  267
    43.0 -15.0  30.0   1.0 450.0                            LAT/LON1/LON2/DLON/H
  391  383  375  367  360  353  346  340  334  328  323  317  313  308  304  299
  296  292  289  286  283  281  278  276  274  273  271  270  269  268  267  267
  266  266  266  266  266  266  266  266  266  267  267  267  268  268
    42.0 -15.0  30.0   1.0 450.0                            LAT/LON1/LON2/DLON/H
  351  345  338  332  327  321  316  311  306  302  298  294  290  287  283  281
  278  276  273  272  270  268  267  266  265  264  264  263  263  263  263  263
  263  263  264  264  265  265  266  267  268  268  269  270  271  272
    41.0 -15.0  30.0   1.0 450.0                            LAT/LON1/LON2/DLON/H
  318  313  308  304  299  295  291  287  284  281  278  275  273  270  268  267
  265  264  263  262  261  260  260  260  259  259  260  260  260  261  261  262
  263  264  265  266  267  268  269  270  271  272  273  275  276  277
    40.0 -15.0  30.0   1.0 450.0                            LAT/LON1/LON2/DLON/H
  291  287  284  281  277  275  272  269  267  265  263  262  260  259  258  257
  257  256  256  256  256  256  256  257  257  258  259  260  261  262  263  264
  265  267  268  269  271  272  274  275  276  278  279  281  282  283
    39.0 -15.0  30.0   1.0 450.0                            LAT/LON1/LON2/DLON/H
  270  268  265  263  261  260  258  257  255  254  254  253  252  252  252  252
  252  252  253  254  254  255  256  257  258  260  261  262  264  265  267  268
  270  272  273  275  277  278  280  282  283  285  286  288  289  291
    38.0 -15.0  30.0   1.0 450.0                            LAT/LON1/LON2/DLON/H
  255  254  252  251  250  250  249  249  248  248  248  248  249  249  250  250
  251  252  253  255  256  257  259  260  262  263  265  267  269  271  272  274
  276  278  280  282  284  286  288  289  291  293  294  296  298  299
    37.0 -15.0  30.0   1.0 450.0                            LAT/LON1/LON2/DLON/H
  245  245  244  244  244  244  244  245  245  246  247  247  248  250  251  252
  253  255  256  258  260  262  263  265  267  269  271  273  275  278  280  282
  284  286  288  290  292  294  296  298  299  301  303  304  306  307
    36.0 -15.0  30.0   1.0 450.0                            LAT/LON1/LON2/DLON/H
  240  240  241  241  242  243  244  245  246  247  248  250  251  253  254  256
  258  260  262  264  266  268  270  272  274  277  279  281  283  285  288  290
  292  294  296  298  300  302  304  306  308  309  311  313  314  316
    35.0 -15.0  30.0   1.0 450.0                            LAT/LON1/LON2/DLON/H
  238  239  241  242  243  245  246  248  249  251  253  255  256  258  260  262
  264  267  269  271  273  275  278  280  282  285  287  289  291  294  296  298
  300  302  305  307  309  310  312  314  316  317  319  321  322  323
     5                                                      END OF TEC MAP      
     6                                                      START OF TEC MAP    
  2022     6    18    10     0     0                        EPOCH OF CURRENT MAP
    65.0 -15.0  30.0   1.0 450.0                            LAT/LON1/LON2/DLON/H
 1730 1698 1667 1635 1604 1574 1543 1513 1484 1454 1426 1397 1369 1341 1314 1287
 1261 1235 1210 1184 1160 1136 1112 1089 1066 1043 1022 1000  979  958  938  919
  899  880  862  844  827  809  793  777  761  745  730  715  701  687
    64.0 -15.0  30.0   1.0 450.0                            LAT/LON1/LON2/DLON/H
 1672 1640 1608 1577 1547 1516 1486 1456 1427 1398 1370 1342 1314 1287 1260 1234
 1208 1182 1157 1133 1108 1085 1062 1039 1017  995  973  952  932  912  892  873
  855  836  818  801  784  768  752  736  721  706  691  677  663  650
    63.0 -15.0  30.0   1.0 450.0                            LAT/LON1/LON2/DLON/H
 1610 1578 1547 1517 1486 1456 1427 1397 1368 1340 1312 1284 1257 1231 1204 1179
 1153 1128 1104 1080 1056 1033 1011  989  967  946  925  905  885  866  847  828
  810  793  776  759  742  727  711  696  681  667  653  640  627  614
    62.0 -15.0  30.0   1.0 450.0                            LAT/LON1/LON2/DLON/H
 1545 1514 1483 1453 1423 1394 1365 1336 1308 1280 1253 1226 1200 1173 1148 1123
 1098 1074 1050 1027 1004  982  960  938  918  897  877  858  838  820  802  784
  767  750  733  717  702  687  672  657  643  630  617  604  592  579
    61.0 -15.0  30.0   1.0 450.0                            LAT/LON1/LON2/DLON/H
 1478 1447 1418 1388 1359 1330 1302 1274 1246 1219 1193 1166 1141 1115 1091 1066
 1042 1019  996  974  952  930  909  888  868  849  829  811  792  775  757  740
  724  708  692  677  662  647  633  620  607  594  581  569  558  546
    60.0 -15.0  30.0   1.0 450.0                            LAT/LON1/LON2/DLON/H
 1409 1379 1350 1321 1293 1265 1237 1210 1184 1157 1132 1106 1081 1057 1033 1010
  987  964  942  920  899  879  858  839  820  801  782  764  747  730  714  697
  682  667  652  637  623  610  596  584  571  559  547  536  525  514
    59.0 -15.0  30.0   1.0 450.0                            LAT/LON1/LON2/DLON/H
 1338 1309 1281 1253 1226 1199 1172 1146 1120 1095 1070 1046 1022  998  975  953
  931  909  888  868  847  828  808  790  771  754  736  719  703  687  671  656
  641  627  613  599  586  573  561  549  537  526  515  504  494  484
    58.0 -15.0  30.0   1.0 450.0                            LAT/LON1/LON2/DLON/H
 1266 1238 1211 1184 1158 1132 1106 1081 1056 1032 1008  985  962  940  918  897
  876  855  835  815  796  778  759  742  724  707  691  675  659  644  630  615
  601  588  575  562  550  538  526  515  504  494  484  474  464  455
    57.0 -15.0  30.0   1.0 450.0                            LAT/LON1/LON2/DLON/H
 1193 1167 1141 1115 1090 1065 1040 1016  993  970  947  925  903  882  861  841
  821  802  783  764  746  728  711  695  678  663  647  632  618  603  590  576
  563  551  539  527  515  504  494  483  473  464  454  445  436  428
    56.0 -15.0  30.0   1.0 450.0                            LAT/LON1/LON2/DLON/H
 1120 1095 1070 1046 1022  998  975  952  930  908  887  866  845  825  805  786
  768  749  731  714  697  681  665  649  634  619  605  591  577  564  551  539
  527  515  504  493  483  473  463  453  444  435  427  418  410  403
    55.0 -15.0  30.0   1.0 450.0                            LAT/LON1/LON2/DLON/H
 1048 1024 1000  977  955  932  910  889  868  847  827  807  788  769  751  733
  716  698  682  666  650  635  620  605  591  577  564  551  539  527  515  504
  493  482  472  462  452  443  434  425  417  409  401  393  386  379
    54.0 -15.0  30.0   1.0 450.0                            LAT/LON1/LON2/DLON/H
  977  954  932  910  889  868  847  827  807  788  769  751  733  715  698  681
  665  649  634  619  604  590  577  563  550  538  525  514  502  491  480  470
  460  450  441  432  423  415  407  399  391  384  377  370  364  357
    53.0 -15.0  30.0   1.0 450.0                            LAT/LON1/LON2/DLON/H
  906  885  864  844  824  805  785  767  748  730  713  696  679  663  647  632
  617  602  588  574  561  548  536  523  512  500  489  478  468  458  448  439
  430  421  412  404  396  389  381  374  368  361  355  349  343  338
    52.0 -15.0  30.0   1.0 450.0                            LAT/LON1/LON2/DLON/H
  838  818  799  780  762  744  726  709  692  675  659  643  628  613  599  585
  571  558  545  532  520  508  497  486  475  465  455  445  436  427  418  410
  401  394  386  379  372  365  359  352  346  341  335  330  325  320
    51.0 -15.0  30.0   1.0 450.0                            LAT/LON1/LON2/DLON/H
  772  754  736  719  702  685  669  653  637  622  608  593  580  566  553  540
  528  516  504  493  482  471  461  451  441  432  423  415  406  398  390  383
  376  369  362  356  350  344  338  333  327  322  318  313  309  304
    50.0 -15.0  30.0   1.0 450.0                            LAT/LON1/LON2/DLON/H
  709  692  676  660  645  629  615  600  586  573  559  546  534  522  510  498
  487  477  466  456  446  437  428  419  410  402  394  387  379  372  365  359
  353  347  341  335  330  325  320  315  311  306  302  298  294  291
    49.0 -15.0  30.0   1.0 450.0                            LAT/LON1/LON2/DLON/H
  649  634  619  605  591  577  564  551  538  526  514  503  491  480  470  460
  450  440  431  422  414  405  397  390  382  375  368  362  355  349  343  338
  332  327  322  317  313  308  304  300  296  292  289  286  283  280
    48.0 -15.0  30.0   1.0 450.0                            LAT/LON1/LON2/DLON/H
  592  579  566  553  540  528  516  505  494  483  472  462  452  443  433  425
  416  408  400  392  384  377  370  364  357  351  345  339  334  329  324  319
  314  310  306  302  298  294  291  287  284  281  278  275  273  270
    47.0 -15.0  30.0   1.0 450.0                            LAT/LON1/LON2/DLON/H
  540  528  516  505  494  483  473  462  453  443  434  425  417  408  400  393
