TPKL/IONOSPHERE/RIM221680.INX
     1.0            IONOSPHERE MAPS     GPS                 IONEX VERSION / TYPE
GPSEST V5.2         My agency/institute 20-JUL-22 14:32     PGM / RUN BY / DATE 
PPP_221680: Regional ionosphere model - RIM                 COMMENT             
My description text                                         DESCRIPTION         
  2022     6    17     0     0     0                        EPOCH OF FIRST MAP  
  2022     6    18     0     0     0                        EPOCH OF LAST MAP   
  7200                                                      INTERVAL            
    13                                                      # OF MAPS IN FILE   
  NONE                                                      MAPPING FUNCTION    
    10.0                                                    ELEVATION CUTOFF    
Undifferenced carrier phase and code                        OBSERVABLES USED    
     1                                                      # OF STATIONS       
    31                                                      # OF SATELLITES     
  6371.0                                                    BASE RADIUS         
     2                                                      MAP DIMENSION       
   450.0 450.0   0.0                                        HGT1 / HGT2 / DHGT  
    65.0  35.0  -1.0                                        LAT1 / LAT2 / DLAT  
   -15.0  30.0   1.0                                        LON1 / LON2 / DLON  
    -1                                                      EXPONENT            
TEC/RMS values in 0.1 TECU; 9999, if no value available     COMMENT             
List of stations:                                           COMMENT             
tpkl                                                        COMMENT             
                                                            END OF HEADER       
[from data line 1270]
    11                                                      START OF TEC MAP    
  2022     6    17    20     0     0                        EPOCH OF CURRENT MAP
    65.0 -15.0  30.0   1.0 450.0                            LAT/LON1/LON2/DLON/H
  571  579  586  594  601  608  615  622  629  636  642  649  655  661  667  673
  678  684  689  694  699  703  708  712  716  720  723  726  730  732  735  738
  740  742  744  745  747  748  749  750  751  751  751  752  751  751
    64.0 -15.0  30.0   1.0 450.0                            LAT/LON1/LON2/DLON/H
  554  561  568  575  582  588  595  601  608  614  620  626  632  637  642  648
  653  657  662  666  671  675  678  682  685  688  691  694  696  699  701  703
  704  706  707  708  709  709  710  710  710  710  709  709  708  707
    63.0 -15.0  30.0   1.0 450.0                            LAT/LON1/LON2/DLON/H
  537  544  550  557  563  569  575  581  587  593  598  603  609  614  618  623
  627  631  635  639  643  646  649  652  655  657  659  662  663  665  666  668
  669  669  670  670  670  670  670  670  669  668  667  666  665  664
    62.0 -15.0  30.0   1.0 450.0                            LAT/LON1/LON2/DLON/H
  521  527  533  539  545  551  556  562  567  572  577  581  586  590  594  598
  602  606  609  612  615  618  620  622  624  626  628  629  630  631  632  633
  633  633  633  633  632  632  631  630  629  627  626  624  622  620
    61.0 -15.0  30.0   1.0 450.0                            LAT/LON1/LON2/DLON/H
  506  512  517  523  528  533  538  543  547  552  556  560  564  567  571  574
  577  580  583  585  587  589  591  593  594  595  596  597  597  598  598  598
  597  597  596  595  594  593  592  590  588  586  584  582  580  577
    60.0 -15.0  30.0   1.0 450.0                            LAT/LON1/LON2/DLON/H
  492  497  502  507  511  516  520  524  528  532  535  538  542  545  547  550
  552  555  556  558  560  561  562  563  564  564  565  565  565  564  564  563
  562  561  560  558  557  555  553  551  549  546  544  541  538  535
    59.0 -15.0  30.0   1.0 450.0                            LAT/LON1/LON2/DLON/H
  478  483  487  491  495  499  502  505  509  512  515  517  520  522  524  526
  528  529  531  532  532  533  534  534  534  534  533  533  532  531  530  529
  527  526  524  522  520  518  515  513  510  507  504  501  498  494
    58.0 -15.0  30.0   1.0 450.0                            LAT/LON1/LON2/DLON/H
  465  469  472  475  479  482  485  487  490  492  494  496  498  500  501  502
  503  504  505  505  505  505  505  505  504  504  503  502  500  499  497  495
  493  491  489  487  484  481  478  475  472  469  466  462  459  455
    57.0 -15.0  30.0   1.0 450.0                            LAT/LON1/LON2/DLON/H
  451  454  457  460  462  465  467  469  471  473  474  475  477  477  478  479
  479  479  479  479  479  478  477  476  475  474  473  471  469  467  465  463
  460  458  455  452  449  446  443  439  436  432  429  425  421  417
    56.0 -15.0  30.0   1.0 450.0                            LAT/LON1/LON2/DLON/H
  438  440  443  445  446  448  450  451  452  453  454  455  455  455  456  456
  455  455  454  453  452  451  450  449  447  445  443  441  439  436  434  431
  428  425  422  419  416  412  409  405  401  397  393  389  385  381
    55.0 -15.0  30.0   1.0 450.0                            LAT/LON1/LON2/DLON/H
  425  426  428  429  430  431  432  433  434  434  434  434  434  434  433  433
  432  431  430  428  427  425  423  421  419  417  415  412  409  406  404  400
  397  394  391  387  383  380  376  372  368  364  360  356  352  348
    54.0 -15.0  30.0   1.0 450.0                            LAT/LON1/LON2/DLON/H
  411  412  413  414  414  415  415  415  415  415  414  414  413  412  411  410
  409  407  405  404  402  400  397  395  392  390  387  384  381  378  375  371
  368  364  361  357  353  349  345  341  337  333  329  325  321  316
    53.0 -15.0  30.0   1.0 450.0                            LAT/LON1/LON2/DLON/H
  398  398  398  398  398  398  398  397  397  396  395  394  393  391  390  388
  386  384  382  380  377  375  372  370  367  364  361  357  354  351  347  344
  340  336  333  329  325  321  317  313  309  305  300  296  292  288
    52.0 -15.0  30.0   1.0 450.0                            LAT/LON1/LON2/DLON/H
  384  384  383  383  382  381  381  380  378  377  376  374  372  371  369  367
  364  362  360  357  354  351  348  345  342  339  336  332  329  325  322  318
  314  310  306  303  299  295  291  287  282  278  274  270  266  262
    51.0 -15.0  30.0   1.0 450.0                            LAT/LON1/LON2/DLON/H
  370  369  368  367  366  365  364  362  361  359  357  355  353  351  348  346
  343  341  338  335  332  329  326  323  319  316  312  309  305  302  298  294
  290  286  283  279  275  271  267  263  259  255  251  247  243  239
    50.0 -15.0  30.0   1.0 450.0                            LAT/LON1/LON2/DLON/H
  356  355  354  352  351  349  347  345  343  341  339  337  334  332  329  326
  323  320  317  314  311  308  305  301  298  294  291  287  284  280  276  272
  269  265  261  257  253  249  246  242  238  234  230  227  223  219
    49.0 -15.0  30.0   1.0 450.0                            LAT/LON1/LON2/DLON/H
  342  341  339  337  335  333  331  329  326  324  321  319  316  313  310  308
  305  301  298  295  292  288  285  282  278  275  271  267  264  260  257  253
  249  245  242  238  234  231  227  224  220  216  213  209  206  202
    48.0 -15.0  30.0   1.0 450.0                            LAT/LON1/LON2/DLON/H
  328  326  324  322  320  318  315  313  310  308  305  302  299  296  293  290
  287  284  281  277  274  271  267  264  260  257  253  250  246  243  239  236
  232  229  225  222  218  215  211  208  205  201  198  195  192  189
    47.0 -15.0  30.0   1.0 450.0                            LAT/LON1/LON2/DLON/H
  315  313  310  308  305  303  300  298  295  292  289  286  283  280  277  274
  271  268  264  261  258  255  251  248  244  241  238  234  231  228  224  221
  218  214  211  208  205  202  198  195  192  189  186  184  181  178
    46.0 -15.0  30.0   1.0 450.0                            LAT/LON1/LON2/DLON/H
  302  299  297  294  291  289  286  283  280  278  275  272  269  266  262  259
  256  253  250  247  244  240  237  234  231  228  224  221  218  215  212  209
  206  203  200  197  194  191  188  186  183  180  178  175  173  170
    45.0 -15.0  30.0   1.0 450.0                            LAT/LON1/LON2/DLON/H
  289  286  284  281  278  276  273  270  267  264  261  258  255  252  249  246
  243  240  237  234  231  228  225  222  219  216  213  210  208  205  202  199
  196  194  191  188  186  183  181  178  176  174  172  169  167  165
    44.0 -15.0  30.0   1.0 450.0                            LAT/LON1/LON2/DLON/H
  277  274  272  269  266  264  261  258  255  252  249  247  244  241  238  235
  232  229  227  224  221  218  215  213  210  207  205  202  199  197  194  192
  189  187  185  182  180  178  176  174  172  170  168  166  165  163
    43.0 -15.0  30.0   1.0 450.0                            LAT/LON1/LON2/DLON/H
  266  263  261  258  255  253  250  247  244  242  239  236  234  231  228  226
  223  220  218  215  213  210  208  205  203  200  198  196  194  191  189  187
  185  183  181  179  177  175  174  172  170  169  167  166  164  163
    42.0 -15.0  30.0   1.0 450.0                            LAT/LON1/LON2/DLON/H
  256  253  251  248  246  243  240  238  235  233  230  228  225  223  220  218
  216  213  211  209  207  204  202  200  198  196  194  192  190  188  186  184
  183  181  179  178  176  175  173  172  171  169  168  167  166  165
    41.0 -15.0  30.0   1.0 450.0                            LAT/LON1/LON2/DLON/H
  247  244  242  240  237  235  232  230  228  225  223  221  219  217  214  212
  210  208  206  204  202  201  199  197  195  193  192  190  189  187  185  184
  183  181  180  179  177  176  175  174  173  172  171  170  169  168
    40.0 -15.0  30.0   1.0 450.0                            LAT/LON1/LON2/DLON/H
  239  237  235  232  230  228  226  224  222  220  218  216  214  212  210  209
  207  205  204  202  200  199  197  196  194  193  192  190  189  188  187  185
  184  183  182  181  180  179  178  177  177  176  175  174  174  173
    39.0 -15.0  30.0   1.0 450.0                            LAT/LON1/LON2/DLON/H
  233  231  229  227  225  223  221  219  218  216  214  213  211  210  208  207
  205  204  203  201  200  199  198  197  195  194  193  192  191  190  189  189
  188  187  186  185  184  184  183  182  182  181  180  180  179  179
    38.0 -15.0  30.0   1.0 450.0                            LAT/LON1/LON2/DLON/H
  228  226  224  223  221  220  218  217  215  214  213  211  210  209  208  207
  206  205  204  203  202  201  200  199  198  197  197  196  195  194  194  193
  192  192  191  190  190  189  189  188  187  187  186  186  185  185
    37.0 -15.0  30.0   1.0 450.0                            LAT/LON1/LON2/DLON/H
  224  223  222  220  219  218  217  216  215  214  213  212  211  210  209  208
  208  207  206  206  205  204  204  203  202  202  201  201  200  200  199  199
  198  198  197  196  196  195  195  194  194  193  193  192  191  191
    36.0 -15.0  30.0   1.0 450.0                            LAT/LON1/LON2/DLON/H
  222  221  220  219  219  218  217  216  215  215  214  214  213  213  212  212
  211  211  210  210  209  209  209  208  208  208  207  207  206  206  205  205
  204  204  203  203  202  202  201  200  200  199  198  198  197  196
    35.0 -15.0  30.0   1.0 450.0                            LAT/LON1/LON2/DLON/H
  222  221  221  220  220  219  219  218  218  218  217  217  217  217  216  216
  216  216  215  215  215  215  215  214  214  214  214  213  213  212  212  212
  211  211  210  209  209  208  207  206  206  205  204  203  202  201
    11                                                      END OF TEC MAP      
    12                                                      START OF TEC MAP    
  2022     6    17    22     0     0                        EPOCH OF CURRENT MAP
    65.0 -15.0  30.0   1.0 450.0                            LAT/LON1/LON2/DLON/H
  876  885  894  902  910  918  926  933  940  947  954  960  965  971  976  981
  985  989  993  996  999 1002 1005 1007 1009 1010 1011 1012 1012 1013 1012 1012
 1011 1010 1009 1008 1006 1004 1001  999  996  993  990  987  983  979
    64.0 -15.0  30.0   1.0 450.0                            LAT/LON1/LON2/DLON/H
  847  855  863  871  879  886  893  900  906  912  918  923  928  933  937  941
  945  949  952  954  957  959  960  962  963  963  964  964  964  963  962  961
  960  958  956  954  951  949  946  942  939  935  931  927  923  919
    63.0 -15.0  30.0   1.0 450.0                            LAT/LON1/LON2/DLON/H
  817  825  832  840  847  853  859  865  871  876  881  886  890  894  898  901
  904  907  909  911  913  914  915  915  916  916  915  915  914  912  911  909
  907  904  902  899  896  892  889  885  881  877  872  868  863  858
    62.0 -15.0  30.0   1.0 450.0                            LAT/LON1/LON2/DLON/H
  787  795  801  808  814  820  825  831  835  840  844  848  852  855  858  860
  862  864  866  867  868  868  868  868  868  867  866  865  863  861  859  856
  853  850  847  843  840  836  831  827  822  818  813  807  802  797
    61.0 -15.0  30.0   1.0 450.0                            LAT/LON1/LON2/DLON/H
  757  764  770  775  781  786  791  795  799  803  806  810  812  815  817  819
  820  821  822  822  822  822  821  821  819  818  816  814  812  809  806  803
  799  796  792  788  783  779  774  769  764  759  753  748  742  736
    60.0 -15.0  30.0   1.0 450.0                            LAT/LON1/LON2/DLON/H
  727  733  738  743  747  752  756  759  762  765  768  770  772  774  775  776
  777  777  777  777  776  775  774  772  770  768  766  763  760  757  753  749
  745  741  737  732  727  722  717  711  706  700  694  688  682  676
    59.0 -15.0  30.0   1.0 450.0                            LAT/LON1/LON2/DLON/H
  696  701  706  710  713  717  720  723  725  727  729  731  732  733  733  734
  733  733  732  731  730  728  726  724  721  719  716  712  709  705  701  696
  692  687  682  677  672  666  661  655  649  643  636  630  624  617
    58.0 -15.0  30.0   1.0 450.0                            LAT/LON1/LON2/DLON/H
  666  669  673  676  679  682  684  686  688  689  690  691  691  692  691  691
  690  689  687  686  684  681  679  676  673  669  666  662  658  653  649  644
  639  634  628  623  617  611  605  599  593  587  580  574  567  560
    57.0 -15.0  30.0   1.0 450.0                            LAT/LON1/LON2/DLON/H
  634  637  640  643  645  647  648  649  650  651  651  651  651  650  649  648
  647  645  643  640  638  635  632  628  624  621  616  612  607  603  598  592
  587  582  576  570  564  558  552  545  539  532  526  519  512  506
    56.0 -15.0  30.0   1.0 450.0                            LAT/LON1/LON2/DLON/H
  603  605  607  609  610  611  612  613  613  613  612  611  610  609  608  606
  604  601  598  595  592  589  585  581  577  573  568  563  558  553  548  542
  537  531  525  519  513  506  500  494  487  480  474  467  460  454
    55.0 -15.0  30.0   1.0 450.0                            LAT/LON1/LON2/DLON/H
  572  573  574  575  576  576  576  576  575  575  573  572  570  569  566  564
  561  558  555  552  548  544  540  535  531  526  521  516  511  505  500  494
  488  482  476  470  464  457  451  444  438  431  425  418  411  404
    54.0 -15.0  30.0   1.0 450.0                            LAT/LON1/LON2/DLON/H
  541  541  542  542  542  541  541  540  539  537  535  533  531  529  526  523
  520  516  513  509  505  500  496  491  486  481  476  471  465  459  454  448
  442  436  430  423  417  411  404  398  391  385  378  372  365  359
    53.0 -15.0  30.0   1.0 450.0                            LAT/LON1/LON2/DLON/H
  510  510  509  509  508  507  506  504  502  500  498  495  493  490  487  483
  479  476  472  467  463  458  453  448  443  438  433  427  422  416  410  404
  398  392  386  380  374  367  361  355  348  342  336  329  323  317
    52.0 -15.0  30.0   1.0 450.0                            LAT/LON1/LON2/DLON/H
  479  478  478  476  475  473  471  469  467  464  462  459  455  452  448  445
  441  436  432  428  423  418  413  408  403  397  392  386  381  375  369  363
  357  351  345  339  333  327  321  315  309  303  297  291  285  279
    51.0 -15.0  30.0   1.0 450.0                            LAT/LON1/LON2/DLON/H
  449  448  446  445  443  441  438  436  433  430  427  423  420  416  412  408
  404  399  395  390  385  380  375  370  365  359  354  348  342  337  331  325
  320  314  308  302  296  290  284  279  273  267  262  256  250  245
    50.0 -15.0  30.0   1.0 450.0                            LAT/LON1/LON2/DLON/H
  420  418  416  414  411  409  406  403  400  397  393  389  386  381  377  373
  369  364  359  355  350  345  339  334  329  324  318  313  307  302  296  291
  285  280  274  268  263  257  252  246  241  236  231  225  220  215
    49.0 -15.0  30.0   1.0 450.0                            LAT/LON1/LON2/DLON/H
  392  389  387  384  382  379  375  372  369  365  361  357  353  349  345  340
  336  331  326  322  317  312  307  302  296  291  286  281  275  270  265  260
  254  249  244  239  233  228  223  218  213  209  204  199  194  190
    48.0 -15.0  30.0   1.0 450.0                            LAT/LON1/LON2/DLON/H
  365  362  359  356  353  350  346  343  339  335  331  327  323  319  315  310
  306  301  296  291  287  282  277  272  267  262  257  252  247  242  237  232
  227  222  217  213  208  203  199  194  190  185  181  177  173  169
    47.0 -15.0  30.0   1.0 450.0                            LAT/LON1/LON2/DLON/H
  339  336  333  330  326  323  319  316  312  308  304  300  296  291  287  282
