TPKL/IONOSPHERE/RIM221710.INX
     1.0            IONOSPHERE MAPS     GPS                 IONEX VERSION / TYPE
GPSEST V5.2         My agency/institute 20-JUL-22 15:00     PGM / RUN BY / DATE 
PPP_221710: Regional ionosphere model - RIM                 COMMENT             
My description text                                         DESCRIPTION         
  2022     6    20     0     0     0                        EPOCH OF FIRST MAP  
  2022     6    21     0     0     0                        EPOCH OF LAST MAP   
  7200                                                      INTERVAL            
    13                                                      # OF MAPS IN FILE   
  NONE                                                      MAPPING FUNCTION    
    10.0                                                    ELEVATION CUTOFF    
Undifferenced carrier phase and code                        OBSERVABLES USED    
     1                                                      # OF STATIONS       
    12                                                      # OF SATELLITES     
  6371.0                                                    BASE RADIUS         
     2                                                      MAP DIMENSION       
   450.0 450.0   0.0                                        HGT1 / HGT2 / DHGT  
    65.0  35.0  -1.0                                        LAT1 / LAT2 / DLAT  
   -15.0  30.0   1.0                                        LON1 / LON2 / DLON  
    -1                                                      EXPONENT            
TEC/RMS values in 0.1 TECU; 9999, if no value available     COMMENT             
List of stations:                                           COMMENT             
tpkl                                                        COMMENT             
                                                            END OF HEADER       
     1                                                      START OF TEC MAP    
  2022     6    20     0     0     0                        EPOCH OF CURRENT MAP
    65.0 -15.0  30.0   1.0 450.0                            LAT/LON1/LON2/DLON/H
 9999 9999 9999 9999 9999 9999 9999 9999 9999 9999 9999 9999 9999 9999 9999 9999
 9999 9999 9999 9999 9999 9999 9999 9999 9999 9999 9999 9999 9999 9999 9999 9999
 9999 9999 9999 9999 9999 9999 9999 9999 9999 9999 9999 9999 9999-9980
    64.0 -15.0  30.0   1.0 450.0                            LAT/LON1/LON2/DLON/H
 9999 9999 9999 9999 9999 9999 9999 9999 9999 9999 9999 9999 9999 9999 9999 9999
 9999 9999 9999 9999 9999 9999 9999 9999 9999 9999 9999 9999 9999 9999 9999 9999
 9999 9999 9999 9999 9999 9999 9999 9999 9999-9837-9487-9150-8826-8513
    63.0 -15.0  30.0   1.0 450.0                            LAT/LON1/LON2/DLON/H
 9999 9999 9999 9999 9999 9999 9999 9999 9999 9999 9999 9999 9999 9999 9999 9999
 9999 9999 9999 9999 9999 9999 9999 9999 9999 9999 9999 9999 9999 9999 9999 9999
 9999 9999 9999 9999 9999-9685-9320-8968-8630-8305-7993-7693-7405-7128
    62.0 -15.0  30.0   1.0 450.0                            LAT/LON1/LON2/DLON/H
 9999 9999 9999 9999 9999 9999 9999 9999 9999 9999 9999 9999 9999 9999 9999 9999
 9999 9999 9999 9999 9999 9999 9999 9999 9999 9999 9999 9999 9999 9999 9999 9999
-9907-9511-9130-8764-8413-8076-7752-7441-7144-6858-6584-6322-6071-5831
    61.0 -15.0  30.0   1.0 450.0                            LAT/LON1/LON2/DLON/H
 9999 9999 9999 9999 9999 9999 9999 9999 9999 9999 9999 9999 9999 9999 9999 9999
 9999 9999 9999 9999 9999 9999 9999 9999 9999 9999 9999 9999-9707-9296-8901-8522
-8158-7809-7475-7155-6848-6555-6274-6006-5749-5503-5269-5045-4832-4628
    60.0 -15.0  30.0   1.0 450.0                            LAT/LON1/LON2/DLON/H
 9999 9999 9999 9999 9999 9999 9999 9999 9999 9999 9999 9999 9999 9999 9999 9999
 9999 9999 9999 9999 9999 9999 9999-9881-9439-9014-8607-8217-7843-7485-7143-6815
-6501-6201-5915-5642-5381-5132-4895-4669-4454-4249-4054-3868-3692-3525
    59.0 -15.0  30.0   1.0 450.0                            LAT/LON1/LON2/DLON/H
 9999 9999 9999 9999 9999 9999 9999 9999 9999 9999 9999 9999 9999 9999 9999 9999
 9999 9999-9994-9521-9068-8634-8218-7820-7439-7075-6727-6395-6077-5774-5485-5210
-4948-4698-4460-4235-4020-3816-3623-3439-3265-3100-2944-2797-2657-2525
    58.0 -15.0  30.0   1.0 450.0                            LAT/LON1/LON2/DLON/H
 9999 9999 9999 9999 9999 9999 9999 9999 9999 9999 9999 9999 9999-9994-9493-9012
-8552-8113-7692-7291-6907-6541-6192-5860-5543-5241-4954-4681-4421-4175-3941-3719
-3508-3309-3121-2942-2774-2615-2465-2323-2190-2064-1946-1836-1732-1634
    57.0 -15.0  30.0   1.0 450.0                            LAT/LON1/LON2/DLON/H
 9999 9999 9999 9999 9999 9999 9999 9999-9823-9292-8785-8301-7839-7399-6979-6579
-6199-5836-5492-5165-4854-4559-4280-4014-3763-3526-3301-3089-2888-2699-2520-2352
-2194-2045-1905-1774-1651-1536-1428-1327-1233-1146-1065 -989 -919 -854
    56.0 -15.0  30.0   1.0 450.0                            LAT/LON1/LON2/DLON/H
 9999 9999 9999-9416-8855-8321-7812-7329-6870-6433-6019-5627-5255-4903-4570-4255
-3957-3676-3411-3161-2926-2704-2496-2300-2116-1944-1782-1631-1490-1358-1234-1120
-1013 -914 -822 -736 -658 -585 -518 -457 -401 -349 -302 -260 -222 -187
    55.0 -15.0  30.0   1.0 450.0                            LAT/LON1/LON2/DLON/H
-7558-7021-6513-6033-5580-5152-4748-4368-4011-3675-3360-3064-2787-2527-2285-2058
-1847-1650-1467-1297-1138 -992 -856 -731 -615 -508 -410 -320 -237 -162  -93  -31
   26   77  122  163  200  232  260  284  305  323  337  349  358  365
    54.0 -15.0  30.0   1.0 450.0                            LAT/LON1/LON2/DLON/H
-3907-3489-3099-2735-2397-2082-1791-1520-1271-1041 -829 -634 -456 -293 -144   -9
  113  223  323  412  492  563  625  680  728  770  805  835  859  879  895  906
  914  919  921  919  916  910  902  892  880  867  852  836  819  801
    53.0 -15.0  30.0   1.0 450.0                            LAT/LON1/LON2/DLON/H
 -345  -54  210  450  667  862 1036 1191 1328 1448 1552 1641 1717 1781 1832 1874
 1905 1928 1943 1950 1951 1946 1935 1920 1901 1878 1851 1822 1791 1757 1722 1685
 1647 1608 1568 1528 1487 1446 1405 1364 1323 1282 1242 1201 1162 1122
    52.0 -15.0  30.0   1.0 450.0                            LAT/LON1/LON2/DLON/H
 3101 3257 3389 3498 3587 3656 3708 3742 3762 3767 3760 3742 3712 3674 3627 3573
 3513 3447 3377 3302 3224 3144 3061 2977 2892 2806 2720 2634 2549 2464 2381 2298
 2217 2138 2060 1984 1910 1838 1767 1699 1632 1568 1506 1445 1386 1329
    51.0 -15.0  30.0   1.0 450.0                            LAT/LON1/LON2/DLON/H
 6402 6416 6409 6383 6338 6277 6201 6111 6010 5897 5776 5647 5511 5369 5223 5073
 4921 4766 4611 4455 4299 4145 3992 3841 3692 3546 3403 3263 3127 2995 2867 2742
 2622 2506 2394 2287 2183 2084 1988 1897 1809 1725 1645 1568 1495 1425
    50.0 -15.0  30.0   1.0 450.0                            LAT/LON1/LON2/DLON/H
 9531 9398 9246 9078 8895 8699 8492 8275 8049 7817 7580 7339 7095 6849 6603 6357
 6113 5871 5632 5396 5165 4939 4718 4502 4293 4090 3893 3703 3520 3344 3175 3013
 2858 2710 2569 2434 2306 2184 2068 1958 1854 1755 1662 1574 1490 1412
    49.0 -15.0  30.0   1.0 450.0                            LAT/LON1/LON2/DLON/H
 9999 9999 9999 9999 9999 9999 9999 9999 9861 9507 9153 8799 8447 8097 7752 7411
 7077 6749 6428 6115 5811 5516 5230 4954 4687 4431 4185 3950 3724 3509 3304 3109
 2924 2749 2583 2426 2278 2139 2008 1885 1769 1661 1560 1465 1376 1293
    48.0 -15.0  30.0   1.0 450.0                            LAT/LON1/LON2/DLON/H
 9999 9999 9999 9999 9999 9999 9999 9999 9999 9999 9999 9999 9551 9099 8656 8223
 7800 7388 6989 6602 6228 5868 5521 5189 4870 4565 4275 3998 3736 3487 3251 3029
 2819 2622 2437 2264 2102 1951 1811 1680 1558 1446 1342 1246 1157 1075
    47.0 -15.0  30.0   1.0 450.0                            LAT/LON1/LON2/DLON/H
 9999 9999 9999 9999 9999 9999 9999 9999 9999 9999 9999 9999 9999 9842 9303 8780
 8272 7781 7306 6849 6410 5989 5587 5203 4837 4489 4159 3848 3554 3277 3017 2773
 2545 2332 2135 1951 1781 1624 1480 1347 1226 1115 1013  921  838  763
    46.0 -15.0  30.0   1.0 450.0                            LAT/LON1/LON2/DLON/H
 9999 9999 9999 9999 9999 9999 9999 9999 9999 9999 9999 9999 9999 9999 9683 9073
 8484 7917 7372 6850 6351 5875 5422 4992 4585 4200 3838 3497 3178 2880 2602 2343
 2103 1882 1678 1490 1319 1163 1021  892  777  673  581  498  426  362
    45.0 -15.0  30.0   1.0 450.0                            LAT/LON1/LON2/DLON/H
 9999 9999 9999 9999 9999 9999 9999 9999 9999 9999 9999 9999 9999 9999 9786 9093
 8429 7791 7182 6600 6047 5522 5025 4556 4114 3699 3311 2949 2611 2298 2009 1743
 1498 1275 1071  887  721  572  439  322  218  128   50  -16  -72 -119
    44.0 -15.0  30.0   1.0 450.0                            LAT/LON1/LON2/DLON/H
 9999 9999 9999 9999 9999 9999 9999 9999 9999 9999 9999 9999 9999 9999 9604 8836
 8101 7399 6731 6097 5496 4929 4395 3894 3425 2988 2581 2204 1856 1536 1244  977
  735  517  322  148   -6 -141 -258 -358 -443 -513 -570 -615 -648 -672
    43.0 -15.0  30.0   1.0 450.0                            LAT/LON1/LON2/DLON/H
 9999 9999 9999 9999 9999 9999 9999 9999 9999 9999 9999 9999 9999 9999 9134 8296
 7497 6738 6018 5338 4698 4097 3534 3008 2520 2068 1651 1268  917  599  311   52
 -180 -385 -564 -721 -855 -968-1062-1138-1197-1241-1271-1288-1294-1289
    42.0 -15.0  30.0   1.0 450.0                            LAT/LON1/LON2/DLON/H
 9999 9999 9999 9999 9999 9999 9999 9999 9999 9999 9999 9999 9999 9319 8372 7470
 6615 5806 5044 4326 3655 3027 2444 1903 1404  946  527  146 -198 -507 -782-1025
-1238-1422-1578-1709-1816-1900-1964-2008-2036-2047-2043-2027-1999-1960
    41.0 -15.0  30.0   1.0 450.0                            LAT/LON1/LON2/DLON/H
 9999 9999 9999 9999 9999 9999 9999 9999 9999 9999 9999 9999 9386 8324 7316 6360
 5457 4607 3809 3064 2369 1725 1130  582   82 -373 -785-1154-1483-1774-2027-2245
-2431-2585-2710-2807-2879-2927-2953-2960-2948-2920-2877-2821-2753-2676
    40.0 -15.0  30.0   1.0 450.0                            LAT/LON1/LON2/DLON/H
 9999 9999 9999 9999 9999 9999 9999 9999 9999 9999 9999 9333 8151 7029 5967 4965
 4024 3142 2319 1555  847  196 -401 -945-1438-1880-2275-2623-2928-3190-3413-3598
-3747-3863-3948-4004-4033-4038-4019-3981-3923-3849-3761-3659-3547-3424
    39.0 -15.0  30.0   1.0 450.0                            LAT/LON1/LON2/DLON/H
 9999 9999 9999 9999 9999 9999 9999 9999 9999 9999 9157 7848 6607 5434 4329 3292
 2321 1418  580 -194 -904-1552-2141-2671-3145-3565-3933-4251-4521-4747-4929-5072
-5176-5246-5282-5288-5267-5220-5150-5059-4949-4823-4683-4530-4367-4196
    38.0 -15.0  30.0   1.0 450.0                            LAT/LON1/LON2/DLON/H
 9999 9999 9999 9999 9999 9999 9999 9999 9999 8855 7414 6048 4759 3545 2407 1344
  356 -559-1401-2172-2875-3509-4079-4585-5030-5417-5748-6025-6251-6429-6562-6653
-6704-6718-6698-6647-6567-6461-6332-6182-6013-5829-5632-5423-5204-4978
    37.0 -15.0  30.0   1.0 450.0                            LAT/LON1/LON2/DLON/H
 9999 9999 9999 9999 9999 9999 9999 9999 8427 6847 5351 3939 2611 1368  208 -869
-1863-2778-3613-4371-5054-5664-6203-6674-7080-7422-7705-7931-8104-8225-8299-8329
-8317-8267-8182-8065-7919-7747-7551-7336-7103-6855-6594-6323-6044-5760
    36.0 -15.0  30.0   1.0 450.0                            LAT/LON1/LON2/DLON/H
 9999 9999 9999 9999 9999 9999 9688 7872 6147 4514 2974 1527  174-1088-2257-3336
-4326-5228-6045-6778-7429-8002-8500-8924-9279-9567-9791-9956 9999 9999 9999 9999
 9999-9877-9718-9528-9308-9063-8795-8507-8203-7885-7557-7219-6876-6529
    35.0 -15.0  30.0   1.0 450.0                            LAT/LON1/LON2/DLON/H
 9999 9999 9999 9999 9999 9166 7189 5313 3538 1864  293-1177-2544-3811-4978-6047
-7019-7896-8681-9377-9985 9999 9999 9999 9999 9999 9999 9999 9999 9999 9999 9999
 9999 9999 9999 9999 9999 9999 9999-9682-9301-8908-8506-8098-7686-7272
     1                                                      END OF TEC MAP      
     2                                                      START OF TEC MAP    
  2022     6    20     2     0     0                        EPOCH OF CURRENT MAP
    65.0 -15.0  30.0   1.0 450.0                            LAT/LON1/LON2/DLON/H
 9999 9999 9999 9999 9999 9999 9999 9999 9999 9999 9999 9999 9999 9999 9999 9999
 9999 9999 9999 9999 9999 9999 9999 9999 9999 9999 9999 9999 9999 9999 9999 9999
 9999 9999 9999 9999 9999-9750-9411-9083-8764-8455-8155-7864-7582-7308
    64.0 -15.0  30.0   1.0 450.0                            LAT/LON1/LON2/DLON/H
 9999 9999 9999 9999 9999 9999 9999 9999 9999 9999 9999 9999 9999 9999 9999 9999
 9999 9999 9999 9999 9999 9999 9999 9999 9999 9999 9999 9999 9999 9999 9999 9999
 9999-9928-9575-9234-8902-8581-8270-7968-7676-7392-7118-6851-6593-6343
    63.0 -15.0  30.0   1.0 450.0                            LAT/LON1/LON2/DLON/H
 9999 9999 9999 9999 9999 9999 9999 9999 9999 9999 9999 9999 9999 9999 9999 9999
 9999 9999 9999 9999 9999 9999 9999 9999 9999 9999 9999 9999 9999 9999-9751-9396
-9052-8718-8396-8083-7781-7488-7204-6930-6664-6407-6158-5917-5684-5458
    62.0 -15.0  30.0   1.0 450.0                            LAT/LON1/LON2/DLON/H
 9999 9999 9999 9999 9999 9999 9999 9999 9999 9999 9999 9999 9999 9999 9999 9999
 9999 9999 9999 9999 9999 9999 9999 9999 9999 9999-9928-9558-9201-8855-8521-8197
-7885-7582-7290-7008-6734-6470-6215-5968-5729-5498-5275-5060-4851-4649
    61.0 -15.0  30.0   1.0 450.0                            LAT/LON1/LON2/DLON/H
 9999 9999 9999 9999 9999 9999 9999 9999 9999 9999 9999 9999 9999 9999 9999 9999
 9999 9999 9999 9999 9999 9999 9999-9710-9339-8981-8635-8300-7977-7666-7364-7074
-6793-6522-6260-6008-5764-5529-5301-5082-4870-4666-4468-4277-4093-3915
    60.0 -15.0  30.0   1.0 450.0                            LAT/LON1/LON2/DLON/H
 9999 9999 9999 9999 9999 9999 9999 9999 9999 9999 9999 9999 9999 9999 9999 9999
 9999 9999 9999-9839-9455-9085-8727-8381-8048-7727-7417-7118-6830-6552-6284-6026
-5778-5538-5307-5084-4870-4663-4464-4272-4086-3908-3735-3569-3409-3254
    59.0 -15.0  30.0   1.0 450.0                            LAT/LON1/LON2/DLON/H
 9999 9999 9999 9999 9999 9999 9999 9999 9999 9999 9999 9999 9999 9999 9999-9932
-9535-9153-8784-8429-8086-7755-7437-7130-6835-6551-6277-6014-5761-5517-5283-5057
-4840-4631-4431-4238-4052-3873-3701-3535-3376-3222-3074-2932-2794-2662
    58.0 -15.0  30.0   1.0 450.0                            LAT/LON1/LON2/DLON/H
 9999 9999 9999 9999 9999 9999 9999 9999 9999 9999 9999-9970-9563-9171-8792-8428
-8077-7738-7413-7099-6798-6508-6229-5961-5704-5457-5219-4991-4772-4562-4360-4167
-3981-3803-3631-3467-3309-3157-3012-2872-2737-2608-2483-2363-2248-2137
    57.0 -15.0  30.0   1.0 450.0                            LAT/LON1/LON2/DLON/H
 9999 9999 9999 9999 9999 9999 9999-9929-9515-9116-8732-8361-8004-7660-7329-7010
-6704-6410-6128-5856-5596-5346-5107-4877-4657-4447-4245-4051-3866-3689-3519-3356
-3201-3052-2909-2772-2641-2515-2395-2279-2168-2062-1959-1861-1767-1676
    56.0 -15.0  30.0   1.0 450.0                            LAT/LON1/LON2/DLON/H
 9999 9999 9999-9777-9362-8962-8575-8203-7843-7498-7165-6845-6537-6242-5958-5686
-5425-5174-4935-4705-4486-4275-4074-3882-3699-3524-3356-3196-3044-2898-2759-2626
-2499-2378-2262-2151-2046-1945-1848-1755-1667-1582-1500-1422-1347-1274
    55.0 -15.0  30.0   1.0 450.0                            LAT/LON1/LON2/DLON/H
-9061-8667-8286-7918-7564-7222-6893-6577-6272-5980-5699-5430-5171-4924-4687-4460
-4244-4036-3839-3650-3470-3298-3134-2979-2830-2689-2554-2427-2305-2189-2079-1974
-1875-1780-1690-1604-1522-1444-1369-1298-1230-1165-1102-1042 -985 -930
    54.0 -15.0  30.0   1.0 450.0                            LAT/LON1/LON2/DLON/H
-7120-6791-6474-6169-5875-5593-5322-5061-4811-4572-4342-4123-3913-3713-3522-3340
-3166-3001-2843-2694-2552-2417-2289-2168-2053-1944-1841-1743-1650-1563-1480-1401
-1327-1257-1190-1127-1067-1010 -955 -904 -854 -807 -762 -719 -678 -638
    53.0 -15.0  30.0   1.0 450.0                            LAT/LON1/LON2/DLON/H
-5300-5037-4784-4541-4308-4084-3870-3665-3469-3281-3102-2932-2769-2615-2468-2328
-2196-2071-1952-1840-1734-1634-1540-1451-1367-1288-1214-1145-1079-1018 -960 -906
 -854 -806 -761 -718 -678 -640 -604 -570 -538 -507 -477 -449 -422 -396
    52.0 -15.0  30.0   1.0 450.0                            LAT/LON1/LON2/DLON/H
-3612-3415-3227-3045-2872-2706-2548-2397-2253-2116-1985-1862-1745-1634-1529-1431
-1338-1250-1168-1091-1018 -951 -888 -829 -774 -723 -676 -631 -591 -553 -517 -485
 -454 -426 -400 -376 -353 -332 -312 -293 -276 -259 -243 -227 -213 -198
    51.0 -15.0  30.0   1.0 450.0                            LAT/LON1/LON2/DLON/H
-2071-1938-1812-1691-1576-1467-1363-1264-1170-1081 -998 -919 -845 -775 -710 -650
 -593 -541 -492 -447 -406 -368 -333 -301 -273 -247 -223 -202 -183 -166 -150 -137
 -125 -114 -104  -96  -88  -82  -76  -70  -65  -60  -55  -51  -47  -42
    50.0 -15.0  30.0   1.0 450.0                            LAT/LON1/LON2/DLON/H
 -685 -616 -551 -489 -430 -374 -322 -273 -226 -183 -144 -107  -73  -41  -13   13
   36   56   74   90  104  115  125  132  138  142  145  147  147  146  144  141
  138  134  129  124  119  114  109  103   98   93   89   84   80   77
    49.0 -15.0  30.0   1.0 450.0                            LAT/LON1/LON2/DLON/H
  534  541  549  555  560  565  568  571  573  573  573  571  569  565  560  555
  548  540  531  521  511  499  487  474  460  446  431  416  400  384  369  353
  337  321  305  289  274  259  245  231  218  206  194  183  172  163
    48.0 -15.0  30.0   1.0 450.0                            LAT/LON1/LON2/DLON/H
 1577 1527 1479 1432 1387 1344 1303 1263 1224 1186 1149 1113 1077 1043 1009  976
  943  911  879  847  816  786  755  725  695  666  637  609  581  554  527  501
  475  450  426  403  380  358  338  318  299  281  264  248  233  219
    47.0 -15.0  30.0   1.0 450.0                            LAT/LON1/LON2/DLON/H
 2437 2332 2233 2138 2047 1960 1878 1799 1723 1651 1582 1516 1453 1392 1333 1277
